0.00173599,0.0060076,0.01123431,0.02404218,-0.08565816,0.04484696,0.02054223,0.14498922,0.02885814,0.05674494,0.11055589,-0.00518548,-0.00570662,-0.02782308,-0.01085106,-0.03521306,-0.06498339,-0.04278578,-0.04440235,0.03960959,-0.05672619,-0.08577164,0.05668892,-0.05335988,00.0032946,0.00069948,0.01133741,0.02139594,-0.07208209,0.03709317,0.02640903,0.14687163,0.03137381,0.07258686,0.11495256,0.00355252,-0.01008055,-0.01466387,-0.00705011,-0.03444345,-0.05968257,-0.03494273,-0.04280659,0.04125045,-0.04994079,-0.08441045,0.05937095,-0.06133944,1000.00199657,-0.0012542,0.01115368,0.02026832,-0.07178569,0.0346765,0.02588671,0.1488193,0.03243103,0.07483124,0.11142156,0.00690363,-0.00897838,-0.02370733,-0.0094305,-0.03339523,-0.05782148,-0.03360095,-0.04290001,0.04408485,-0.04155839,-0.08325395,0.05629487,-0.05502459,2000.00171304,-0.00184634,0.01128803,0.02001836,-0.07763971,0.04257452,0.02383704,0.14703691,0.02911472,0.07151519,0.1162195,0.00746231,-0.01556957,-0.02666121,-0.01156224,-0.03466809,-0.05574433,-0.03319028,-0.04557626,0.03780029,-0.04149416,-0.08335061,0.05993363,-0.04919198,3000.00257266,-0.00221875,0.0089798,0.02372195,-0.07728438,0.0414135,0.02097144,0.14827162,0.02994472,0.06831144,0.11532015,0.00694809,-0.01487661,-0.01887839,-0.01314623,-0.03203444,-0.05674782,-0.02647234,-0.04215922,0.03768211,-0.04791196,-0.08541705,0.05904939,-0.05314628,4000.00377065,-0.00160732,0.005438,0.02571089,-0.07808199,0.0384878,0.02061648,0.14790043,0.03213022,0.06668218,0.12207644,0.00341593,-0.00838783,-0.01933525,-0.01388794,-0.03401433,-0.05405177,-0.02983367,-0.03958935,0.03217366,-0.05128638,-0.08461583,0.06040626,-0.0555497,5000.00622764,0.0020273,0.01178334,0.02584608,-0.08486854,0.04015368,0.01869777,0.148597,0.02924606,0.06351757,0.11949037,0.00239099,-0.0103601,-0.01776443,-0.01063356,-0.03509863,-0.05603098,-0.0354277,-0.04252898,0.03066087,-0.05191829,-0.08494022,0.05993348,-0.05217935,6000.00737632,0.00716558,0.01227812,0.02811454,-0.08526139,0.04124481,0.02479846,0.14652121,0.03195182,0.06098488,0.12470692,0.00012703,-0.01024683,-0.02219705,-0.01036833,-0.03332311,-0.05615828,-0.02485026,-0.03975299,0.03208182,-0.05312536,-0.0842778,0.06468817,-0.04967294,7000.00556766,0.00822112,0.01140827,0.02996572,-0.08756616,0.03934077,0.01764626,0.14719206,0.03527953,0.05772382,0.11676986,-0.00063708,-0.00548091,-0.01875736,-0.01304559,-0.03322287,-0.05047709,-0.03495901,-0.0462451,0.03338413,-0.03527387,-0.08281971,0.06099388,-0.05080591,8000.00587825,0.01183116,0.00828341,0.03126895,-0.08354744,0.04284982,0.01902373,0.14737521,0.03332967,0.05775586,0.11532699,0.00390214,-0.00880627,-0.01809494,-0.01689931,-0.03363283,-0.05362092,-0.03892429,-0.04152272,0.03700311,-0.04140642,-0.0815293,0.06368569,-0.05497813,9000.00299629,0.00422707,0.00888226,0.02495065,-0.07025659,0.04031155,0.02551874,0.14800335,0.03569393,0.07225893,0.12033385,0.01595385,0.00660152,-0.01086713,-0.01084538,-0.03436246,-0.05394257,-0.03239847,-0.03920998,0.03384444,-0.04291835,-0.08076648,0.05867874,-0.0528085,10000.00405382,0.00242777,0.01053604,0.02385805,-0.06872418,0.04103613,0.02940974,0.14743929,0.03657201,0.07793837,0.13415921,0.02134317,0.01051754,-0.01498289,-0.01039905,-0.03162696,-0.04954392,-0.03190244,-0.03706327,0.03688675,-0.04659535,-0.08017673,0.06071893,-0.04678593,11000.0041486,0.00435059,0.00802178,0.02706729,-0.07190958,0.04284122,0.0264732,0.14859676,0.03533085,0.07464554,0.12770112,0.02029847,0.00047209,-0.01117007,-0.01542154,-0.03255996,-0.05021606,-0.04924199,-0.03905592,0.036339,-0.04325198,-0.07961009,0.0593458,-0.05059391,12000.00330661,0.00667412,0.00817578,0.02741441,-0.0722557,0.04315827,0.02703222,0.1485219,0.03718126,0.07181782,0.13115372,0.01451434,-0.00279108,-0.01161896,-0.01183325,-0.0322166,-0.04411325,-0.02408312,-0.03973874,0.03412678,-0.04533233,-0.07961504,0.05862159,-0.05049714,13000.00505754,0.00770304,0.01045488,0.02818835,-0.07511478,0.03901424,0.02125183,0.15283637,0.03626711,0.0704266,0.13095954,0.01271209,0.00621023,-0.00798959,-0.01408017,-0.0321181,-0.03987871,-0.03410336,-0.03744154,0.038121,-0.04766611,-0.08001602,0.05782887,-0.04671063,14000.00474158,0.0124829,0.01212697,0.03077536,-0.08183421,0.03923221,0.02222372,0.15136768,0.03388088,0.06716219,0.12561832,0.01072977,0.00260142,-0.01298719,-0.01338002,-0.03054499,-0.04355687,-0.03285687,-0.03903844,0.0357472,-0.04214241,-0.07967723,0.0554026,-0.04879649,15000.00240975,0.00937779,0.01346647,0.03402333,-0.08319259,0.04173872,0.02024689,0.15094484,0.03685346,0.06460053,0.12378723,0.01089754,0.00452792,-0.01730175,-0.01091474,-0.0302657,-0.04344743,-0.03083966,-0.03491017,0.03775242,-0.04424496,-0.07898365,0.05767259,-0.05284426,16000.00914181,0.00998829,0.01603401,0.03510812,-0.08337417,0.04245906,0.02286248,0.15495129,0.0369659,0.06266825,0.12118691,0.01420351,0.00303585,-0.0064786,-0.00736268,-0.02993172,-0.04385883,-0.03708512,-0.03272878,0.03046072,-0.04409296,-0.07944605,0.05992107,-0.05150593,17000.0042409,0.01300115,0.01387249,0.03325444,-0.07625124,0.04703581,0.02223204,0.15239877,0.03750733,0.06332181,0.12639275,0.02044205,0.00543889,-0.00752418,-0.00958631,-0.03080302,-0.04233994,-0.03358787,-0.0386046,0.03338939,-0.04033108,-0.07812729,0.06123309,-0.0460755,18000.0029842,0.00800564,0.00975229,0.02703781,-0.06178654,0.04689586,0.03642002,0.15282637,0.04261835,0.07965738,0.13402274,0.02503165,0.00449017,-0.00190341,-0.00548933,-0.0313088,-0.03802384,-0.02507674,-0.03521068,0.03615453,-0.04066545,-0.07529472,0.05520166,-0.03898027,19000.00096018,0.00708563,0.01067604,0.02660773,-0.06263537,0.04229293,0.03708931,0.15596883,0.04253167,0.08223797,0.13893066,0.02823256,0.00893844,0.00118523,-0.00972823,-0.02849412,-0.03502045,-0.02670138,-0.03609922,0.03271246,-0.04020659,-0.07570409,0.05744655,-0.04673899,20000.00202211,0.00967548,0.00916505,0.02774245,-0.06590396,0.04037206,0.03191268,0.1585661,0.040532,0.07762065,0.13403469,0.02510728,0.01008344,-0.00219734,-0.00796849,-0.02769524,-0.03288603,-0.01850927,-0.03202408,0.03547717,-0.03722678,-0.07693145,0.06253929,-0.04888845,21000.00753555,0.01148455,0.01050288,0.03052546,-0.06677535,0.04482511,0.02734179,0.15746507,0.03719823,0.07487056,0.1326656,0.02548312,0.00058998,-0.00662541,-0.00802981,-0.02728429,-0.03388232,-0.02698617,-0.02924987,0.04336805,-0.04502981,-0.0772659,0.06277376,-0.04939763,22000.01026084,0.01264606,0.01005788,0.03292356,-0.06947083,0.04289053,0.02651713,0.15524389,0.03791856,0.07294121,0.13679849,0.01941692,0.00673192,0.00183925,-0.00655332,-0.02707926,-0.03258977,-0.0131938,-0.03259259,0.03890791,-0.04675127,-0.07643156,0.05981047,-0.0443469,23000.01021132,0.01582816,0.01220861,0.03528088,-0.0724448,0.04457633,0.02432409,0.15889645,0.03941897,0.06905254,0.13191308,0.01859723,0.00775646,-0.00003627,-0.00792228,-0.02744976,-0.03142289,-0.01540685,-0.03085656,0.0371961,-0.03895833,-0.0772649,0.05728096,-0.05048966,24000.01072619,0.01964822,0.01427528,0.0375648,-0.07474423,0.04525895,0.02647708,0.15967207,0.0384766,0.06649382,0.13478443,0.01134177,0.0066545,-0.00182221,-0.00875825,-0.02557873,-0.02789663,-0.02299189,-0.03092983,0.03932809,-0.03920914,-0.07517346,0.05801101,-0.04502482,25000.01733723,0.0218178,0.0130644,0.03770814,-0.07398815,0.04744314,0.02458379,0.16057846,0.03821833,0.06482061,0.14469652,0.01692673,0.01315383,0.00398518,-0.01150606,-0.02408785,-0.02652162,-0.0182769,-0.03362384,0.04041432,-0.03309595,-0.07436322,0.06054227,-0.04481145,26000.01598194,0.01816054,0.01602052,0.04080276,-0.07383624,0.04958623,0.02326588,0.15729752,0.04049724,0.06357735,0.13619971,0.01663,0.01093705,-0.00097711,-0.00921495,-0.02398562,-0.02142517,-0.02630365,-0.03403179,0.03379036,-0.03057495,-0.07489616,0.0602589,-0.04226241,27000.01117706,0.01489966,0.01142903,0.03456405,-0.06121511,0.04799093,0.03394478,0.15776105,0.04127342,0.07471406,0.1368857,0.02886205,0.01811781,0.00065118,-0.00360349,-0.02563316,-0.02256347,-0.01823371,-0.03172572,0.03880819,-0.0320241,-0.07364132,0.06647665,-0.04115523,28000.0095065,0.01234897,0.0134232,0.03330484,-0.05710533,0.04708431,0.03865764,0.1635299,0.04336445,0.0817854,0.13941182,0.0295078,0.01168504,0.00944315,-0.00277839,-0.02596555,-0.01706942,-0.01314153,-0.03383695,0.04384944,-0.03103908,-0.07091805,0.05347979,-0.04454832,29000.0078816,0.0195679,0.01530719,0.03565817,-0.06469695,0.04498634,0.03409936,0.16119714,0.04191771,0.07636514,0.15091035,0.03186263,0.02310405,0.0018916,-0.00780923,-0.02426702,-0.02076578,-0.01536895,-0.033462,0.03946458,-0.02971481,-0.07209803,0.05976142,-0.04274257,30000.00765326,0.0186452,0.01363005,0.03327501,-0.06353687,0.04425267,0.02879467,0.165094,0.03998071,0.07193197,0.14350051,0.02283295,0.01925131,0.00509517,-0.00443457,-0.02457287,-0.0169847,-0.01010311,-0.03062625,0.03873926,-0.03362561,-0.07422674,0.06168576,-0.04720919,31000.00885994,0.01655868,0.01604235,0.03261412,-0.06699332,0.04830524,0.02758166,0.16550589,0.04098173,0.07093481,0.14172012,0.02008021,0.02091444,0.00225786,-0.00661423,-0.02283586,-0.01818652,-0.01381866,-0.03185943,0.04087032,-0.03370683,-0.07234367,0.06441031,-0.04262922,32000.00662971,0.01711578,0.014283,0.03379605,-0.07326154,0.0516707,0.02039059,0.16694658,0.04151042,0.06867367,0.1428065,0.01745576,0.00593803,0.00759833,-0.00543022,-0.02183457,-0.01822057,-0.01604415,-0.02986522,0.03679405,-0.03301518,-0.07311038,0.06243331,-0.04114274,33000.00584241,0.01596319,0.0177892,0.03472581,-0.07203288,0.05185243,0.02783944,0.16635299,0.04098841,0.06449351,0.14654717,0.01797951,0.01880081,0.01063524,-0.00587596,-0.02199586,-0.01617285,-0.00769804,-0.02919711,0.04041556,-0.03282425,-0.07284115,0.05950714,-0.04875635,34000.00915604,0.0214171,0.01411088,0.03720345,-0.07263763,0.05073165,0.0238367,0.16778472,0.04207101,0.06254246,0.14645332,0.01594511,0.01544428,0.00660009,-0.00529381,-0.02202256,-0.01745465,-0.02032516,-0.0264452,0.03703535,-0.03226442,-0.0734195,0.05872009,-0.03695161,35000.01045818,0.02184846,0.01982924,0.03872766,-0.07083886,0.05095109,0.02250769,0.16793558,0.04192481,0.06124626,0.13754317,0.01242435,0.01632022,0.01096184,-0.00514144,-0.02080276,-0.01263094,-0.01244523,-0.02847584,0.03308488,-0.03543587,-0.07194217,0.06069415,-0.04327776,36000.00945841,0.02417692,0.01717294,0.03888039,-0.06849646,0.05645842,0.03029117,0.16638285,0.04291945,0.06512806,0.13747182,0.01908808,0.01601212,0.01222745,-0.00269135,-0.02243586,-0.01047689,-0.00737073,-0.02938526,0.0416357,-0.03930973,-0.07367096,0.07092829,-0.04543091,37000.00705962,0.02299715,0.01730629,0.03658107,-0.05392064,0.05516588,0.04066854,0.16571492,0.04622248,0.07764198,0.15109083,0.02628051,0.01422808,0.01066578,-0.00198897,-0.02339727,-0.00992254,-0.01694007,-0.03262332,0.04129422,-0.02408729,-0.07275234,0.06760386,-0.03416489,38000.00487269,0.01838863,0.01710913,0.03542655,-0.05690319,0.05642088,0.0348566,0.16661443,0.04182332,0.0761779,0.14644992,0.02420459,0.01529345,0.01375797,-0.00768718,-0.02392104,-0.01007243,-0.00922218,-0.0264613,0.03804983,-0.02968429,-0.07034981,0.05845845,-0.02765421,39000.005808,0.01773824,0.01726536,0.03407482,-0.06282107,0.05581401,0.03366831,0.1710358,0.04071048,0.07255166,0.14272396,0.02606132,0.0228401,0.0080267,0.00017205,-0.02129535,-0.0143069,-0.01543166,-0.0268337,0.03995663,-0.03084486,-0.07146313,0.06382327,-0.03513087,40000.00551988,0.01892283,0.01700792,0.03370594,-0.06338346,0.05553238,0.02725268,0.17165762,0.04313759,0.07083109,0.1469999,0.01695341,0.00866833,0.01109765,-0.00009246,-0.02127726,-0.00652661,-0.00952677,-0.02917228,0.04081504,-0.03355378,-0.0732422,0.05882594,-0.0429028,41000.00420665,0.02071968,0.01624525,0.03495383,-0.06837768,0.05593708,0.03097535,0.17261836,0.04367834,0.06816147,0.14898486,0.01969171,0.02034321,0.01260745,0.00025604,-0.02123275,-0.00368479,-0.00924599,-0.02523629,0.04354902,-0.02945711,-0.07398617,0.0644915,-0.04112898,42000.00540796,0.02226261,0.01953953,0.03686485,-0.06901079,0.05336682,0.02922518,0.17079432,0.04507412,0.0655059,0.14441745,0.0183966,0.01185455,0.00985492,-0.00144028,-0.02081442,-0.00455772,-0.0150098,-0.0242696,0.0421886,-0.02601976,-0.07451615,0.05925952,-0.03915609,43000.00441072,0.02444593,0.01756804,0.03901974,-0.07335,0.05499547,0.02626741,0.16966517,0.04273847,0.06249053,0.14232114,0.01841079,0.00865499,0.00975361,-0.00982882,-0.02106791,-0.00637654,-0.01392538,-0.02597166,0.04428815,-0.03100706,-0.07375988,0.06628808,-0.03858643,44000.0093662,0.02662052,0.0197234,0.0394046,-0.06541038,0.05623167,0.02907041,0.17070714,0.04444982,0.06095229,0.14183737,0.01860212,0.00909067,0.00346749,-0.00589746,-0.02073396,-0.01094511,-0.01631161,-0.02677621,0.04859865,-0.03065939,-0.0745154,0.07479396,-0.03527958,45000.00465022,0.02021301,0.01740184,0.03336165,-0.05742028,0.05382136,0.03563871,0.16992146,0.04521476,0.07283895,0.14575875,0.0258727,0.02215583,0.00399891,-0.00385351,-0.02249288,-0.01035797,-0.01513664,-0.02571015,0.0463797,-0.03162747,-0.07335617,0.06720775,-0.03957279,46000.00622341,0.01811104,0.01489135,0.03161804,-0.05696469,0.05340791,0.03108382,0.17165419,0.04700568,0.07728368,0.15131512,0.02367944,0.01812297,0.00902126,-0.0018338,-0.0205273,-0.00799513,-0.02118396,-0.0325019,0.04525121,-0.03537074,-0.07219204,0.0621675,-0.03286745,47000.00556929,0.01981559,0.01868078,0.03343138,-0.06332295,0.0535178,0.02968806,0.17519279,0.04288287,0.07236575,0.15018539,0.02559935,0.01059417,0.00683595,-0.00188088,-0.02074884,-0.01348572,-0.00430601,-0.02606276,0.04350226,-0.03475687,-0.07296671,0.06599308,-0.03187793,48000.0100572,0.02256988,0.01726536,0.035675,-0.06423994,0.05076766,0.03536899,0.1711061,0.04295957,0.06878604,0.14412199,0.02166912,0.0173369,0.00399157,-0.00445993,-0.02128633,-0.01456407,-0.00231925,-0.0250554,0.04091378,-0.02900641,-0.07416791,0.07030331,-0.03380253,49000.00943726,0.02269921,0.01660837,0.03552064,-0.06571444,0.05340791,0.02833278,0.17343804,0.04223905,0.06678514,0.14818773,0.01707324,0.01298709,0.00377429,-0.00567955,-0.02179359,-0.01240251,0.00173197,-0.0241369,0.0444115,-0.02927762,-0.07583174,0.06931699,-0.03863952,50000.01064864,0.02316512,0.018557,0.03770814,-0.07329769,0.05074405,0.02994013,0.17298107,0.04085028,0.06365414,0.14869222,0.01625408,0.01607995,0.00408233,-0.0038417,-0.02162741,-0.01402519,-0.01544065,-0.03259421,0.05076046,-0.03485315,-0.07512095,0.06541011,-0.03430789,51000.01232626,0.02417078,0.01844647,0.04143412,-0.07289095,0.05612161,0.02456797,0.17064549,0.04406563,0.06029132,0.14134772,0.01269227,0.00891607,0.00160495,-0.00463765,-0.02045276,-0.01780348,-0.00673625,-0.02928971,0.0510367,-0.03789823,-0.07520763,0.06458809,-0.04007699,52000.01310161,0.0231065,0.02054248,0.04098844,-0.07233304,0.0548978,0.02933648,0.17092527,0.04234485,0.05854497,0.14467262,0.01255793,0.00226982,0.00249129,-0.00405434,-0.02128574,-0.01676561,-0.00829338,-0.0252318,0.04774499,-0.03546281,-0.07672504,0.0603109,-0.03635453,53000.00811445,0.01801489,0.01845911,0.03712406,-0.05733078,0.05370213,0.02850233,0.1742788,0.04167933,0.0708868,0.15781581,0.0204703,0.00691288,0.00324896,-0.00072709,-0.02070221,-0.018614,-0.00245915,-0.03185794,0.04439877,-0.03231407,-0.07478625,0.06735332,-0.03157946,54000.00948667,0.01998536,0.01812433,0.03399333,-0.06026819,0.05252907,0.03585476,0.17666325,0.04435217,0.07659575,0.15268663,0.01871598,0.00537173,0.01040452,-0.00152683,-0.02125032,-0.01502472,-0.02053397,-0.02848121,0.04641384,-0.02875141,-0.07359896,0.06116659,-0.02972294,55000.01029664,0.01885464,0.0193204,0.03308345,-0.06255797,0.05278691,0.03180515,0.17492755,0.04272963,0.07054996,0.15394296,0.01387875,0.00966234,0.00799705,-0.00562529,-0.02054557,-0.01981319,-0.01174995,-0.02724257,0.0474657,-0.03170334,-0.07507258,0.05941134,-0.03362519,56000.01007095,0.0199324,0.01281025,0.03345245,-0.06286427,0.05021341,0.02896653,0.17498468,0.04079119,0.06788226,0.15333864,0.01638663,0.00801429,0.00248795,-0.00738071,-0.02313499,-0.01785782,-0.01534826,-0.02927899,0.05029188,-0.02889737,-0.07756568,0.06530628,-0.04089283,57000.01251664,0.01709678,0.01650716,0.03445242,-0.06626635,0.05287865,0.02556633,0.17596373,0.04350367,0.06608684,0.1501694,0.00824222,0.00466443,0.00532288,-0.0071206,-0.02276688,-0.01984215,-0.0203486,-0.02994584,0.04485225,-0.02745767,-0.07781358,0.06653075,-0.03775566,58000.01055633,0.02337958,0.01488498,0.03625536,-0.07249168,0.05231699,0.02629782,0.17611241,0.04110904,0.06175847,0.13963799,0.00529985,0.00812222,0.00209274,-0.00564214,-0.02265484,-0.01751666,-0.0121715,-0.02907929,0.05635796,-0.03377809,-0.07758158,0.06559427,-0.04348928,59000.01241087,0.02352412,0.01759139,0.03633604,-0.07468677,0.05051857,0.02376707,0.17658256,0.03882338,0.05761683,0.13783218,0.00124651,-0.00059419,-0.00171415,-0.0090267,-0.02309714,-0.02096272,-0.02096377,-0.03093657,0.05225778,-0.02573722,-0.07697105,0.07546479,-0.03713761,60000.0136664,0.02547113,0.02018991,0.03967843,-0.07597668,0.0537376,0.02601506,0.17367738,0.04048488,0.05504328,0.14160858,0.00039357,0.00747375,-0.00995462,-0.00585335,-0.02520223,-0.02719187,-0.01845365,-0.0284863,0.04463807,-0.03843751,-0.07767192,0.07035457,-0.03745357,61000.00931029,0.02201107,0.01587344,0.03696983,-0.06793167,0.05354,0.02582728,0.17277421,0.04287617,0.06329145,0.14184006,0.0034657,0.00100339,-0.01119832,-0.00136579,-0.02438007,-0.02144573,-0.00573636,-0.03130683,0.04993166,-0.035401,-0.07803761,0.06491801,-0.04110717,62000.00787995,0.01775199,0.01081547,0.03497161,-0.06243792,0.04968994,0.03258004,0.1744353,0.04194793,0.07166626,0.14744771,0.00686774,0.0012107,-0.001739,-0.00795101,-0.02520523,-0.02568896,-0.00724775,-0.03053224,0.05159865,-0.03585758,-0.07665718,0.06543471,-0.0366988,63000.00801949,0.0192988,0.01575688,0.03487173,-0.07147133,0.05173776,0.03202518,0.17678659,0.04202587,0.06651995,0.15004683,0.0032639,0.00230554,-0.01131964,-0.00621399,-0.02401361,-0.0287315,-0.01005479,-0.02801131,0.04983106,-0.02932739,-0.07896082,0.06283001,-0.03841094,64000.00797566,0.01548383,0.01671127,0.03525349,-0.07261729,0.05070589,0.03322475,0.17736498,0.03981696,0.06163019,0.14384042,0.00346465,0.00388585,-0.00918817,-0.00383938,-0.02408913,-0.03164603,-0.0096633,-0.03270353,0.0486245,-0.03205574,-0.07954729,0.06982543,-0.03526561,65000.00863077,0.02094971,0.01322404,0.03375773,-0.0740234,0.05383113,0.02360282,0.17340553,0.0390247,0.05904736,0.14758964,-0.00206604,0.00367667,-0.01132122,-0.0064118,-0.02558508,-0.02817577,-0.00499424,-0.03242338,0.05017163,-0.03434917,-0.0797916,0.06578027,-0.0352296,66000.01185282,0.01991389,0.01724327,0.03517605,-0.08086599,0.05201821,0.02452461,0.17632914,0.03718959,0.05559872,0.14226758,-0.00595414,0.00112359,-0.01052194,-0.00909849,-0.02713875,-0.0281104,-0.01216732,-0.03358182,0.04919995,-0.02971851,-0.08036537,0.06554553,-0.0315347,67000.01083648,0.02301483,0.01905282,0.03636729,-0.08926175,0.05151151,0.02009932,0.17896868,0.03831079,0.05204247,0.139945,-0.00883333,-0.01195818,-0.01247529,-0.00428903,-0.02578805,-0.03177143,-0.00848627,-0.03708007,0.05271141,-0.03121913,-0.08031122,0.07017004,-0.03761466,68000.01106318,0.02129429,0.01440235,0.03758789,-0.09192103,0.05286637,0.01815487,0.17755651,0.0381061,0.05002649,0.14676528,-0.00860188,-0.00097258,-0.01005015,-0.00699854,-0.0270731,-0.03311239,-0.0134695,-0.03581418,0.05569901,-0.03391328,-0.08066912,0.07055502,-0.03751588,69000.00901907,0.02412003,0.01864876,0.04011866,-0.08798002,0.05675611,0.01841604,0.17601152,0.03869356,0.04929584,0.13993593,-0.01237815,0.00378668,-0.01176947,-0.00724485,-0.02774931,-0.0316167,-0.02185477,-0.03717757,0.04639129,-0.04014807,-0.07983136,0.06747366,-0.03573996,70000.00542905,0.01507201,0.01478697,0.03426306,-0.07605491,0.05319574,0.02627616,0.17600752,0.03998159,0.05876081,0.14440645,-0.00842076,-0.01583033,-0.01157521,-0.00742812,-0.02673082,-0.03372643,-0.0218189,-0.03772109,0.04921985,-0.03691664,-0.07917,0.0689496,-0.03431427,71000.00611676,0.01364614,0.01238075,0.02964121,-0.07441578,0.05395321,0.02811413,0.17857289,0.0397696,0.06169438,0.15039192,-0.00190097,-0.01508889,-0.01175281,-0.00092446,-0.02833062,-0.03072358,-0.01697967,-0.03806588,0.04658614,-0.04277357,-0.07744821,0.06379654,-0.03040667,72000.00599979,0.01805622,0.01196463,0.03242173,-0.08639675,0.05361002,0.02398861,0.17851476,0.03808602,0.05671056,0.13676795,-0.0112339,-0.01070327,-0.01129785,-0.00278851,-0.02908679,-0.03635609,-0.02437783,-0.03588192,0.05486581,-0.03382448,-0.08041707,0.060799,-0.03603587,73000.00442983,0.01564734,0.01848089,0.03252889,-0.08894572,0.05508847,0.02564098,0.1789791,0.03769087,0.0536486,0.15215731,-0.01568197,-0.00848675,-0.01917836,-0.00448479,-0.02786657,-0.04016937,-0.02531789,-0.03300637,0.04837939,-0.03612075,-0.0799514,0.060799,-0.04713905,74000.00615526,0.01307859,0.01567206,0.03234415,-0.09012023,0.0531856,0.02075457,0.17904831,0.03571206,0.05127,0.14457221,-0.0163116,-0.00858642,-0.02188164,-0.00432774,-0.02685112,-0.03949921,-0.02068086,-0.03818335,0.04986798,-0.03067469,-0.08017047,0.06297118,-0.04140728,75000.00403626,0.01861924,0.01393797,0.0348007,-0.09223504,0.05634259,0.01993885,0.17837319,0.03536364,0.04907363,0.14902154,-0.01887972,-0.01860777,-0.01833481,-0.00836993,-0.0300176,-0.03963687,-0.02215918,-0.03791471,0.04722105,-0.04050647,-0.07981006,0.06767787,-0.03486403,76000.00338209,0.01696088,0.01372423,0.03332881,-0.0931491,0.05583491,0.01766656,0.17946501,0.03570076,0.046357,0.13725752,-0.01812419,-0.00617327,-0.01771694,-0.01028413,-0.02890457,-0.03477551,-0.0284827,-0.04060503,0.05150805,-0.03944052,-0.07892092,0.06570552,-0.03764958,77000.00531231,0.01806089,0.01669461,0.03382882,-0.09525821,0.0542811,0.01638006,0.17931616,0.03800514,0.04448517,0.14206707,-0.02379023,-0.02435596,-0.01790256,-0.01154332,-0.03049983,-0.0384473,-0.02652157,-0.04212137,0.0478265,-0.05002873,-0.07983645,0.06790847,-0.03057882,78000.00600576,0.01582472,0.01151626,0.03119755,-0.08617257,0.04946173,0.01514342,0.17901683,0.0381721,0.04874045,0.14893302,-0.02051519,-0.01622853,-0.01830245,-0.00485085,-0.03083708,-0.04710519,-0.01653371,-0.03964677,0.05136586,-0.04394739,-0.07988993,0.06778359,-0.03717179,79000.00451977,0.01445722,0.00905092,0.02914649,-0.08046982,0.04890226,0.02588798,0.17825815,0.03771241,0.05822493,0.14570929,-0.01260055,-0.02068735,-0.01310831,-0.00595429,-0.02964725,-0.04115856,-0.0265009,-0.04102206,0.04929531,-0.03789592,-0.07932463,0.06823341,-0.04478998,80000.0020514,0.01681167,0.01115368,0.0299248,-0.08687608,0.04757415,0.02198801,0.17937243,0.03649921,0.05405486,0.1487079,-0.01813526,-0.01322281,-0.02053443,-0.00762547,-0.03073617,-0.04193513,-0.01614563,-0.039705,0.05285053,-0.04202126,-0.07857989,0.05982975,-0.04080787,81000.00383056,0.01453838,0.01217785,0.03024586,-0.09072386,0.04898784,0.01971515,0.17872307,0.03569781,0.05048764,0.14662309,-0.0240315,-0.01032664,-0.0247663,-0.01317351,-0.03287934,-0.04161068,-0.0135521,-0.0317049,0.04697299,-0.03497734,-0.07958705,0.06676762,-0.0392226,82000.00349663,0.01242944,0.01223173,0.03090691,-0.09426545,0.05321236,0.01696047,0.18019816,0.03350738,0.0494985,0.14445262,-0.01976483,-0.02865346,-0.01898496,-0.01127497,-0.03140616,-0.04449393,-0.02504427,-0.03802098,0.04887505,-0.04184495,-0.0803123,0.06262426,-0.04593788,83000.0033914,0.00962185,0.01222931,0.03201526,-0.09865672,0.04949709,0.01315299,0.17844495,0.0341784,0.04579869,0.14243016,-0.02277886,-0.0218294,-0.02176576,-0.00985168,-0.03112528,-0.04605123,-0.03741671,-0.04019954,0.04283474,-0.0336445,-0.08017181,0.06186806,-0.03867505,84000.00713175,0.01421115,0.01196711,0.03307182,-0.10145297,0.05045193,0.00975711,0.18278834,0.03482787,0.04441259,0.14653122,-0.02489083,-0.02232699,-0.019762,-0.01708748,-0.02980709,-0.04890456,-0.02568836,-0.03687184,0.04647597,-0.03771064,-0.07928055,0.06376569,-0.04309281,85000.00864804,0.0141791,0.0126213,0.03420464,-0.10337867,0.04733564,0.01205422,0.18205628,0.03362776,0.04208428,0.14092223,-0.02656114,-0.02609708,-0.0204339,-0.0155323,-0.03356365,-0.04765448,-0.0291315,-0.03569695,0.05263292,-0.04323572,-0.07752304,0.06084846,-0.03858088,86000.00489617,0.01541925,0.01014998,0.03319182,-0.09660253,0.04805103,0.01314391,0.17922336,0.03612849,0.04453721,0.14231689,-0.02280044,-0.0244691,-0.01932964,-0.01436065,-0.03156151,-0.04702439,-0.02907418,-0.03418295,0.045741,-0.04798273,-0.07730079,0.06449816,-0.03869727,87000.00288353,0.00767643,0.01096269,0.02813784,-0.08876795,0.04963482,0.02308967,0.17862783,0.0375285,0.05682294,0.15621568,-0.01148241,-0.02704188,-0.0200493,-0.00973905,-0.0329125,-0.04643676,-0.02145877,-0.04079253,0.04755981,-0.04582639,-0.07738974,0.06571919,-0.04263159,88000.00354697,0.01036788,0.00808524,0.02775013,-0.0894331,0.04758527,0.01725118,0.18164568,0.03623467,0.05617616,0.14511633,-0.01389973,-0.02422967,-0.01670128,-0.00838109,-0.03311671,-0.04734791,-0.02622236,-0.03796811,0.0456648,-0.03209015,-0.07678729,0.06282963,-0.0387249,89000.00325874,0.0126415,0.01042089,0.02733231,-0.09478828,0.04540581,0.0153629,0.17992544,0.03610912,0.05167894,0.1449721,-0.02001136,-0.02241636,-0.0211343,-0.01711911,-0.03347937,-0.04876654,-0.04261343,-0.03774634,0.05419946,-0.04322645,-0.07737494,0.06627222,-0.04618675,90000.00622068,0.01128934,0.00989832,0.02725456,-0.09544845,0.04698823,0.01604148,0.18014646,0.0341067,0.04905241,0.14641261,-0.02013644,-0.03431612,-0.02165813,-0.0163575,-0.03020416,-0.0460289,-0.02823643,-0.04175369,0.05040714,-0.04037379,-0.07767476,0.06472242,-0.03798871,91000.00412356,0.00977829,0.00740567,0.02904268,-0.09777191,0.04782433,0.01246644,0.18306929,0.03351346,0.04650059,0.14818245,-0.02534855,-0.03170581,-0.0228328,-0.01882267,-0.03138018,-0.04609498,-0.02475714,-0.03804264,0.05628115,-0.03460098,-0.07833663,0.06110978,-0.03820507,92000.00386271,0.01259205,0.01263084,0.02905183,-0.10401256,0.04632136,0.01309898,0.18092947,0.03178354,0.04255943,0.14261016,-0.02644503,-0.02845621,-0.0226544,-0.01934194,-0.03291786,-0.04205366,-0.02828867,-0.04035237,0.04868403,-0.03492698,-0.07777315,0.05999257,-0.03945556,93000.00548305,0.01742534,0.01352127,0.03081853,-0.10153676,0.04190736,0.01383083,0.17956693,0.03317989,0.04056437,0.14483261,-0.02950484,-0.03814777,-0.01779271,-0.01868219,-0.03600261,-0.04411287,-0.03373594,-0.04036446,0.05496657,-0.03529187,-0.07753713,0.06174961,-0.03548173,94000.00678243,0.01506885,0.01249151,0.03161946,-0.10256586,0.04374648,0.00931972,0.1814103,0.03154096,0.0401581,0.15083136,-0.02927719,-0.0245929,-0.02465723,-0.02041182,-0.03454619,-0.04650562,-0.03217839,-0.04249066,0.04673229,-0.03873297,-0.0775699,0.06300186,-0.04401631,95000.00162632,0.00743929,0.01044125,0.02869714,-0.09057037,0.04583321,0.01796998,0.18094996,0.03269798,0.04683966,0.14970216,-0.02967372,-0.03275411,-0.02479612,-0.01399772,-0.03470802,-0.04499832,-0.01893693,-0.04094567,0.04467188,-0.03739285,-0.07564047,0.06533079,-0.05429541,96000.00066642,0.00807077,0.00732285,0.02575934,-0.08977779,0.04476006,0.0186872,0.18073656,0.03374882,0.05590913,0.15168047,-0.02343202,-0.02622768,-0.02327166,-0.0144056,-0.03456813,-0.04791718,-0.02542505,-0.03929072,0.0476785,-0.04815411,-0.07382946,0.05331881,-0.04126996,97000.00135157,0.01006249,0.00701067,0.02487554,-0.09265539,0.04428104,0.01666301,0.18130165,0.03195828,0.05040271,0.1501099,-0.02013433,-0.01892516,-0.02619073,-0.01452424,-0.03550205,-0.04934144,-0.03562706,-0.03861546,0.04541234,-0.04320203,-0.07613394,0.05635669,-0.04379293,98000.00111405,0.00903653,0.01184155,0.02453565,-0.09479775,0.04263064,0.01425337,0.18255113,0.03080267,0.04675144,0.15478349,-0.02285274,-0.02569829,-0.02484942,-0.01660209,-0.03517279,-0.05144712,-0.02122732,-0.0381055,0.04625784,-0.0358634,-0.07849155,0.06073872,-0.04775044,99000.00218834,0.00676831,0.00885083,0.02635134,-0.09970701,0.04420299,0.00871847,0.17976825,0.03003896,0.04536712,0.15211156,-0.02317429,-0.03354541,-0.02394847,-0.02571384,-0.03624124,-0.04890673,-0.03095528,-0.03821165,0.04846456,-0.04905425,-0.07816391,0.05870753,-0.04277251,100000.00307575,0.0069933,0.00958429,0.0264486,-0.1037537,0.04531658,0.00457629,0.18322019,0.03122558,0.04267126,0.14674746,-0.02592886,-0.03236448,-0.02542092,-0.02489305,-0.03850459,-0.04733908,-0.0285826,-0.04235359,0.05051678,-0.04253392,-0.08024645,0.06231702,-0.04425033,101000.00443468,0.01229449,0.00887463,0.02761357,-0.10761964,0.04276042,0.0037463,0.18291596,0.03159327,0.04072755,0.15301113,-0.02707973,-0.03582586,-0.02469489,-0.02148589,-0.03775435,-0.04913663,-0.03052222,-0.03986216,0.04429378,-0.05012588,-0.0804006,0.06187404,-0.0478628,102000.00370252,0.01434735,0.01294257,0.03034993,-0.1049448,0.0443027,0.01142905,0.18218948,0.03006428,0.03733294,0.14633192,-0.02880964,-0.03452264,-0.02740549,-0.02529044,-0.03871349,-0.04902439,-0.01096825,-0.03881737,0.04422655,-0.04305213,-0.07946668,0.06830421,-0.04924852,103000.00492377,0.01469256,0.0157233,0.03107709,-0.10383341,0.04657967,0.00383251,0.18938218,0.02928328,0.0362604,0.14397438,-0.02770555,-0.03273539,-0.0285712,-0.01961969,-0.03743264,-0.04876139,-0.02007514,-0.0397524,0.04256091,-0.03593577,-0.0800784,0.06573775,-0.0465654,104000.00588915,0.01428024,0.01330241,0.03242958,-0.10367199,0.04906466,0.01269252,0.18446364,0.03127118,0.03657394,0.14215712,-0.01987012,-0.02191829,-0.03028639,-0.01953781,-0.03947956,-0.05029072,-0.03450962,-0.04212011,0.04319863,-0.04356907,-0.08172781,0.06092851,-0.04830136,105000.0005844,0.0134562,0.00776446,0.02580662,-0.09557749,0.04330928,0.01547359,0.18220805,0.03412979,0.04714001,0.14692192,-0.01689725,-0.02481751,-0.03082438,-0.01829176,-0.04042886,-0.04941256,-0.01804352,-0.04186586,0.04057153,-0.04114041,-0.0814668,0.06512134,-0.04128008,106000.00097732,0.00625878,0.00952535,0.02650679,-0.09192492,0.04378594,0.01518839,0.183845,0.03379678,0.0511548,0.15785715,-0.0174071,-0.03067426,-0.02389745,-0.02025864,-0.04078488,-0.04616493,-0.03076998,-0.04048387,0.04647339,-0.04358855,-0.07939813,0.06388136,-0.04293327,107000.00257266,0.00782193,0.00743095,0.02563328,-0.09654253,0.0451379,0.00995905,0.18602546,0.03216695,0.04853213,0.15865737,-0.02651568,-0.03760631,-0.02385333,-0.01858892,-0.04183656,-0.04311243,-0.03658534,-0.03574473,0.0466645,-0.04474173,-0.08147234,0.06430583,-0.04409966,108000.00301621,0.0056654,0.01396763,0.02489592,-0.10030498,0.04578432,0.00945886,0.18680733,0.03083989,0.04658556,0.1504858,-0.02307157,-0.03196455,-0.02396573,-0.02549194,-0.04212372,-0.04888096,-0.02668636,-0.0415023,0.04327983,-0.04142904,-0.08441836,0.06341126,-0.04791135,109000.00429698,0.00882744,0.01231671,0.02881734,-0.09890547,0.04327885,0.00844156,0.18896513,0.03133616,0.0452094,0.15640524,-0.02065218,-0.04138166,-0.03648911,-0.02205224,-0.0426774,-0.04605995,-0.02634623,-0.0425321,0.0427301,-0.04300092,-0.08610538,0.06060642,-0.04387113,110000.00604987,0.0162158,0.01307253,0.02867054,-0.10104742,0.04400452,0.00420807,0.19028804,0.03114603,0.04295514,0.16370623,-0.02160056,-0.0338767,-0.03293982,-0.02284129,-0.04289295,-0.04346457,-0.03254516,-0.04186629,0.04617852,-0.04203295,-0.0877886,0.05804356,-0.04158493,111000.00516203,0.01526581,0.01751275,0.03328111,-0.10398829,0.04667964,0.00333733,0.1883774,0.03181865,0.03929153,0.15750897,-0.01948995,-0.0324174,-0.03180394,-0.01849052,-0.04543623,-0.04376465,-0.03150833,-0.04023113,0.04033004,-0.0443709,-0.0885422,0.05968873,-0.05214826,112000.00682692,0.01026992,0.0159313,0.03378131,-0.10490894,0.049824,0.00334247,0.18784766,0.03075164,0.03803651,0.15646113,-0.01702329,-0.0365095,-0.02962128,-0.02144695,-0.04431101,-0.04247535,-0.04061318,-0.04595258,0.04802651,-0.0454958,-0.08929447,0.06044813,-0.04904941,113000.00491334,0.01034686,0.01298611,0.03182216,-0.10566016,0.04580325,0.00364608,0.18817456,0.03108048,0.03796058,0.15595195,-0.0201472,-0.03478042,-0.03055366,-0.02059145,-0.04587969,-0.04579743,-0.03495679,-0.04991921,0.03820369,-0.03513932,-0.08954017,0.05879641,-0.05344077,114000.0058726,0.00943284,0.01285067,0.02955055,-0.09849074,0.04982839,0.01105436,0.19136165,0.03239471,0.04191111,0.15678331,-0.01534555,-0.03193008,-0.03346647,-0.01791857,-0.04906191,-0.0449768,-0.02733729,-0.04781734,0.03677433,-0.0427849,-0.0891278,0.06319098,-0.05779682,115000.00516848,0.0070566,0.01227536,0.0270753,-0.09345001,0.04620893,0.01382793,0.18945403,0.03340906,0.0542314,0.16717091,-0.00827084,-0.0304006,-0.03746852,-0.01772935,-0.046357,-0.03439645,-0.03378268,-0.04605717,0.04802246,-0.04542844,-0.08806568,0.0588313,-0.0492882,116000.00569524,0.00672703,0.01228074,0.02737718,-0.09204844,0.04687813,0.0149491,0.19191875,0.03238802,0.05261889,0.17174119,-0.00471522,-0.02256667,-0.03508819,-0.0162354,-0.04653771,-0.03633753,-0.02417051,-0.04243606,0.04561985,-0.03639238,-0.08890042,0.05605383,-0.05387178,117000.00397615,0.00643556,0.01060031,0.02940535,-0.09469798,0.04831092,0.01192721,0.19353905,0.03225918,0.0490745,0.1687638,-0.00833292,-0.02994358,-0.029771,-0.02127762,-0.04823389,-0.04117666,-0.02566456,-0.04693107,0.0391956,-0.03688509,-0.09077444,0.05423144,-0.05972319,118000.00530699,0.00937789,0.01078399,0.03151235,-0.09375861,0.04747514,0.01178976,0.19117902,0.03354918,0.04887737,0.16471946,-0.00662911,-0.02351783,-0.03282333,-0.02052966,-0.04648169,-0.03306213,-0.01958831,-0.04397788,0.04243151,-0.04639631,-0.09339902,0.05461224,-0.04960052,119000.00407626,0.0093529,0.01309154,0.02938294,-0.09771935,0.04882636,0.00549097,0.19331904,0.03290206,0.04737522,0.16353935,-0.00592627,-0.03214208,-0.03851002,-0.0206515,-0.04916116,-0.03172436,-0.03023889,-0.0423013,0.04127998,-0.04382751,-0.09443895,0.05763833,-0.05873926,120000.00514627,0.01242782,0.01713393,0.03221527,-0.09927867,0.05133399,0.00546793,0.18891913,0.03285226,0.04424725,0.16755639,-0.00746663,-0.02868634,-0.033895,-0.02128522,-0.04811317,-0.03223903,-0.03511999,-0.04349497,0.03841846,-0.05216457,-0.0947037,0.05726531,-0.0559619,121000.00621654,0.01374328,0.01227247,0.03431513,-0.10495985,0.04767043,0.00511016,0.19254684,0.03149333,0.04213492,0.16892265,-0.00500756,-0.02257806,-0.02579076,-0.01777091,-0.04786543,-0.03468086,-0.01739633,-0.04552359,0.03713245,-0.04432663,-0.09514776,0.05997662,-0.05419596,122000.00794187,0.0104234,0.01499805,0.03570518,-0.0997698,0.04897006,0.00313004,0.19463244,0.03317548,0.04272658,0.17472185,-0.00437712,-0.0273027,-0.03646892,-0.01566376,-0.04847748,-0.03252332,-0.02613644,-0.04690517,0.04304251,-0.03905996,-0.09510744,0.054765,-0.05561618,123000.00450323,0.00593209,0.01509991,0.03136389,-0.08845389,0.04663235,0.01282569,0.19311652,0.03408524,0.05157845,0.16703524,0.00102891,-0.02094783,-0.03234446,-0.02052757,-0.0509991,-0.02965707,-0.03329445,-0.04866564,0.04225976,-0.04913055,-0.09435383,0.05872324,-0.05853114,124000.00482479,0.00967607,0.01494708,0.02861601,-0.081507,0.04566184,0.01007174,0.19564407,0.03716715,0.05908383,0.16817327,0.00802637,-0.02577681,-0.03143241,-0.01703592,-0.04954689,-0.02902445,-0.01857737,-0.04941245,0.04043243,-0.04471707,-0.09377957,0.06053528,-0.04839468,125000.00397615,0.00864976,0.01398036,0.02844283,-0.08785138,0.04808948,0.01147694,0.19648275,0.0351713,0.05583965,0.1676942,0.00489852,-0.02893276,-0.02604989,-0.02261179,-0.04998061,-0.02595743,-0.02866637,-0.04802204,0.04435,-0.04548093,-0.09596687,0.05783999,-0.0600995,126000.00457506,0.00668145,0.01327238,0.03076277,-0.09038963,0.04724562,0.00664562,0.19652563,0.03508214,0.05438914,0.16403724,0.00385778,-0.01902965,-0.0379065,-0.02023636,-0.05157383,-0.02516644,-0.02540993,-0.0475618,0.04390994,-0.04586304,-0.09603309,0.05819865,-0.05602779,127000.00484093,0.01099881,0.01624135,0.02749183,-0.08894995,0.04674764,0.00807292,0.19764221,0.03451777,0.05348062,0.16891462,0.00465421,-0.02766037,-0.03505158,-0.02001585,-0.05119724,-0.02475701,-0.03041606,-0.04822141,0.04504447,-0.04583497,-0.09704772,0.05686523,-0.05832502,128000.00292384,0.0102432,0.01568604,0.03234018,-0.09117013,0.04879266,0.0110664,0.19778624,0.03232788,0.05146835,0.18061167,0.00212967,-0.02259818,-0.03404495,-0.02277045,-0.05229292,-0.02163758,-0.04026061,-0.04616112,0.04440856,-0.05182103,-0.09963903,0.05638199,-0.05437406,129000.00833605,0.00892002,0.01310954,0.03389877,-0.09212714,0.05195734,0.00930691,0.19798321,0.03465331,0.04843777,0.17205814,0.00506707,-0.02179725,-0.037907,-0.01720041,-0.05395288,-0.02259278,-0.02796556,-0.04785697,0.04504242,-0.04814884,-0.09852801,0.06338958,-0.06177658,130000.01097242,0.01510884,0.01861679,0.03607429,-0.09764034,0.05117045,0.00858797,0.1952588,0.03454407,0.0474609,0.1661178,-0.0039188,-0.02626156,-0.03590564,-0.02322469,-0.05381,-0.02200441,-0.0141039,-0.04969038,0.04548198,-0.03835969,-0.0983654,0.0576981,-0.05762777,131000.00973269,0.01647675,0.01787657,0.03714046,-0.0955295,0.05178665,0.00470459,0.1981881,0.03643673,0.04687444,0.17961814,0.00271339,-0.02402048,-0.035794,-0.020401,-0.0533748,-0.02125603,-0.02219362,-0.04967692,0.03949787,-0.04121878,-0.09758939,0.05764882,-0.05210594,132000.00651513,0.00870557,0.01571721,0.03395048,-0.08106251,0.04926347,0.01717539,0.20067404,0.03766524,0.05725015,0.18451071,0.00755924,-0.03563413,-0.03387482,-0.01926958,-0.05429464,-0.02005327,-0.02774549,-0.04975257,0.03756693,-0.05030006,-0.09879193,0.06451619,-0.05732962,133000.00488022,0.00767643,0.01397018,0.0315368,-0.07755832,0.05159754,0.01742315,0.20218547,0.03912454,0.06456847,0.18211207,0.01123332,-0.02152347,-0.03073238,-0.01821416,-0.05406201,-0.01811735,-0.01760748,-0.04497566,0.04736359,-0.05356161,-0.09743032,0.06200554,-0.05300057,134000.00532925,0.01361878,0.01555669,0.03128661,-0.08133966,0.05115627,0.01525107,0.20201413,0.03680328,0.05968114,0.18478231,0.01192039,-0.0227522,-0.03380194,-0.01560316,-0.05280301,-0.01687215,-0.01783189,-0.04908615,0.04412996,-0.04742806,-0.09831313,0.06553259,-0.05256324,135000.00689891,0.00881003,0.01403149,0.03322159,-0.08001723,0.04725613,0.01020846,0.19935043,0.03615553,0.05927222,0.18302445,0.01264557,-0.02047016,-0.03785677,-0.02087241,-0.05514221,-0.01783193,-0.02314186,-0.05196251,0.04605649,-0.0443617,-0.09954751,0.06179018,-0.05928053,136000.00539,0.00881191,0.01789351,0.03253077,-0.08045934,0.0480317,0.01220692,0.19987336,0.03640193,0.05713849,0.19169694,0.01596858,-0.02645629,-0.03804898,-0.02123912,-0.05741231,-0.01499215,-0.02200286,-0.05313834,0.04251808,-0.04802416,-0.09969235,0.05676588,-0.06525755,137000.0074262,0.01650932,0.01570973,0.03488931,-0.08815632,0.05172394,0.00666543,0.20201744,0.03541463,0.05470388,0.19139232,0.0122531,-0.02800261,-0.03369541,-0.02211,-0.05467107,-0.01557021,-0.02018201,-0.05076537,0.04369448,-0.05351139,-0.09912463,0.06379065,-0.06118398,138000.0091028,0.01353293,0.01883278,0.03604962,-0.08962084,0.05096707,0.00447571,0.20378405,0.03517677,0.05098853,0.18258998,0.00821738,-0.01738187,-0.03643152,-0.02294181,-0.05510041,-0.01853559,-0.01785383,-0.04787464,0.03933844,-0.04604843,-0.10170291,0.0609046,-0.05730751,139000.00836989,0.01498243,0.01956896,0.03784027,-0.09220432,0.05270756,0.0103102,0.19757856,0.0363028,0.04948131,0.17912361,0.01064522,-0.02826581,-0.04089372,-0.02809506,-0.05661824,-0.02293456,-0.02204987,-0.04817446,0.04504255,-0.04803152,-0.10112169,0.06151929,-0.05775961,140000.01087335,0.01617974,0.01625358,0.03864536,-0.08965844,0.05380059,0.00563926,0.2013972,0.03774239,0.04836324,0.18492095,0.00770643,-0.02572227,-0.04021303,-0.0216032,-0.05551847,-0.0137623,-0.032143,-0.05146998,0.04644091,-0.03705339,-0.1011034,0.06467566,-0.05302012,141000.01039455,0.0133388,0.01603401,0.03935565,-0.08527985,0.05633348,0.0086557,0.20488399,0.03881881,0.04754674,0.18826079,0.00757789,-0.01800557,-0.03883942,-0.02219374,-0.05726159,-0.01455376,-0.0322862,-0.0534853,0.04312004,-0.04375825,-0.10146119,0.06612428,-0.05282132,142000.00511303,0.01212793,0.01212338,0.03513066,-0.07387903,0.05123782,0.01909391,0.20450233,0.03963195,0.06064305,0.18994398,0.01684677,-0.01833256,-0.03710658,-0.02153715,-0.0549433,-0.01050648,-0.02677973,-0.05081245,0.0430313,-0.04795752,-0.09824714,0.06207006,-0.05779682,143000.00523461,0.01342991,0.01680513,0.03396031,-0.0742991,0.05423407,0.01587015,0.21135978,0.04075203,0.06318447,0.19390634,0.02801417,-0.02159379,-0.0374,-0.02365593,-0.05448283,-0.01487454,-0.02897992,-0.04947948,0.04661948,-0.05544556,-0.09962823,0.06655402,-0.05617483,144000.00523976,0.01424088,0.01697354,0.03328111,-0.07971632,0.05348844,0.01583924,0.21519643,0.03925908,0.05911786,0.2030424,0.02184146,-0.0202137,-0.03753609,-0.02247581,-0.05449338,-0.00862944,-0.02937005,-0.04637665,0.05001072,-0.05210303,-0.09837627,0.0633781,-0.05542709,145000.00467279,0.01145607,0.01876294,0.03563531,-0.07683522,0.0556028,0.00850623,0.21277396,0.03883179,0.05635681,0.19865745,0.02307137,-0.02431517,-0.03459148,-0.02023767,-0.05458099,-0.00755905,-0.02380965,-0.04675591,0.04539147,-0.05592881,-0.09831381,0.06435727,-0.0547658,146000.00988726,0.01743166,0.0192959,0.0380217,-0.08047181,0.05712536,0.01369137,0.21573809,0.03961477,0.05473804,0.19827825,0.01658764,-0.01594891,-0.03372529,-0.02617675,-0.05632574,-0.00779989,-0.02210143,-0.05015913,0.04667512,-0.04780722,-0.10044931,0.07019893,-0.05737549,147000.0098203,0.02142446,0.02027589,0.04081105,-0.08425856,0.05618153,0.01544102,0.21707812,0.0400271,0.05110117,0.19059251,0.01628352,-0.02895969,-0.03681743,-0.02788158,-0.05766736,-0.01237568,-0.03224691,-0.04902891,0.05313403,-0.04953289,-0.10117199,0.06994026,-0.05135915,148000.01182797,0.01843901,0.01884919,0.04069789,-0.08533354,0.05176885,0.01232835,0.21370496,0.04016957,0.0475982,0.20613641,0.01674103,-0.02442151,-0.03317677,-0.02585405,-0.0567168,-0.01324877,-0.03113118,-0.04577779,0.04560104,-0.04033898,-0.10122915,0.07353031,-0.05182712,149000.01113781,0.01764375,0.01624135,0.04044159,-0.08527921,0.05535761,0.01220975,0.21458653,0.04212077,0.04485321,0.20681898,0.01700701,-0.02562804,-0.04030306,-0.02514055,-0.0561818,-0.01921893,-0.03403793,-0.04939127,0.04539281,-0.05263833,-0.0990543,0.07235314,-0.05751902,150000.01061532,0.02034976,0.01739239,0.0409845,-0.08775452,0.05784716,0.00742725,0.21275903,0.04129263,0.04411355,0.19652116,0.01438915,-0.03197705,-0.03277624,-0.02679778,-0.05566642,-0.01670179,-0.0301082,-0.04686545,0.04377213,-0.04957378,-0.09904341,0.06568779,-0.05126146,151000.01021469,0.02115276,0.01849226,0.04070815,-0.07765999,0.05611605,0.00834987,0.21362014,0.04098224,0.04667741,0.1997271,0.01454388,-0.02652016,-0.03781793,-0.0272722,-0.05542127,-0.01217233,-0.03521375,-0.04434155,0.04412194,-0.04250102,-0.0988333,0.07039776,-0.05370003,152000.00897532,0.01369451,0.0153693,0.03497161,-0.0691429,0.05678898,0.02457147,0.21659546,0.04417523,0.05936464,0.20389275,0.02597356,-0.01960868,-0.03140845,-0.02418873,-0.05481935,-0.00853503,-0.0260615,-0.04715605,0.0484376,-0.04105732,-0.09760581,0.05736438,-0.05414282,153000.00613791,0.01356432,0.01642881,0.03533094,-0.07209765,0.0552476,0.01138595,0.21773109,0.04285667,0.05912982,0.20700592,0.02829574,-0.02393554,-0.02595882,-0.0291178,-0.05486247,-0.00972143,-0.02065546,-0.04708107,0.04231972,-0.03794007,-0.0962311,0.05980331,-0.05595047,154000.00724237,0.01332094,0.01866877,0.03833622,-0.07314844,0.0571559,0.01325031,0.21831051,0.04336562,0.05530413,0.19587415,0.02136102,-0.02544063,-0.02751131,-0.02642355,-0.0532248,-0.01331579,-0.02167333,-0.04346016,0.04593371,-0.03946738,-0.09733003,0.06630428,-0.06078741,155000.00826445,0.0152394,0.01672186,0.03662468,-0.07391842,0.05899237,0.01299428,0.21916907,0.04433518,0.05419987,0.2097771,0.02414541,-0.01457158,-0.02590677,-0.02227761,-0.05219488,-0.00961297,-0.02178716,-0.04508841,0.04627243,-0.04619927,-0.09802456,0.06701955,-0.05401203,156000.00815893,0.0187502,0.02111497,0.03738157,-0.07838005,0.05461096,0.01298862,0.21817997,0.04302628,0.05152757,0.20357573,0.02411375,-0.02201251,-0.02692979,-0.02729359,-0.05126041,-0.0107461,-0.03561338,-0.04440154,0.04781372,-0.04409733,-0.09634446,0.06613138,-0.05418007,157000.00886463,0.02203351,0.02247935,0.0400049,-0.08142918,0.0552593,0.01171971,0.21841693,0.04440236,0.04890501,0.20023866,0.02031443,-0.0239025,-0.02558914,-0.02941514,-0.05206169,-0.0162766,-0.03237144,-0.04166143,0.04957076,-0.04751593,-0.09713977,0.06410474,-0.05106723,158000.01122154,0.02574779,0.01653445,0.0402067,-0.07977436,0.05773126,0.01383817,0.21714328,0.04326619,0.04574246,0.19694719,0.01775516,-0.02068205,-0.01895176,-0.02312907,-0.05007108,-0.01325728,-0.03332863,-0.04317697,0.04815705,-0.03797485,-0.09581697,0.06998553,-0.05038683,159000.00982591,0.02488585,0.01587346,0.04072025,-0.08463679,0.05452683,0.01656015,0.21523808,0.04235939,0.04522732,0.20037438,0.01888138,-0.01249995,-0.02210369,-0.02738158,-0.04983762,-0.01413382,-0.03099246,-0.04504947,0.04671422,-0.0376528,-0.09456494,0.07048658,-0.05111181,160000.01052562,0.02184173,0.01673095,0.03776303,-0.07526338,0.05587181,0.01720668,0.21545115,0.0440646,0.04782803,0.19892815,0.02633228,-0.02106824,-0.0220887,-0.02581888,-0.05012254,-0.00977116,-0.03022162,-0.0393161,0.0432512,-0.03291707,-0.09551845,0.0622327,-0.0584343,161000.00778701,0.01991178,0.01414323,0.03683953,-0.0665324,0.05418999,0.02504071,0.21485785,0.04625911,0.05839286,0.19657236,0.03322457,-0.01168007,-0.02014138,-0.02762982,-0.04781461,-0.0129597,-0.01956441,-0.04026765,0.04571347,-0.03603578,-0.09488277,0.06465918,-0.05928792,162000.00801339,0.02241145,0.01653781,0.03719879,-0.06490131,0.0519109,0.02019033,0.21797292,0.04610178,0.05706728,0.20165101,0.03413498,-0.02049375,-0.01724714,-0.02564429,-0.04708861,-0.00854552,-0.03216491,-0.04069414,0.04798467,-0.03978095,-0.09429944,0.06739671,-0.05460099,163000.00890796,0.02308461,0.01701159,0.03601132,-0.07021177,0.04861135,0.01601525,0.22197048,0.04648016,0.05244188,0.20465182,0.03286022,-0.00928849,-0.01127338,-0.0296684,-0.04923845,-0.0136481,-0.02653494,-0.04295203,0.05148239,-0.03957955,-0.09554164,0.06913179,-0.0565994,164000.01076576,0.02509036,0.01869612,0.03460963,-0.07121278,0.05120264,0.01507673,0.21810475,0.04593756,0.05216948,0.20396277,0.02876653,-0.01450642,-0.01004014,-0.02641821,-0.04711133,-0.01410348,-0.01582454,-0.04372579,0.04227011,-0.04265825,-0.09510178,0.07136869,-0.05120365,165000.00817411,0.02681337,0.0200954,0.03743675,-0.07346591,0.05166124,0.0191783,0.2203251,0.04570188,0.0506809,0.20430954,0.02358154,-0.00662643,-0.01417851,-0.02717114,-0.04434691,-0.01459941,-0.0224531,-0.03979771,0.05139564,-0.0483413,-0.09496532,0.07124453,-0.04602609,166000.00774716,0.02473726,0.01722294,0.03997104,-0.07882824,0.05424321,0.0187945,0.21653673,0.04666755,0.04803728,0.19304144,0.02538859,-0.01108519,-0.01523265,-0.0277797,-0.04510698,-0.01474947,-0.01896233,-0.03818817,0.04724186,-0.03542163,-0.09464993,0.06979801,-0.0519581,167000.01058219,0.02339149,0.01903335,0.04076171,-0.07725257,0.05549806,0.01704542,0.22047114,0.04660752,0.04494315,0.20071861,0.02213567,-0.01075436,-0.01928024,-0.03227282,-0.04419218,-0.01589982,-0.02832464,-0.03958689,0.04965147,-0.04068148,-0.09432607,0.0684638,-0.05725308,168000.01262415,0.02505165,0.01703192,0.04309455,-0.07794473,0.05649528,0.0196665,0.21875089,0.045474,0.04344623,0.20347258,0.02833928,-0.02241521,-0.01132969,-0.03450228,-0.04389859,-0.01874561,-0.02418653,-0.04382847,0.04370044,-0.03342421,-0.09404926,0.07234439,-0.05409438,169000.00810352,0.02441467,0.01752549,0.03681428,-0.06527185,0.04959615,0.02740403,0.21937384,0.04990996,0.05537091,0.20842224,0.03015919,-0.00824672,-0.01035342,-0.02604538,-0.0438182,-0.01200814,-0.02119217,-0.04616293,0.04251808,-0.03460216,-0.09405101,0.06546648,-0.04911211,170000.00788028,0.02314845,0.01525275,0.03653637,-0.05982975,0.04800375,0.02943404,0.22153673,0.04916371,0.05893202,0.2120247,0.02971845,-0.00557697,-0.00532341,-0.02801695,-0.04270542,-0.01716243,-0.0182459,-0.04608224,0.04939708,-0.03537741,-0.09141311,0.06601956,-0.04769471,171000.00714683,0.02323438,0.01307722,0.03691835,-0.06779665,0.0483521,0.02582319,0.22065823,0.04731422,0.0551057,0.2057448,0.03192417,-0.00956438,-0.00488276,-0.03000345,-0.04320616,-0.01839768,-0.0219224,-0.04685355,0.04999435,-0.03186239,-0.0923968,0.07538094,-0.0513474,172000.0070186,0.02174296,0.01576176,0.03579031,-0.0678884,0.04929887,0.01809581,0.22273576,0.04791741,0.05235811,0.2027086,0.02829195,-0.0094527,-0.01169547,-0.02578953,-0.04280283,-0.01599646,-0.02018969,-0.04117122,0.05002389,-0.03663607,-0.09309384,0.06475545,-0.05070151,173000.00631277,0.0251281,0.01581327,0.0366259,-0.07051848,0.05206123,0.02153666,0.22223142,0.0483921,0.05077377,0.21028481,0.03062935,-0.01264103,-0.00560477,-0.0263969,-0.04370555,-0.01708587,-0.02090221,-0.04231713,0.04820038,-0.03845086,-0.09430775,0.0642922,-0.04961719,174000.00783482,0.02563176,0.01736526,0.03837425,-0.07285535,0.05033572,0.01757542,0.21816097,0.04668713,0.04820279,0.19844113,0.02676583,-0.02337533,-0.01250222,-0.02837629,-0.04149281,-0.01894057,-0.01693106,-0.04565037,0.04865444,-0.03608211,-0.09311906,0.07585063,-0.05712299,175000.00922468,0.0246956,0.01838912,0.03679205,-0.07651148,0.05132279,0.02121127,0.21982034,0.04641835,0.04364825,0.20166308,0.02258345,-0.01138171,-0.00563227,-0.02653983,-0.04123167,-0.02028402,-0.01425482,-0.04148134,0.05318465,-0.03651836,-0.09206582,0.07803034,-0.05247314,176000.00969734,0.02641447,0.0159647,0.04093003,-0.07459983,0.05574133,0.01436269,0.21981324,0.04645949,0.04253231,0.20024821,0.01836876,-0.01489818,-0.00189453,-0.02828638,-0.04223333,-0.02249119,-0.02042801,-0.04245127,0.05024073,-0.05078518,-0.09307758,0.06915034,-0.05430812,177000.00944801,0.02490241,0.01648978,0.03954419,-0.07626212,0.0543418,0.0230887,0.2210882,0.04656183,0.04477118,0.20383669,0.0185876,-0.00733505,-0.01174643,-0.03000893,-0.04299031,-0.02311263,-0.01673303,-0.04623642,0.0526336,-0.04077006,-0.09247896,0.06687219,-0.05097686,178000.00910884,0.02284996,0.01454659,0.03433558,-0.0648468,0.05414449,0.02770727,0.22166507,0.04889014,0.05545859,0.21074134,0.02610726,-0.00952617,-0.01261093,-0.02626108,-0.04089634,-0.02764783,-0.02773112,-0.04506158,0.05274504,-0.02965329,-0.09202678,0.07265577,-0.04516953,179000.00741758,0.02321147,0.01728954,0.03667925,-0.06971053,0.0484307,0.0265665,0.2215807,0.04839911,0.05266266,0.20279531,0.02526483,-0.0184314,-0.01008751,-0.02582505,-0.04188578,-0.0242172,-0.0246664,-0.04752532,0.04569685,-0.03604978,-0.09231964,0.06473698,-0.05406768,180000.00781657,0.02106775,0.01568797,0.03522858,-0.07140634,0.0470046,0.0215312,0.22368275,0.04564178,0.04998093,0.21555443,0.01948139,-0.01137638,-0.00952486,-0.02652212,-0.04089852,-0.02831035,-0.02452845,-0.04594726,0.05004545,-0.03070962,-0.09282398,0.06976226,-0.06062525,181000.00727053,0.01675714,0.01653287,0.03525824,-0.07623257,0.05144291,0.01632578,0.22268885,0.04522775,0.04663813,0.20428422,0.01879998,-0.01025434,-0.01143401,-0.02814197,-0.04278002,-0.02723632,-0.01559263,-0.05044208,0.04873467,-0.03424694,-0.09359982,0.07326043,-0.05680242,182000.00459753,0.02160691,0.0182952,0.03558717,-0.08119374,0.04975693,0.01605736,0.22372505,0.04379375,0.04415221,0.19829093,0.01751918,-0.00671551,-0.01122744,-0.0299712,-0.0421516,-0.03235395,-0.01833578,-0.05172265,0.05180614,-0.03668219,-0.09414387,0.07322511,-0.0533855,183000.00842214,0.02282048,0.02000952,0.0372342,-0.08479363,0.05194192,0.02090044,0.22595645,0.04454091,0.04156865,0.20473467,0.01019312,-0.00880502,-0.00898201,-0.0264341,-0.04099546,-0.03199657,-0.02604605,-0.05047448,0.05172385,-0.03642314,-0.09469768,0.07047644,-0.05820433,184000.01085432,0.02494774,0.02035134,0.03867603,-0.08282033,0.05399825,0.01798,0.22426936,0.04600514,0.03791477,0.20486547,0.0112039,-0.00973701,-0.01265073,-0.03225151,-0.04220583,-0.02966202,-0.03004201,-0.04996747,0.05021254,-0.03267409,-0.09468638,0.06618704,-0.05351967,185000.00584521,0.02517255,0.0188484,0.0397123,-0.08413809,0.05632197,0.01586961,0.22586942,0.04689324,0.03685854,0.20628184,0.01275889,-0.01701132,-0.01497192,-0.02893495,-0.04518246,-0.03309099,-0.0204405,-0.05052285,0.04484927,-0.03860253,-0.09549236,0.07539104,-0.05076877,186000.00583622,0.01929056,0.01889696,0.03896856,-0.07793617,0.05492198,0.02583784,0.224627,0.05022011,0.04348447,0.20121123,0.01080462,-0.02090435,-0.00625329,-0.02467389,-0.04499387,-0.03572551,-0.02017622,-0.0523032,0.04520316,-0.04088233,-0.09388573,0.06469189,-0.05529546,187000.00715159,0.02000845,0.01795354,0.03462121,-0.07142108,0.04982707,0.03184758,0.22412564,0.04823955,0.04981822,0.20418969,0.0166496,-0.01378104,-0.0080792,-0.02501591,-0.0446731,-0.03833736,-0.02818323,-0.05284362,0.04734648,-0.03877097,-0.09339902,0.06628926,-0.05158607,188000.00606027,0.01851852,0.01719379,0.03552771,-0.0804335,0.05274067,0.02427074,0.22731723,0.04769722,0.04657911,0.20370443,0.01708543,-0.01695288,-0.01632005,-0.02830619,-0.04308667,-0.03800616,-0.01771211,-0.05321778,0.04594613,-0.04266646,-0.09428272,0.06962045,-0.04894208,189000.00784408,0.0190059,0.02014807,0.03711531,-0.07888739,0.05347977,0.02370801,0.22546043,0.04603962,0.04353714,0.20353584,0.01154526,-0.01840958,-0.01164513,-0.03010015,-0.04634749,-0.04026986,-0.02724364,-0.05575132,0.04540152,-0.03784313,-0.09573235,0.06503969,-0.04969934,190000.00524887,0.01624306,0.0192498,0.03727055,-0.0843489,0.05185213,0.01812871,0.22672072,0.04802904,0.04287529,0.20438717,0.00970365,-0.01719267,-0.01952803,-0.02901533,-0.0452624,-0.04143738,-0.03329485,-0.0533588,0.04371013,-0.05119964,-0.09477524,0.06430341,-0.04885722,191000.00581777,0.0139165,0.02022939,0.03792664,-0.09017922,0.04997627,0.01525634,0.22629327,0.04701492,0.0400919,0.20012356,0.00428475,-0.01949334,-0.01517719,-0.02944532,-0.04528441,-0.03868098,-0.01851402,-0.05370207,0.05190908,-0.04644504,-0.09562563,0.06631969,-0.05208704,192000.0076056,0.01683426,0.01577282,0.03800912,-0.08956826,0.05191194,0.01676187,0.22438385,0.04827521,0.03738641,0.20847768,0.00143429,-0.02050897,-0.01313404,-0.03068038,-0.04757181,-0.04467104,-0.02669804,-0.05643917,0.04521759,-0.04121671,-0.09381277,0.06940616,-0.0557314,193000.00833954,0.02060879,0.0194588,0.03793627,-0.09099208,0.05527448,0.02015143,0.22286634,0.04554569,0.03470283,0.20530215,0.00439636,-0.02159473,-0.01693858,-0.028026,-0.04675443,-0.04230701,-0.02571168,-0.05667027,0.05328376,-0.05021319,-0.09587213,0.06801406,-0.05812104,194000.00773402,0.01955391,0.01914138,0.03870615,-0.087041,0.05624963,0.01935993,0.22408263,0.04878594,0.03651312,0.19560054,0.00584056,-0.01935485,-0.02364128,-0.02902852,-0.04592431,-0.04277873,-0.0208537,-0.05788631,0.05282064,-0.04649546,-0.0965058,0.06618704,-0.04945759,195000.0036462,0.01237562,0.01450425,0.03573078,-0.08117246,0.04957781,0.02235229,0.22193646,0.05112096,0.0473418,0.21188834,0.00615214,-0.02063054,-0.02297742,-0.03101004,-0.04676786,-0.05174308,-0.01049776,-0.0543052,0.04507127,-0.05464866,-0.09559125,0.06492876,-0.05477029,196000.00325257,0.01410342,0.01429864,0.03224809,-0.079997,0.04821156,0.0251442,0.22560439,0.04922849,0.04618868,0.2077485,0.00446689,-0.01364306,-0.02558746,-0.0285902,-0.04600879,-0.04687998,-0.02019294,-0.0533914,0.0478714,-0.04592472,-0.0954209,0.0612,-0.04681239,197000.00513515,0.01456434,0.01408919,0.03319039,-0.08556329,0.04961746,0.02141276,0.22656688,0.04860409,0.04297083,0.21283524,0.00167197,-0.01707121,-0.02095438,-0.02626587,-0.04725413,-0.04483502,-0.02517023,-0.05582764,0.04682129,-0.04230852,-0.09611457,0.06817745,-0.05057114,198000.00676194,0.01586348,0.01790888,0.03237373,-0.08881285,0.04882986,0.02518062,0.22542343,0.04677093,0.04084951,0.20732224,0.00303702,-0.02277071,-0.02047984,-0.03029038,-0.04870328,-0.0443156,-0.02748397,-0.05727686,0.04857885,-0.04940827,-0.09577956,0.06199357,-0.05949128,199000.00403991,0.01843649,0.01659271,0.03407323,-0.09116097,0.04999664,0.01740743,0.22630961,0.04658928,0.0382283,0.20965037,0.00002265,-0.01732051,-0.02682587,-0.03404697,-0.0480635,-0.04510847,-0.03159573,-0.0604271,0.04711649,-0.05142972,-0.09620609,0.06388023,-0.05091265,200000.00302251,0.01883752,0.01635459,0.03732928,-0.09135672,0.05156273,0.01476104,0.22556348,0.04552127,0.03441929,0.20379502,-0.00788889,-0.02083088,-0.02861513,-0.03090088,-0.0479665,-0.05052564,-0.01897315,-0.0576065,0.04725874,-0.05418976,-0.09582815,0.06289261,-0.04825354,201000.007601,0.01696447,0.02046299,0.04016927,-0.09172871,0.05191194,0.01811741,0.22724573,0.04653614,0.03313099,0.20478807,-0.01319662,-0.01913699,-0.03079238,-0.03488633,-0.04913764,-0.05053926,-0.02383709,-0.05852059,0.04805333,-0.05191245,-0.09625443,0.06924503,-0.05115931,202000.00754591,0.01728177,0.02214901,0.0396518,-0.09655411,0.05153191,0.01507152,0.22686698,0.04746332,0.03246637,0.20199029,-0.01134177,-0.0189193,-0.02730088,-0.03553277,-0.04843639,-0.05206876,-0.03349893,-0.05774093,0.04321592,-0.04845539,-0.096847,0.0720559,-0.0498374,203000.0025941,0.01126899,0.01550376,0.03481857,-0.08309147,0.04891025,0.02627451,0.22991483,0.04771674,0.04331947,0.20575222,-0.00260304,-0.02907808,-0.02885416,-0.03307835,-0.04944001,-0.04799842,-0.0296059,-0.05877081,0.04617935,-0.04865207,-0.09638241,0.0651795,-0.04755598,204000.00097407,0.01342355,0.01843064,0.0345733,-0.08107517,0.04831171,0.02840287,0.22849177,0.04815934,0.04737132,0.2095079,-0.00216225,-0.02705678,-0.03086085,-0.03576201,-0.04766556,-0.05187759,-0.03588971,-0.0546631,0.04818508,-0.04948509,-0.09524391,0.06427323,-0.0458985,205000.00351366,0.01020325,0.01764563,0.03418519,-0.08480063,0.05097402,0.02248977,0.22971529,0.04882977,0.04356725,0.20357691,-0.00697926,-0.02295176,-0.02969816,-0.0302521,-0.04828246,-0.05496602,-0.02564131,-0.05729693,0.04302828,-0.05397293,-0.09760713,0.06548347,-0.05169185,206000.00440636,0.00952942,0.0171998,0.0343221,-0.08700769,0.04680624,0.02225896,0.2295671,0.04709162,0.04054405,0.20883177,-0.01085333,-0.04108796,-0.03555201,-0.03735853,-0.04839688,-0.05707939,-0.01777899,-0.06144372,0.04319549,-0.05451052,-0.09893856,0.06496886,-0.05264983,207000.00438305,0.01404686,0.01778021,0.03558717,-0.08705406,0.04920872,0.02265449,0.22923011,0.04744142,0.03947576,0.21214487,-0.01398385,-0.02919434,-0.03739087,-0.03523704,-0.04868099,-0.05480837,-0.01864898,-0.05903009,0.04719872,-0.04648748,-0.09953139,0.06827937,-0.06006568,208000.00634472,0.01567457,0.0231062,0.03462121,-0.0891511,0.05110376,0.01746408,0.2295759,0.04584095,0.03587669,0.21260014,-0.01288636,-0.02161662,-0.03519079,-0.03367024,-0.05026316,-0.05399993,-0.02730526,-0.06096002,0.04606222,-0.04518734,-0.09860777,0.06350697,-0.05860813,209000.0056619,0.01521355,0.02249733,0.03722182,-0.09338506,0.05491687,0.02318049,0.23162211,0.04862943,0.03317776,0.21123727,-0.01825756,-0.01959419,-0.03377745,-0.03670451,-0.05265732,-0.05687074,-0.02525911,-0.0638805,0.04480376,-0.04977883,-0.09873603,0.06320461,-0.0525783,210000.00573984,0.02104811,0.01793369,0.0388007,-0.09674034,0.0567737,0.02008467,0.2303199,0.04572287,0.03128643,0.21166246,-0.0165938,-0.02998891,-0.03864629,-0.03700183,-0.05006018,-0.05671029,-0.0199688,-0.06398576,0.04689969,-0.05407416,-0.09962139,0.06909182,-0.05154491,211000.00361484,0.01942244,0.01787737,0.03692605,-0.09070077,0.05478165,0.01775627,0.22885925,0.04469408,0.03332931,0.20667095,-0.01276713,-0.03608871,-0.03962307,-0.0378647,-0.05430975,-0.0568342,-0.03618491,-0.061954,0.04872699,-0.05787163,-0.09797215,0.06903789,-0.05212432,212000.00446688,0.01253549,0.01542724,0.03392452,-0.08219793,0.05190029,0.02809157,0.22981577,0.04919306,0.04468963,0.20994049,-0.00832763,-0.03131882,-0.03852809,-0.03561641,-0.05435779,-0.05848172,-0.03141052,-0.06264459,0.04196193,-0.04917807,-0.09994947,0.06549261,-0.05167573,213000.00144879,0.0132558,0.01458996,0.03293919,-0.08354082,0.04813172,0.02561967,0.23196793,0.04798216,0.04424863,0.21234617,-0.00972164,-0.02724436,-0.04654126,-0.03942722,-0.05308362,-0.06069947,-0.0264807,-0.06605297,0.04653049,-0.05122925,-0.09990226,0.06322367,-0.05330971,214000.00142515,0.01534248,0.01988956,0.03278394,-0.08510471,0.04988677,0.02077848,0.23065224,0.04760122,0.03935903,0.21423812,-0.01100498,-0.03503681,-0.04009776,-0.03573506,-0.05321105,-0.06000431,-0.03379622,-0.06693828,0.0460662,-0.05607789,-0.10061862,0.06381904,-0.05623386,215000.00477692,0.01293154,0.02210625,0.03503223,-0.08672573,0.05037548,0.02171316,0.22886525,0.04725081,0.03854623,0.21468952,-0.01713521,-0.02886752,-0.04683637,-0.03361071,-0.05710408,-0.06446423,-0.02888618,-0.06657507,0.04601859,-0.05614995,-0.1022835,0.06779491,-0.05954855,216000.00373185,0.01515657,0.01699179,0.03571269,-0.09365846,0.05538706,0.01823438,0.23009597,0.04712221,0.03566696,0.21142934,-0.01712185,-0.03105975,-0.04186609,-0.03642184,-0.0555661,-0.06005037,-0.03875475,-0.06786203,0.04196663,-0.05882473,-0.10426359,0.07095788,-0.06134758,217000.00590429,0.01580983,0.01591017,0.03627959,-0.09770763,0.05194192,0.02068307,0.23597106,0.04566217,0.03371307,0.21263549,-0.02105578,-0.03792056,-0.04385725,-0.03802132,-0.05580721,-0.06271812,-0.03106305,-0.07008454,0.0400336,-0.05526244,-0.10443292,0.07133961,-0.06539426,218000.00548282,0.01637651,0.02226104,0.04052622,-0.09645777,0.05697483,0.02104064,0.23598257,0.04486174,0.03191609,0.20950407,-0.02261274,-0.0406503,-0.04809453,-0.04242773,-0.05676609,-0.05877572,-0.04215561,-0.0693003,0.04925903,-0.06608006,-0.10542721,0.06824728,-0.05829144,219000.00881213,0.02105043,0.02030554,0.03912722,-0.09854924,0.05591544,0.02137773,0.23176338,0.04559138,0.02867595,0.22226845,-0.02543561,-0.04797463,-0.04369619,-0.04233662,-0.05699839,-0.05480301,-0.04542834,-0.0704371,0.04849442,-0.05954748,-0.10581928,0.06357791,-0.05592241,220000.00767894,0.02049463,0.02399637,0.03787052,-0.0975389,0.05684926,0.01828258,0.23405954,0.0461404,0.02729036,0.21932837,-0.02822174,-0.03747422,-0.04277942,-0.03891924,-0.0593218,-0.05873192,-0.03519514,-0.06926202,0.04081279,-0.06559638,-0.10656321,0.06942804,-0.06105195,221000.00617522,0.01305043,0.01961335,0.03503157,-0.08231164,0.05021329,0.02640622,0.23213151,0.04654312,0.03708486,0.21730149,-0.01825951,-0.03208504,-0.04070215,-0.03986262,-0.05736898,-0.06036374,-0.03651046,-0.07055195,0.04241321,-0.06063689,-0.10694254,0.0674056,-0.05853784,222000.00717439,0.01486065,0.01677327,0.03244691,-0.08009797,0.05033525,0.02450221,0.23687534,0.04881389,0.04435286,0.22131944,-0.01314423,-0.02330611,-0.04770248,-0.04073467,-0.05823134,-0.05939692,-0.02585894,-0.07211831,0.04495475,-0.05370488,-0.10670871,0.06520109,-0.06386792,223000.00786238,0.01320734,0.01717103,0.03412103,-0.08314536,0.05049527,0.02350074,0.23711984,0.0476177,0.04056915,0.21312626,-0.01558958,-0.0333202,-0.03887298,-0.03460739,-0.06005339,-0.0622752,-0.02974958,-0.06919456,0.04550518,-0.0607089,-0.10970739,0.07205777,-0.0686409,224000.00343573,0.01445382,0.01838573,0.03395427,-0.09040157,0.05239975,0.02275084,0.23755479,0.04596034,0.0368663,0.21772303,-0.01835896,-0.0459235,-0.04968725,-0.03978955,-0.06113498,-0.05727221,-0.04191244,-0.06512444,0.03901062,-0.05404329,-0.11004321,0.06926932,-0.06159543,225000.00343962,0.01719071,0.01764944,0.03574267,-0.08771224,0.05337777,0.02146491,0.23649883,0.04597573,0.03770834,0.21905015,-0.01985767,-0.04362427,-0.05192163,-0.03990996,-0.05963392,-0.06367863,-0.03712277,-0.06922375,0.05435676,-0.05506428,-0.11295947,0.07234985,-0.05352504,226000.00388,0.01664916,0.0175419,0.03653471,-0.09277876,0.05414449,0.02135979,0.23749842,0.04628419,0.0360367,0.2206094,-0.02408497,-0.03597099,-0.04544678,-0.03918743,-0.06156261,-0.05771213,-0.04071825,-0.07505662,0.0440519,-0.06156217,-0.1146136,0.0698735,-0.07210726,227000.00448431,0.0182704,0.02204908,0.03892897,-0.0910489,0.05692174,0.01919708,0.23767743,0.04652845,0.03118185,0.21351776,-0.02026595,-0.04113849,-0.04970547,-0.0370551,-0.06273181,-0.05407989,-0.03808771,-0.07271704,0.04316605,-0.05865141,-0.115537,0.0702347,-0.07138525,228000.00511203,0.02158606,0.02030279,0.04323295,-0.0903217,0.06184845,0.02210702,0.23540936,0.04654162,0.02925761,0.21076804,-0.02282513,-0.0409269,-0.04877824,-0.04190852,-0.06151271,-0.05854593,-0.03074108,-0.07611394,0.04291416,-0.05657386,-0.11573779,0.07180226,-0.06718097,229000.01053204,0.02192147,0.02193706,0.04215505,-0.09326986,0.05656104,0.01999884,0.23665184,0.04829699,0.02866342,0.21498567,-0.01922233,-0.03762804,-0.04624585,-0.04399259,-0.06083706,-0.05752225,-0.02981159,-0.0728896,0.03789986,-0.06065456,-0.1156745,0.07370022,-0.06399068,230000.00748094,0.02157744,0.01979484,0.03808862,-0.08182891,0.05371257,0.02810187,0.23939824,0.04987411,0.03369062,0.22382778,-0.01221945,-0.03700448,-0.05345533,-0.05041808,-0.06089166,-0.05630234,-0.03589243,-0.0722066,0.04204327,-0.05864025,-0.11569049,0.06625313,-0.06439131,231000.00287831,0.01637771,0.01844965,0.0346747,-0.07566359,0.04952713,0.02969265,0.23855568,0.05028854,0.0457343,0.21956061,-0.00603547,-0.03115051,-0.05016542,-0.04431672,-0.05987283,-0.05430302,-0.03579105,-0.07335191,0.04704509,-0.05928936,-0.11645953,0.0653297,-0.06430098,232000.00233313,0.01643238,0.02222444,0.03677955,-0.07668735,0.05201008,0.02506553,0.24051918,0.05132413,0.04297083,0.22022082,-0.00996579,-0.03792648,-0.04440721,-0.04381408,-0.06169073,-0.05301152,-0.03147312,-0.07764135,0.04515235,-0.05773682,-0.11873455,0.07180057,-0.07669995,233000.00515821,0.01962752,0.01766346,0.03755363,-0.07834051,0.05591946,0.02566171,0.24015936,0.05243139,0.04116702,0.2220242,-0.00884037,-0.03772115,-0.04187737,-0.04255371,-0.06344425,-0.05279673,-0.03801532,-0.07550922,0.04305031,-0.06356955,-0.12029283,0.06958988,-0.07706396,234000.00655109,0.02290678,0.018165,0.03844792,-0.0807154,0.0557298,0.02949259,0.23942241,0.04949604,0.03977265,0.21539181,-0.01129322,-0.03484697,-0.04313639,-0.04192513,-0.06076613,-0.0521572,-0.02629263,-0.07263675,0.04094971,-0.06620803,-0.12189297,0.06861122,-0.07589202,235000.00895823,0.02265647,0.01806178,0.03734281,-0.08695388,0.05109289,0.0301995,0.23819114,0.05236459,0.03786249,0.22673558,-0.01117479,-0.05391724,-0.04504818,-0.04811731,-0.0630075,-0.05225578,-0.03494738,-0.07020805,0.04506927,-0.06602203,-0.12288362,0.0651703,-0.07534939,236000.00869685,0.02229352,0.02016683,0.04072025,-0.08576651,0.05754736,0.02479514,0.23783976,0.04838497,0.0350485,0.21884498,-0.01476136,-0.04512988,-0.04043561,-0.04354213,-0.06272628,-0.05077388,-0.03125116,-0.06893781,0.04212886,-0.06444865,-0.12505105,0.06924126,-0.07173841,237000.00835259,0.0281446,0.02045413,0.04360447,-0.08477784,0.05944574,0.0211762,0.23821326,0.04811721,0.03334947,0.21665995,-0.01220292,-0.03172847,-0.03915612,-0.04627611,-0.06254105,-0.05054516,-0.03754167,-0.06969021,0.04683949,-0.06172843,-0.12413215,0.06768898,-0.07228573,238000.00868659,0.02759959,0.02184478,0.04241858,-0.08155083,0.06184566,0.02932048,0.24009484,0.05124688,0.03493337,0.22286749,-0.0062769,-0.03344366,-0.03805164,-0.0466968,-0.06093411,-0.04840701,-0.03369077,-0.0742044,0.04567083,-0.05859064,-0.12362459,0.07023747,-0.0674714,239000.00692086,0.02151666,0.01847082,0.0369771,-0.06770621,0.04973353,0.02802322,0.24000549,0.05393141,0.04665676,0.22514568,0.00047293,-0.03208778,-0.03929534,-0.04835027,-0.06148501,-0.04758703,-0.03310206,-0.07385572,0.03950664,-0.04859471,-0.12316295,0.06577356,-0.07056303,240000.00751353,0.02622085,0.01644951,0.03978966,-0.0690406,0.05157948,0.03739467,0.24220023,0.05446531,0.04827872,0.22753692,0.00441779,-0.03721327,-0.04014641,-0.04749173,-0.05904724,-0.04379282,-0.02860227,-0.06967413,0.04618938,-0.05640896,-0.12415324,0.07151634,-0.07158019,241000.00735775,0.02725053,0.02187575,0.04106802,-0.06663679,0.05296588,0.03212694,0.2427842,0.05252471,0.04369789,0.22959666,0.00289423,-0.04291799,-0.03432108,-0.04679894,-0.06094578,-0.04457322,-0.02470457,-0.069375,0.04051049,-0.05245315,-0.12431654,0.07447027,-0.07036025,242000.00850836,0.02499565,0.0225629,0.03921783,-0.07375245,0.0511425,0.03256155,0.24310519,0.05323793,0.04333718,0.23017026,0.00561071,-0.03745539,-0.033063,-0.05261637,-0.06163509,-0.04446201,-0.02907972,-0.07066215,0.04485114,-0.05768384,-0.12576681,0.07204641,-0.07880992,243000.01094381,0.0237179,0.0190843,0.03999144,-0.07163636,0.05100269,0.02692083,0.24219319,0.05175855,0.04291154,0.22586904,0.00150881,-0.03668889,-0.04028976,-0.04546697,-0.06206468,-0.04402957,-0.0239679,-0.0738316,0.03763959,-0.06328235,-0.1274412,0.07137831,-0.06362566,244000.00853089,0.02692926,0.01629463,0.0412891,-0.07498237,0.05577899,0.0303908,0.24070866,0.05217636,0.03985303,0.22022989,-0.00062718,-0.0362788,-0.03169781,-0.04817978,-0.06054444,-0.04182754,-0.02867879,-0.07380927,0.04157542,-0.06330531,-0.12796198,0.07521418,-0.06772935,245000.00727499,0.03175479,0.01971623,0.0440972,-0.07272739,0.05812302,0.02471869,0.24113698,0.05319333,0.03686617,0.21829915,0.00190923,-0.04068308,-0.0325858,-0.04796907,-0.05984631,-0.04020512,-0.02535868,-0.07092091,0.04323024,-0.05903292,-0.12902832,0.07434032,-0.07825796,246000.00695364,0.02523188,0.02258295,0.04338975,-0.07813398,0.06276015,0.02860138,0.24371247,0.0539262,0.03538218,0.22717367,0.00472214,-0.02242093,-0.02901834,-0.04934867,-0.05948662,-0.03818116,-0.03577353,-0.07238831,0.037609,-0.05965352,-0.12926814,0.06289048,-0.08340859,247000.00621057,0.02547091,0.02373742,0.04328192,-0.07054402,0.05677651,0.03621085,0.24369787,0.0552424,0.04292403,0.23503098,0.01335526,-0.03533373,-0.03364851,-0.04877762,-0.06235567,-0.03660644,-0.0258709,-0.07338649,0.03854436,-0.05832249,-0.12996294,0.06695741,-0.08234783,248000.00328618,0.02155075,0.01862789,0.03836103,-0.0579102,0.05242026,0.03730394,0.24435775,0.05666534,0.05187724,0.23097886,0.01771345,-0.03303305,-0.0246753,-0.04411104,-0.06029395,-0.03759756,-0.02620488,-0.07390832,0.04559707,-0.05842226,-0.12795582,0.06881152,-0.07901452,249000.00355588,0.02350926,0.01631684,0.04036139,-0.06129964,0.054569,0.03663509,0.24628906,0.05740409,0.04893987,0.22641176,0.01246626,-0.033228,-0.02528868,-0.04751367,-0.05830021,-0.03802478,-0.02366036,-0.07288353,0.04200885,-0.05949452,-0.12877226,0.07024881,-0.07905756,250000.00337703,0.02747459,0.01821914,0.0401899,-0.067517,0.06055463,0.03738915,0.24825796,0.05484369,0.04535077,0.23292132,0.0142504,-0.03057082,-0.02754109,-0.0506317,-0.05900789,-0.03866001,-0.02283074,-0.07369221,0.04018115,-0.06290691,-0.13110892,0.07447512,-0.07337067,251000.00429695,0.02608941,0.01792645,0.04099064,-0.06751364,0.05210041,0.03285014,0.24717771,0.05553865,0.04579091,0.23014624,0.00817139,-0.0341676,-0.02703233,-0.05360472,-0.05894716,-0.0350208,-0.03702226,-0.069375,0.04198543,-0.06407566,-0.13223088,0.07464826,-0.07341071,252000.00799067,0.02969521,0.01869112,0.04126982,-0.06832339,0.05496361,0.03041606,0.24648665,0.05851913,0.04214201,0.23014359,0.00974679,-0.02559773,-0.02621293,-0.05101421,-0.05853238,-0.03590578,-0.02889781,-0.07332221,0.04112448,-0.05768381,-0.13206075,0.06876366,-0.07911375,253000.00775209,0.03029916,0.02172513,0.0433084,-0.07337803,0.0573202,0.03532173,0.24586387,0.05865255,0.0389215,0.22116007,0.01143334,-0.03843668,-0.02800075,-0.05312042,-0.05876062,-0.03593791,-0.03057265,-0.07530466,0.03772857,-0.05827497,-0.13173175,0.06835841,-0.07487611,254000.00971468,0.03258194,0.02332892,0.04536252,-0.07342229,0.06081847,0.03396893,0.24451776,0.05639587,0.03638549,0.23055837,0.00445951,-0.03937817,-0.02811433,-0.051217,-0.05869002,-0.03504803,-0.05445618,-0.06935831,0.04122984,-0.05390477,-0.13233414,0.0700122,-0.0718065,255000.00920909,0.02897889,0.02564364,0.04573352,-0.07617705,0.06426328,0.03415438,0.24387805,0.0565636,0.0358731,0.22626719,0.00654326,-0.04610132,-0.02795319,-0.0518635,-0.05903216,-0.03329574,-0.03446105,-0.07644294,0.03745478,-0.05482519,-0.13113132,0.07777145,-0.07904141,256000.0090589,0.02717703,0.02213152,0.04274289,-0.06596684,0.05476534,0.03819548,0.24068701,0.05829056,0.04047386,0.22442774,0.01349568,-0.03082388,-0.03045272,-0.05227309,-0.06013974,-0.0371797,-0.03355032,-0.07306071,0.03517407,-0.05995759,-0.13302018,0.07271782,-0.07641876,257000.0033914,0.02651787,0.01912955,0.03953071,-0.05656626,0.05379945,0.04538108,0.24237232,0.06167642,0.05128334,0.23033662,0.02104176,-0.03704773,-0.02440551,-0.05023311,-0.06087643,-0.03436743,-0.02788687,-0.07383547,0.04062751,-0.06422337,-0.13171713,0.06957864,-0.07684211,258000.00489266,0.02310356,0.02335634,0.04043546,-0.06371461,0.05457307,0.03764777,0.24866098,0.06009426,0.0490627,0.22752208,0.02161282,-0.03179581,-0.02064956,-0.04538484,-0.06009189,-0.03700177,-0.02149465,-0.06746776,0.0454595,-0.05778617,-0.12981169,0.06965322,-0.07965635,259000.00766929,0.02745033,0.01961617,0.04134403,-0.06155196,0.05958032,0.03410396,0.24873559,0.05636162,0.04566705,0.2321768,0.01336113,-0.02912472,-0.02687277,-0.04544716,-0.05994763,-0.03766803,-0.02504205,-0.07111331,0.03801534,-0.05684336,-0.13046545,0.07012865,-0.07292011,260000.00505723,0.02761127,0.018775,0.04151233,-0.06294741,0.05696356,0.03285014,0.24502178,0.05988431,0.0434093,0.22923781,0.00922412,-0.03962402,-0.02940485,-0.04940394,-0.06001562,-0.03977803,-0.03292438,-0.07636005,0.03861628,-0.05921431,-0.13247566,0.07220238,-0.06949689,261000.00930261,0.0296167,0.02320593,0.04272026,-0.06609385,0.05596493,0.03282372,0.2471011,0.06020419,0.04250582,0.22859715,0.00962822,-0.0439827,-0.03113611,-0.04971461,-0.05888052,-0.03871703,-0.03154384,-0.07583684,0.04639713,-0.05314714,-0.13242972,0.07365955,-0.07237364,262000.00980296,0.0331073,0.02302743,0.04517485,-0.06878731,0.05855085,0.03265099,0.24617839,0.05645083,0.03881487,0.22536394,0.0084834,-0.04245581,-0.02759686,-0.04649616,-0.06007743,-0.03462239,-0.0254846,-0.0702235,0.04097427,-0.05748679,-0.13319789,0.06876366,-0.06908873,263000.00864656,0.03574408,0.02254882,0.04687514,-0.07202991,0.0604136,0.03334486,0.2489128,0.05802161,0.03575401,0.22824542,0.00515719,-0.02869883,-0.02816387,-0.05040986,-0.06114498,-0.03678499,-0.0274407,-0.07129523,0.03914169,-0.06119148,-0.13485648,0.07267987,-0.07399759,264000.01010944,0.03587724,0.02040577,0.04999354,-0.07585975,0.06501514,0.03471254,0.24716944,0.05882717,0.03350586,0.22782077,0.0057475,-0.03326545,-0.02754456,-0.05184491,-0.06239542,-0.03881324,-0.03921812,-0.07309765,0.04013976,-0.05898212,-0.13291043,0.07242095,-0.07308926,265000.00819178,0.03507908,0.02671022,0.04988373,-0.07284912,0.06671906,0.02933648,0.24789709,0.05787596,0.03086119,0.22749861,0.00445601,-0.04083325,-0.03259309,-0.05173761,-0.06176922,-0.03451756,-0.03000052,-0.07183203,0.04178341,-0.04985377,-0.13159108,0.07129508,-0.07196489,266000.00813123,0.03449986,0.02595785,0.04713679,-0.06327983,0.06404215,0.0330195,0.2471472,0.06028735,0.03708153,0.23046741,0.00801782,-0.0274885,-0.03078287,-0.04851745,-0.0641547,-0.03876488,-0.02968141,-0.07312875,0.04226071,-0.05106186,-0.13237445,0.07326223,-0.07606477,267000.00632608,0.03082409,0.02187218,0.04173637,-0.05712053,0.06150457,0.03433565,0.2508752,0.06147427,0.04895175,0.22429889,0.01528176,-0.02359909,-0.02767848,-0.0514839,-0.06092039,-0.03735573,-0.03483808,-0.07355494,0.03836945,-0.05226683,-0.13029996,0.07024945,-0.07290567,268000.00947575,0.02849801,0.01750857,0.04091639,-0.05887125,0.06466539,0.04199206,0.25291052,0.05923645,0.04677279,0.23260784,0.00874335,-0.0279038,-0.02613008,-0.04813075,-0.0608495,-0.03483152,-0.03747802,-0.07664489,0.03713894,-0.0556732,-0.12961727,0.07170085,-0.07299085,269000.00750857,0.02868819,0.0225457,0.04485105,-0.06258474,0.06731337,0.04088471,0.25216758,0.06086618,0.04494589,0.22897884,0.01306607,-0.02653733,-0.02630365,-0.05265769,-0.06148929,-0.03675941,-0.03058773,-0.07253806,0.04742062,-0.06226371,-0.13048162,0.07595815,-0.07076898,270000.00748593,0.03352401,0.02286374,0.04289134,-0.0591311,0.06558131,0.03570746,0.24971984,0.06162384,0.04359681,0.22704704,0.00888015,-0.02858986,-0.03239867,-0.05397112,-0.0605687,-0.0407303,-0.03261808,-0.07161102,0.04035585,-0.05626616,-0.13081662,0.07089436,-0.06789059,271000.00740806,0.03609256,0.02286687,0.04451277,-0.06542252,0.06501008,0.0364193,0.25122753,0.05977304,0.04200366,0.23907508,0.00888292,-0.03919338,-0.02870341,-0.04867645,-0.06220661,-0.03819234,-0.03389904,-0.07397059,0.042465,-0.05398282,-0.12932077,0.07014604,-0.07054657,272000.00727499,0.0351446,0.02475939,0.04797156,-0.06884276,0.06110629,0.0263161,0.25391462,0.06173982,0.03931923,0.23484832,0.00668252,-0.03400371,-0.02649551,-0.04812901,-0.06069421,-0.04044911,-0.0374028,-0.07255743,0.04151467,-0.06379984,-0.12800469,0.07484234,-0.0737747,273000.00868659,0.03674735,0.02314781,0.04818745,-0.06759052,0.06418139,0.03040494,0.25174287,0.05869962,0.03599959,0.22856839,0.00027499,-0.03953175,-0.02432587,-0.05130919,-0.06034531,-0.03613351,-0.03681102,-0.07211399,0.03946639,-0.05656607,-0.12850155,0.07893383,-0.07251859,274000.01091598,0.03587443,0.02536107,0.04972961,-0.06964264,0.06314854,0.03387506,0.24955109,0.05846,0.03364507,0.23773135,0.00596015,-0.03922758,-0.02693102,-0.05328775,-0.06037941,-0.04034396,-0.0319374,-0.07039543,0.03644082,-0.05602512,-0.12785336,0.07708339,-0.07485251,275000.00967603,0.03152015,0.02503845,0.04923447,-0.06629042,0.06409073,0.03174533,0.25143737,0.06031609,0.03699123,0.23885883,0.00575518,-0.03751253,-0.02511795,-0.05641437,-0.06114848,-0.03626378,-0.03748765,-0.06933765,0.03325908,-0.06353299,-0.12670068,0.07870463,-0.07041599,276000.00885915,0.0301373,0.02000341,0.04320237,-0.05473699,0.05925585,0.04293666,0.25057065,0.06245982,0.04954344,0.23342796,0.01183677,-0.04043982,-0.02772284,-0.056829,-0.06165992,-0.03465069,-0.03095037,-0.07002775,0.04295886,-0.05370511,-0.12411021,0.07483588,-0.06813198,277000.01120523,0.03091192,0.02019693,0.04268982,-0.05545177,0.05960408,0.04188594,0.25456184,0.06227421,0.04850086,0.23911808,0.01594293,-0.0294099,-0.02816735,-0.05433036,-0.05972391,-0.03621757,-0.03105034,-0.06785627,0.04380712,-0.06814936,-0.12266009,0.07748386,-0.07551178,278000.00790789,0.03427793,0.02204303,0.04454172,-0.06072402,0.0613642,0.0423892,0.25394657,0.05989179,0.04502026,0.23583996,0.01149732,-0.03415356,-0.03077315,-0.05565832,-0.05818712,-0.03230852,-0.03414696,-0.06838954,0.04598137,-0.0663504,-0.12261609,0.06968161,-0.05826928,279000.00937015,0.0306902,0.01996083,0.04542135,-0.05928446,0.06223533,0.03674784,0.25523567,0.06140184,0.04439055,0.23755266,0.00781205,-0.03438652,-0.03171293,-0.05540857,-0.06059507,-0.0338007,-0.03442283,-0.06794731,0.04964906,-0.06741433,-0.12319859,0.07512067,-0.06263231,280000.0083475,0.03402218,0.02334251,0.04642659,-0.06359188,0.06072597,0.03967506,0.25249258,0.05975279,0.04194764,0.23482607,0.00394603,-0.0254159,-0.03146793,-0.05393546,-0.05969383,-0.0365919,-0.0300226,-0.06837291,0.0448804,-0.06440428,-0.12127507,0.07660306,-0.07170374,281000.01015958,0.03771078,0.02357204,0.04770904,-0.06727852,0.05865396,0.03944548,0.25252765,0.06144406,0.03875721,0.23847257,0.00417005,-0.03521894,-0.02714542,-0.05371985,-0.05958597,-0.04055759,-0.0301414,-0.06584586,0.04092955,-0.05891927,-0.12059698,0.07461926,-0.067279,282000.01094381,0.03732754,0.02398909,0.05180172,-0.06966165,0.06258507,0.04028253,0.25071782,0.06242993,0.03603743,0.23754552,0.00321857,-0.03896559,-0.02351128,-0.0578434,-0.05859662,-0.03937425,-0.036894,-0.06844459,0.04294974,-0.06323189,-0.12051369,0.07342999,-0.06203195,283000.00978164,0.03946295,0.02470056,0.05022311,-0.06760862,0.06736208,0.03453923,0.24819787,0.06103835,0.03486579,0.22887126,0.00187808,-0.03571551,-0.02453828,-0.05400978,-0.05938343,-0.03682591,-0.03213541,-0.06961316,0.04566072,-0.06065863,-0.1186349,0.06693839,-0.05800368,284000.00958684,0.03700739,0.02153398,0.04745994,-0.06201281,0.06112456,0.03523386,0.25053039,0.06051596,0.03929028,0.23223214,0.00622661,-0.03813687,-0.0219804,-0.05227151,-0.05962046,-0.03603565,-0.03584892,-0.06914181,0.04142428,-0.0596943,-0.11737012,0.074958,-0.06041002,285000.00660456,0.0288104,0.01824097,0.04238496,-0.05339728,0.05698254,0.04072592,0.25317323,0.06235669,0.05058008,0.23784678,0.01027752,-0.03836012,-0.02279941,-0.05294115,-0.05716657,-0.03711858,-0.02605561,-0.06910254,0.04262204,-0.05469541,-0.11537158,0.06769681,-0.05873704,286000.00562079,0.0344802,0.01742988,0.0455148,-0.05520594,0.05822463,0.04017449,0.24985728,0.06362505,0.04916748,0.23214559,0.0125926,-0.03208675,-0.01672751,-0.05759789,-0.05703976,-0.0435644,-0.02560452,-0.06718999,0.04055804,-0.06130197,-0.1149129,0.06780279,-0.05822144,287000.00575369,0.03404259,0.02178559,0.04324527,-0.05632391,0.05414877,0.04187695,0.25313839,0.06308673,0.04540389,0.23882328,0.00754807,-0.03150034,-0.02417754,-0.0563936,-0.05602341,-0.03978327,-0.02545107,-0.06284782,0.04269113,-0.05408497,-0.11460855,0.07222694,-0.057289,288000.00826964,0.03828418,0.02376359,0.04384545,-0.06252599,0.05660613,0.03962889,0.2556847,0.06309894,0.04425447,0.24125923,0.00286576,-0.03541878,-0.029936,-0.05456474,-0.0572679,-0.03711717,-0.04124459,-0.07028173,0.04397534,-0.05677783,-0.11363862,0.07017665,-0.06417791,289000.00674776,0.03876542,0.02175839,0.04427913,-0.06578167,0.06043724,0.03657092,0.25290251,0.0593666,0.04284618,0.23346804,0.0003205,-0.04162117,-0.02361178,-0.05297841,-0.05753226,-0.03825757,-0.03327695,-0.06662569,0.03940256,-0.05947559,-0.11254632,0.0705215,-0.05685566,290000.00975384,0.03803405,0.0242153,0.047817,-0.06665302,0.06222227,0.03490531,0.25360739,0.06251673,0.03924355,0.23825258,-0.00207179,-0.04119392,-0.02163722,-0.05286459,-0.05787026,-0.03975768,-0.04134116,-0.06537176,0.04238001,-0.05866305,-0.11246545,0.07871311,-0.05536625,291000.00855334,0.03721455,0.02463306,0.04990248,-0.0681025,0.06708227,0.03395579,0.2527076,0.06096647,0.03617525,0.23237841,-0.00185165,-0.03280545,-0.02546932,-0.05903945,-0.05788356,-0.03603134,-0.03257406,-0.0662325,0.04372152,-0.05828458,-0.11117223,0.08525493,-0.05129045,292000.00977599,0.04048774,0.02180693,0.04962286,-0.06881937,0.0623151,0.03181777,0.25661814,0.05936753,0.03381255,0.23662888,-0.00570852,-0.03688292,-0.02707483,-0.05606019,-0.05616152,-0.03878947,-0.02844193,-0.06745946,0.04413449,-0.06448474,-0.11073671,0.07814209,-0.05091484,293000.00945917,0.0408682,0.02333598,0.04874243,-0.06651624,0.06172539,0.03558918,0.25565147,0.06054085,0.03626784,0.24060398,-0.00075527,-0.02449951,-0.02309255,-0.05842487,-0.05673741,-0.04202367,-0.03744317,-0.06591465,0.04336455,-0.05865954,-0.1096051,0.0695766,-0.05249006,294000.0070764,0.03430215,0.01874535,0.04414243,-0.05265328,0.05743443,0.04357185,0.25399396,0.06349444,0.04821097,0.23799212,0.00671104,-0.0406958,-0.02328985,-0.05664172,-0.05662168,-0.03695675,-0.04096569,-0.0665736,0.04485868,-0.05625473,-0.1089138,0.07468743,-0.0566219,295000.00499798,0.03846851,0.02186714,0.04358282,-0.05247658,0.05724749,0.04096953,0.2550104,0.06291427,0.04799886,0.23577471,0.00366906,-0.03440038,-0.0202421,-0.05421086,-0.05370378,-0.040672,-0.0124671,-0.06618242,0.03956426,-0.05954543,-0.10853908,0.07677063,-0.05633444,296000.0081189,0.03462836,0.02253283,0.04597564,-0.06141007,0.05992773,0.04134162,0.25685483,0.06116021,0.04393058,0.23667502,0.00065875,-0.0251437,-0.02970332,-0.05695999,-0.05417929,-0.0385369,-0.02228168,-0.06500647,0.03867876,-0.06454904,-0.10736105,0.07712997,-0.05228307,297000.00775209,0.03751424,0.02290515,0.0441526,-0.06039981,0.06049823,0.04015313,0.25557974,0.06090216,0.04173728,0.2375247,-0.00177196,-0.02414638,-0.02718221,-0.05470723,-0.05584764,-0.04179212,-0.03914829,-0.06754137,0.04104899,-0.05895796,-0.10887741,0.07031141,-0.05560847,298000.00655109,0.03418026,0.02245396,0.04609985,-0.06460086,0.06266411,0.03989743,0.2571916,0.05869334,0.03939772,0.22904721,-0.00647406,-0.02949907,-0.02625966,-0.05796935,-0.05489099,-0.0415637,-0.0373643,-0.06991354,0.05089293,-0.05219555,-0.10804062,0.07009815,-0.05279163,299000.00798578,0.03851739,0.02562574,0.04611599,-0.06866249,0.06478315,0.03134697,0.25686991,0.05992072,0.03468961,0.23796846,-0.01066902,-0.0316292,-0.02528337,-0.06122465,-0.05599087,-0.04159835,-0.02679716,-0.0676228,0.04515205,-0.0660744,-0.10855062,0.07410978,-0.05366925,300000.00777478,0.04071842,0.02723353,0.04655042,-0.07403462,0.06704602,0.03436238,0.25798762,0.0588875,0.03256846,0.23074411,-0.01317614,-0.04155179,-0.02726504,-0.05881366,-0.05708303,-0.04397514,-0.0487003,-0.07092305,0.03788994,-0.05902112,-0.10811426,0.07743436,-0.05044789,301000.00899794,0.04127857,0.02784026,0.04753915,-0.07258988,0.06897568,0.0379265,0.25400051,0.05900238,0.03084454,0.23773003,-0.01214411,-0.03685824,-0.02454676,-0.06036535,-0.05663788,-0.03912233,-0.05369554,-0.06981953,0.04059337,-0.05432172,-0.10909195,0.0806651,-0.05782117,302000.00820904,0.03837876,0.0233183,0.04844988,-0.07097426,0.06648475,0.03486562,0.25482407,0.06141619,0.03209127,0.24699628,-0.0101436,-0.03632357,-0.02646573,-0.05562449,-0.05711954,-0.04030759,-0.04169437,-0.07035733,0.04322053,-0.05895754,-0.10906799,0.0751319,-0.05878145,303000.00522213,0.02996073,0.02659225,0.04358511,-0.06032243,0.0598806,0.04167112,0.25763494,0.06140326,0.04387268,0.23453771,-0.00619244,-0.04318867,-0.02486584,-0.05470565,-0.05711644,-0.04287194,-0.03154993,-0.07031529,0.04418229,-0.05665573,-0.10765464,0.0738939,-0.05258611,304000.00749079,0.03452215,0.02250569,0.04484698,-0.06261181,0.06281835,0.03946904,0.25874579,0.06278862,0.04252691,0.23487318,-0.00928168,-0.04011604,-0.02771053,-0.05590199,-0.0553974,-0.0375738,-0.02415867,-0.06970591,0.04232155,-0.06155191,-0.10718421,0.07043194,-0.05297885,305000.00900847,0.03370013,0.02018639,0.04506284,-0.06719279,0.06478337,0.03816046,0.25838029,0.06144419,0.03829664,0.23105064,-0.00953734,-0.03306136,-0.02998928,-0.05563385,-0.0559465,-0.04136198,-0.01608218,-0.07111568,0.0384643,-0.06312784,-0.10871836,0.07339475,-0.05490829,306000.00568046,0.03410618,0.0226931,0.0431488,-0.06757755,0.06358552,0.03629513,0.25887612,0.05868162,0.03836795,0.23075783,-0.01444306,-0.05096614,-0.02822906,-0.05607166,-0.05607111,-0.04389921,-0.02522677,-0.06909423,0.04530225,-0.05750801,-0.11047194,0.06987681,-0.05521959,307000.00463597,0.035956,0.02026531,0.04409166,-0.07372013,0.06147264,0.03722204,0.25780329,0.05800691,0.03572423,0.2316557,-0.01371194,-0.04356738,-0.02861123,-0.05773495,-0.05484222,-0.04771782,-0.02942853,-0.07003468,0.04281323,-0.05845422,-0.11087446,0.07568318,-0.05341497,308000.00536888,0.03528275,0.02187692,0.04744458,-0.07437362,0.06167445,0.03257332,0.25266165,0.05720018,0.03238064,0.23133714,-0.01727143,-0.05458313,-0.03097912,-0.05811002,-0.05651435,-0.04718464,-0.0408361,-0.07246442,0.04056397,-0.06414735,-0.11166761,0.08146044,-0.05966356,309000.00699574,0.03675316,0.02443372,0.04846575,-0.07699925,0.06179926,0.0293535,0.25528508,0.05833806,0.02962569,0.23432067,-0.02445605,-0.05218631,-0.03064485,-0.05443899,-0.05609753,-0.04730613,-0.04042099,-0.07407387,0.04089139,-0.05742374,-0.11271485,0.07770739,-0.0515164,310000.01013182,0.03135649,0.02398201,0.04851221,-0.08070716,0.063027,0.02588584,0.25557712,0.05666467,0.02779907,0.2370068,-0.02164456,-0.04260273,-0.03087085,-0.05271544,-0.05721347,-0.04453607,-0.03165229,-0.0752704,0.04268818,-0.05919334,-0.11206104,0.08211631,-0.05471509,311000.00552013,0.03066543,0.02002013,0.04427913,-0.06842687,0.05819422,0.03571164,0.25629988,0.05937187,0.03846608,0.23530291,-0.01908697,-0.04481175,-0.03267672,-0.05682896,-0.05878462,-0.04553832,-0.03551895,-0.07104371,0.03466349,-0.06500621,-0.11238575,0.07123943,-0.05466676,312000.00299149,0.03099125,0.02277199,0.04065597,-0.06705797,0.05641833,0.03863935,0.25787383,0.06046959,0.0423337,0.23762389,-0.01364664,-0.0387544,-0.02798416,-0.05846909,-0.05706833,-0.04712472,-0.03961989,-0.07098193,0.03638756,-0.06468192,-0.11211182,0.07170799,-0.04956,313000.00739464,0.03390518,0.02380783,0.04298716,-0.07248415,0.0594102,0.0361913,0.25901589,0.05865283,0.03827058,0.2377184,-0.02432759,-0.05062101,-0.03253284,-0.06018537,-0.05803529,-0.05344236,-0.03827167,-0.06970713,0.04299006,-0.07126605,-0.11289082,0.07688404,-0.04946475,314000.00600544,0.0303362,0.0213782,0.04216826,-0.07577813,0.06023968,0.032029,0.25806236,0.05703468,0.03600031,0.23245172,-0.02537435,-0.06129148,-0.03311044,-0.06187063,-0.05813398,-0.05064955,-0.03801667,-0.07146878,0.04042011,-0.05768343,-0.11592931,0.079119,-0.0530015,315000.00511203,0.03155878,0.02269779,0.04284909,-0.0778592,0.05855859,0.03028045,0.25916454,0.05589409,0.03496301,0.24249308,-0.02324732,-0.05024446,-0.03641494,-0.06189048,-0.05999726,-0.05139196,-0.02815978,-0.07408489,0.04208691,-0.0656943,-0.11672258,0.07460553,-0.05677322,316000.0057124,0.03310032,0.02399288,0.0448914,-0.08342616,0.05955081,0.02754567,0.25852734,0.05751705,0.0320948,0.23328006,-0.0279478,-0.04026175,-0.03320153,-0.06129074,-0.06015911,-0.0527453,-0.03060464,-0.0737208,0.04501327,-0.07179794,-0.11972161,0.07295329,-0.05637767,317000.00584521,0.03449675,0.02478495,0.04738184,-0.08525258,0.0591704,0.02870182,0.26039305,0.05527258,0.02953569,0.22919151,-0.02954615,-0.04662325,-0.04016641,-0.06299769,-0.06039178,-0.05613669,-0.034954,-0.07510398,0.04486194,-0.0677202,-0.11932951,0.08119315,-0.051768,318000.00497931,0.036349,0.02383251,0.04885192,-0.09102485,0.06135065,0.02441815,0.25898597,0.05677815,0.02688644,0.22878407,-0.02872713,-0.0539401,-0.0390323,-0.05890721,-0.06132104,-0.05340064,-0.03820767,-0.07641076,0.0394254,-0.06507595,-0.11924384,0.07531761,-0.05403157,319000.00745833,0.03412243,0.02401217,0.04553081,-0.08341338,0.06113686,0.02990513,0.25734845,0.05738429,0.03059065,0.22501367,-0.02721956,-0.04395368,-0.03961435,-0.05769491,-0.0616757,-0.05449216,-0.05058201,-0.07512273,0.04570999,-0.06552546,-0.11952174,0.07443936,-0.07081386,320000.00143752,0.02895055,0.02427882,0.04067734,-0.07448651,0.05388938,0.03512102,0.25865698,0.05843785,0.04103117,0.23560464,-0.01911204,-0.0394993,-0.03779661,-0.05755373,-0.06110555,-0.05708576,-0.04269989,-0.07727909,0.04328099,-0.0809058,-0.11946762,0.07374038,-0.05949128,321000.00343573,0.02971978,0.0209311,0.04218126,-0.07653449,0.05134158,0.03652366,0.25648192,0.05611718,0.0409375,0.2335929,-0.0256482,-0.04019682,-0.03932185,-0.05632446,-0.06000698,-0.0561074,-0.03971623,-0.0745598,0.04208073,-0.07540595,-0.12053917,0.07354153,-0.06128538,322000.00412181,0.02865706,0.02500458,0.04084916,-0.08197971,0.05652949,0.03107375,0.25713095,0.05459534,0.03734313,0.23636131,-0.02733832,-0.06010298,-0.03511862,-0.05399259,-0.06089477,-0.05632196,-0.04478617,-0.0754775,0.04545331,-0.07556432,-0.12241884,0.06738282,-0.06494216,323000.00257818,0.02865706,0.02476945,0.04185352,-0.08457173,0.0519889,0.03100377,0.25970852,0.05314083,0.03591768,0.23744476,-0.02497116,-0.05677915,-0.04465688,-0.05692235,-0.06332617,-0.06328524,-0.04112534,-0.07957046,0.03884393,-0.07914735,-0.12443138,0.07647212,-0.07028437,324000.0054786,0.02672199,0.0225473,0.04160793,-0.08933375,0.05574918,0.02557346,0.25573936,0.05402804,0.03490653,0.23667674,-0.03341067,-0.05664202,-0.04713391,-0.06158558,-0.06236224,-0.06533062,-0.03943827,-0.07880507,0.03924139,-0.07649329,-0.12676099,0.07941539,-0.06271092,325000.0047455,0.02995693,0.0235521,0.04331063,-0.09498793,0.05854133,0.02736825,0.26086453,0.05342911,0.03120488,0.23150717,-0.03673457,-0.06127946,-0.04845614,-0.05912204,-0.06337082,-0.06349547,-0.03990589,-0.07702851,0.03431814,-0.07147627,-0.12691709,0.0798711,-0.06337719,326000.00526354,0.03187608,0.02275588,0.04533971,-0.09102669,0.05830124,0.02567842,0.26007101,0.05427345,0.0271657,0.23062074,-0.04152497,-0.06046186,-0.04916642,-0.05718786,-0.06439745,-0.06083345,-0.0536188,-0.07678554,0.04603321,-0.08050913,-0.12804663,0.07583147,-0.0704646,327000.00455806,0.02859862,0.02180378,0.04647065,-0.09752167,0.06280516,0.02091627,0.26102957,0.05380432,0.02607559,0.22920969,-0.04366745,-0.06277312,-0.0552406,-0.05977773,-0.0654843,-0.0656358,-0.0520326,-0.08124954,0.0391308,-0.07247348,-0.12794772,0.07094925,-0.05995232,328000.00510331,0.0266268,0.02290983,0.04174461,-0.09284925,0.05879827,0.02964286,0.25878116,0.05314148,0.03120452,0.23397911,-0.03592864,-0.05455457,-0.05717447,-0.05682992,-0.06602027,-0.07117347,-0.05095689,-0.07629117,0.03685796,-0.0709089,-0.12738575,0.07615262,-0.06596044,329000.00217733,0.02147224,0.02140515,0.03926471,-0.08390241,0.05304986,0.03453011,0.2585994,0.05440677,0.04143782,0.23163012,-0.03361731,-0.06597808,-0.04707662,-0.05878652,-0.06587706,-0.06590027,-0.04913901,-0.0826049,0.04096929,-0.0778818,-0.12718639,0.07445295,-0.06996068,33000-0.00103182,0.0241625,0.01821367,0.04015027,-0.08518773,0.0583511,0.02747413,0.25750643,0.05183014,0.03838988,0.23845388,-0.03410526,-0.0543864,-0.05538393,-0.060458,-0.06646642,-0.07020767,-0.03756373,-0.07845519,0.04155692,-0.08035153,-0.12917565,0.07741616,-0.07125016,33100-0.00040197,0.02440793,0.02090974,0.03909836,-0.09241091,0.05815149,0.02215846,0.25962937,0.05104818,0.03355774,0.24353784,-0.03962892,-0.05513885,-0.05576146,-0.05843966,-0.06624473,-0.0738028,-0.04743433,-0.08052155,0.03718451,-0.07764645,-0.13221234,0.07410809,-0.07432239,332000.00114034,0.02359178,0.01988037,0.03880553,-0.0944389,0.05693,0.02499346,0.26106444,0.05064905,0.03187516,0.23699673,-0.04339879,-0.06550775,-0.05978997,-0.06098392,-0.0680439,-0.073745,-0.05548821,-0.0799105,0.03912246,-0.08320672,-0.13433856,0.07545753,-0.06732526,33300-0.000273,0.02228828,0.02215306,0.04203889,-0.09828563,0.0581816,0.02471698,0.25946,0.04948328,0.02930608,0.23094365,-0.04838639,-0.07078671,-0.06210988,-0.06090378,-0.06937011,-0.07300291,-0.05453885,-0.08242396,0.04010115,-0.08291076,-0.13540915,0.0730539,-0.07448488,334000.0030967,0.02601371,0.02162324,0.0452259,-0.10397585,0.06167999,0.02413033,0.2611196,0.04983849,0.02503123,0.23302981,-0.0498603,-0.06888937,-0.06290141,-0.06004284,-0.06926474,-0.07610681,-0.05199151,-0.08720602,0.03446194,-0.09588881,-0.13746083,0.07791363,-0.07626187,335000.0027811,0.02714944,0.0278684,0.04527611,-0.10332792,0.06243145,0.0164405,0.26326674,0.04997537,0.02265057,0.23705545,-0.05590029,-0.07847364,-0.06254542,-0.05987645,-0.0720958,-0.07700733,-0.05862044,-0.08571676,0.04068273,-0.08796751,-0.1368849,0.07204238,-0.07360411,336000.00372008,0.02556559,0.02566873,0.04611421,-0.10463791,0.06420429,0.01938205,0.26212904,0.04908991,0.02147556,0.2308422,-0.05643691,-0.06886048,-0.06573171,-0.06554981,-0.07030457,-0.07736593,-0.05511419,-0.08457735,0.03600565,-0.0786048,-0.13704351,0.07276093,-0.07633165,337000.00402733,0.02095533,0.02143381,0.04449274,-0.10029306,0.06182279,0.02295142,0.26097718,0.04868656,0.02576244,0.23788421,-0.05550183,-0.07213965,-0.06540247,-0.06092147,-0.07041848,-0.07558923,-0.05391442,-0.08719297,0.03633421,-0.08713863,-0.13726151,0.07331657,-0.07547077,338000.00269525,0.01465543,0.01723567,0.04053098,-0.09306449,0.06090914,0.02536925,0.26081517,0.05215159,0.03591676,0.22922321,-0.04420132,-0.07448222,-0.06479061,-0.05957933,-0.06924748,-0.07948216,-0.05179605,-0.08157632,0.03476505,-0.08737664,-0.13586353,0.07101995,-0.07187065,339000.00301486,0.01719595,0.02228309,0.04034087,-0.09348809,0.06220753,0.02398743,0.26429912,0.05112721,0.03271753,0.24609192,-0.04687556,-0.07143879,-0.06381741,-0.06285148,-0.07139213,-0.07986245,-0.05209875,-0.08453318,0.0376378,-0.07527643,-0.13719612,0.07347047,-0.07872161,340000.00050657,0.01959514,0.02376597,0.03916952,-0.10508839,0.06458061,0.02372699,0.2623271,0.04898831,0.02735559,0.23475131,-0.04946268,-0.07082598,-0.07176089,-0.05951411,-0.0738042,-0.07980036,-0.06005241,-0.08703201,0.02959541,-0.08922868,-0.1405278,0.07162643,-0.08833921,341000.00087256,0.01723145,0.0192972,0.0384289,-0.1036073,0.06359747,0.01968106,0.26510435,0.04831826,0.02761768,0.2337317,-0.05623478,-0.07037079,-0.07188279,-0.06029804,-0.07555282,-0.08260337,-0.06116201,-0.08590753,0.03242525,-0.08699292,-0.14202961,0.07010797,-0.08894937,342000.00121495,0.02245273,0.0225204,0.04131937,-0.10423826,0.0617081,0.01743955,0.26694098,0.04905201,0.02522836,0.23962846,-0.05856073,-0.0753204,-0.06951305,-0.06216697,-0.0748376,-0.08262445,-0.06385157,-0.0885963,0.04355402,-0.08919933,-0.14299682,0.07247746,-0.07556707,343000.00066585,0.02196435,0.02270551,0.04305137,-0.10964644,0.0653599,0.0145641,0.26238132,0.05034696,0.02345186,0.23963304,-0.0603093,-0.08110046,-0.07101002,-0.06358371,-0.07583353,-0.08683884,-0.06807981,-0.08384933,0.0388725,-0.09581246,-0.14390358,0.07234617,-0.07041899,344000.00238764,0.02541139,0.0252169,0.04530922,-0.11019878,0.06566826,0.01353107,0.266229,0.04846326,0.02074104,0.23913708,-0.05855026,-0.07551276,-0.06409931,-0.06579365,-0.07502748,-0.08335953,-0.06840127,-0.08762374,0.03280114,-0.0917431,-0.14266798,0.07361139,-0.07643423,345000.00489266,0.01949323,0.02579491,0.04517301,-0.11211406,0.06405149,0.02143531,0.26579788,0.04966825,0.01874871,0.23142903,-0.06302729,-0.07850136,-0.07642877,-0.06341881,-0.07878911,-0.08146481,-0.08298511,-0.09021091,0.03074983,-0.09160163,-0.14381824,0.0774271,-0.07852384,34600-0.00111927,0.01916772,0.01728715,0.04129325,-0.09955676,0.05290039,0.02077655,0.26425931,0.05075759,0.02881389,0.24177766,-0.05492526,-0.07263409,-0.08010958,-0.06565652,-0.07768697,-0.08522254,-0.05972964,-0.08687517,0.03608354,-0.09062327,-0.14270121,0.06753185,-0.0795825,34700-0.00072317,0.01784854,0.0195056,0.04090925,-0.09948491,0.05626944,0.02616381,0.26510385,0.05024636,0.0338706,0.23952183,-0.05291802,-0.07517873,-0.07861061,-0.06702263,-0.0773884,-0.0818918,-0.06622538,-0.08840379,0.03550598,-0.09568486,-0.14296579,0.07146525,-0.0810586,348000.00066585,0.02443491,0.02061638,0.04080156,-0.10392077,0.06267981,0.01603092,0.26727104,0.04723094,0.02768696,0.23703223,-0.05652394,-0.07712473,-0.07643503,-0.06499074,-0.07788824,-0.08601767,-0.06169593,-0.08786973,0.03021915,-0.09461927,-0.14472362,0.07294358,-0.08113603,349000.00327985,0.01869916,0.01699911,0.03950456,-0.10945963,0.06215794,0.01917288,0.26598573,0.04734418,0.02521865,0.25176752,-0.06117564,-0.07643089,-0.08015846,-0.06280752,-0.0780502,-0.08782418,-0.06048888,-0.08680468,0.03509337,-0.0928645,-0.14610353,0.0766237,-0.07965157,350000.00299149,0.02016722,0.02008832,0.04012559,-0.11081313,0.06091599,0.02054759,0.26763293,0.04793653,0.02388712,0.24410607,-0.06483954,-0.08006623,-0.07962728,-0.06235301,-0.07669958,-0.08961842,-0.07070053,-0.08861557,0.03484032,-0.09583948,-0.14736521,0.07296398,-0.08126261,351000.00327589,0.02139382,0.022993,0.04158218,-0.11383753,0.05895203,0.01685747,0.26532784,0.04879156,0.02176001,0.24024016,-0.06486014,-0.07572706,-0.08718687,-0.06501044,-0.07884857,-0.09362809,-0.06744675,-0.08814567,0.03311509,-0.0954887,-0.14845064,0.07108057,-0.08265354,352000.00597363,0.02296819,0.02682738,0.04425775,-0.1138237,0.06088267,0.01354307,0.26447311,0.04764459,0.01858729,0.23642872,-0.06469715,-0.08039798,-0.08364667,-0.06406091,-0.08049224,-0.08522999,-0.07091709,-0.08818045,0.03756338,-0.10136969,-0.14761412,0.0716678,-0.07419972,353000.00617522,0.02255727,0.02396574,0.04565168,-0.11372411,0.06305671,0.01632276,0.26703137,0.04766496,0.01770832,0.23793618,-0.06813786,-0.0721834,-0.08274282,-0.06375954,-0.07905909,-0.09079041,-0.07270692,-0.0884533,0.03481059,-0.09380443,-0.14631897,0.07582559,-0.08365399,354000.00392639,0.01935747,0.02438494,0.04389234,-0.10862975,0.06004947,0.0107119,0.2659156,0.04902987,0.02070159,0.23959826,-0.064109,-0.07801623,-0.0813414,-0.06361939,-0.08048586,-0.09420341,-0.07396477,-0.09192168,0.03750935,-0.09759004,-0.14606303,0.08300288,-0.08024178,355000.00196314,0.01962469,0.02351429,0.04094888,-0.10093849,0.0549185,0.02474723,0.26734716,0.05055276,0.03254266,0.24414906,-0.05669945,-0.07460867,-0.08653473,-0.0614275,-0.08010837,-0.08693148,-0.07726481,-0.09230253,0.03064487,-0.09448367,-0.14673918,0.07383434,-0.07270991,356000.0020215,0.01835904,0.01839664,0.04010254,-0.10311519,0.05577917,0.01850107,0.26878786,0.05083241,0.03229418,0.24828058,-0.05759381,-0.07837126,-0.0913647,-0.06354832,-0.08122884,-0.08394264,-0.0773188,-0.0905173,0.03060028,-0.10087871,-0.14692087,0.0735009,-0.08439247,357000.00260175,0.0224165,0.02214861,0.04034777,-0.10450528,0.05648961,0.0209617,0.26969033,0.0495568,0.02815104,0.24606229,-0.06240301,-0.08155691,-0.08411336,-0.06733185,-0.0805963,-0.08666755,-0.06226079,-0.09015496,0.03577236,-0.09618291,-0.14837788,0.07889538,-0.08575542,358000.00487818,0.01564536,0.02161879,0.03894296,-0.11324194,0.0581816,0.0212218,0.26740566,0.04893506,0.02447216,0.24337873,-0.06572085,-0.0830189,-0.08565031,-0.06144299,-0.08369376,-0.08596627,-0.04901318,-0.09253256,0.03661715,-0.09900994,-0.15075195,0.07985161,-0.08413766,359000.00689486,0.02010766,0.02312603,0.04001267,-0.11327222,0.06203938,0.01484594,0.27041757,0.04563585,0.02206689,0.24907246,-0.06387351,-0.08280773,-0.08967297,-0.06511989,-0.08336421,-0.09118985,-0.06932291,-0.09234001,0.03770246,-0.09816585,-0.15278,0.07390637,-0.07859246,360000.00510773,0.02111955,0.02582457,0.04275034,-0.11370321,0.06278224,0.01414175,0.27098209,0.04545067,0.01976866,0.24317646,-0.06607302,-0.07295323,-0.08996972,-0.06293134,-0.08546048,-0.09204864,-0.06142763,-0.09324035,0.04068758,-0.10130974,-0.15301992,0.07769671,-0.08961315,361000.00748593,0.02017222,0.02283492,0.04167269,-0.11770251,0.0625309,0.01543348,0.27322635,0.04642799,0.0175682,0.23856521,-0.06880626,-0.07647999,-0.09218225,-0.05994758,-0.08563263,-0.08967128,-0.07004253,-0.09513386,0.04059155,-0.09886904,-0.1531841,0.07528222,-0.09339993,362000.00716454,0.02611701,0.0255281,0.04299074,-0.11638463,0.05850045,0.01198302,0.27367747,0.04449031,0.01680165,0.24044305,-0.07039755,-0.07142701,-0.09523208,-0.0578205,-0.086711,-0.09295172,-0.08251929,-0.09569483,0.03658595,-0.11161263,-0.15237142,0.07410552,-0.07823735,363000.00535501,0.02413316,0.0236475,0.04476954,-0.1183907,0.06243602,0.013153,0.27033594,0.04695224,0.01738443,0.25283453,-0.06638573,-0.07616507,-0.09228937,-0.05594997,-0.08531922,-0.08643097,-0.07382953,-0.09301206,0.04261354,-0.10361265,-0.15046221,0.0749829,-0.08948736,364000.00297932,0.01321302,0.02137627,0.03776605,-0.10261314,0.05711796,0.02014971,0.26590943,0.05012099,0.02921486,0.24802016,-0.06383399,-0.07460947,-0.09690882,-0.05847406,-0.08640219,-0.0905585,-0.08191109,-0.09131388,0.04120313,-0.09876329,-0.15109946,0.07622204,-0.0810893,365000.00199427,0.01367424,0.02730137,0.03753217,-0.10693205,0.05825136,0.01736416,0.26932535,0.04811859,0.02923868,0.24961455,-0.06143924,-0.0770361,-0.09405656,-0.05523766,-0.08635858,-0.09572351,-0.07708734,-0.09223734,0.03587867,-0.10168199,-0.15268613,0.06353747,-0.08986481,366000.00071668,0.01506175,0.0213026,0.03858418,-0.11096701,0.05815149,0.01714633,0.27238247,0.04367935,0.02490287,0.24835227,-0.06471863,-0.07521132,-0.09030505,-0.05923751,-0.08688743,-0.09382264,-0.05403651,-0.09337448,0.03113989,-0.10283028,-0.15573265,0.07402786,-0.089156,367000.00255099,0.01647912,0.02714889,0.0372875,-0.11613659,0.06157831,0.01507909,0.2732673,0.04617701,0.02338104,0.25781199,-0.06862775,-0.0731989,-0.0911772,-0.05788571,-0.08668929,-0.09589706,-0.07264345,-0.09689187,0.03356713,-0.11479887,-0.15773903,0.07286248,-0.09152708,368000.00325643,0.01994002,0.02270379,0.03972595,-0.11474866,0.06384586,0.0121074,0.27370706,0.04649123,0.02166274,0.24973346,-0.06985109,-0.08126289,-0.09630381,-0.05669701,-0.08840119,-0.09507028,-0.07199257,-0.09701262,0.03075885,-0.1081757,-0.15768223,0.07499071,-0.09154619,369000.00497931,0.01915965,0.02310093,0.04305647,-0.11712141,0.06636761,0.01119472,0.27368006,0.04417426,0.01744007,0.24993604,-0.07291712,-0.06832392,-0.09984449,-0.05311304,-0.08767393,-0.09052777,-0.06798676,-0.0975372,0.03742271,-0.10818057,-0.15825619,0.07483801,-0.08876105,370000.00270317,0.02239859,0.02413065,0.04380255,-0.12170399,0.06479929,0.00937427,0.27326179,0.04573526,0.01367228,0.25143838,-0.07465302,-0.07087558,-0.1071697,-0.05283145,-0.0893054,-0.09471517,-0.07158981,-0.09516443,0.04107779,-0.10880809,-0.15894151,0.07691478,-0.09398388,371000.00379376,0.02158386,0.0231738,0.04436564,-0.124455,0.06862228,0.00738622,0.2757335,0.04483515,0.01285467,0.24916328,-0.07579109,-0.07416545,-0.09923541,-0.04960334,-0.09005002,-0.09103772,-0.08377774,-0.09407715,0.03462036,-0.10538373,-0.15735522,0.07524838,-0.09143008,372000.00256275,0.02239584,0.02380783,0.04560484,-0.12416595,0.0656495,0.00884511,0.2745108,0.04552127,0.0116384,0.25278962,-0.07112742,-0.06354472,-0.09713606,-0.04633661,-0.08949742,-0.09074345,-0.07678436,-0.09289923,0.03250872,-0.10671834,-0.15808271,0.0708749,-0.09679148,373000.00367966,0.01900296,0.01997652,0.04204736,-0.10914011,0.06412618,0.01857788,0.27561593,0.04698005,0.02122451,0.25484353,-0.06483766,-0.0601673,-0.10115767,-0.04538703,-0.091423,-0.09084348,-0.07502782,-0.09375034,0.03316517,-0.11219389,-0.15759203,0.07469061,-0.09309552,374000.00272257,0.02031648,0.02238577,0.03971976,-0.10587443,0.06668959,0.02055658,0.2789489,0.04702035,0.02482519,0.26364207,-0.06116487,-0.05963746,-0.10204612,-0.0451289,-0.09082651,-0.09328768,-0.07321677,-0.0916955,0.03678554,-0.10594077,-0.15641168,0.07608299,-0.08932537,375000.00230972,0.0178461,0.025192,0.04004263,-0.10965241,0.06398316,0.01309175,0.27808076,0.045209,0.02087612,0.24838261,-0.06788657,-0.06595562,-0.09831648,-0.03983099,-0.09073847,-0.08851876,-0.06262131,-0.09294994,0.0391603,-0.10163841,-0.15919915,0.06889568,-0.09133831,376000.00146864,0.0187423,0.02177855,0.04202148,-0.11810985,0.06471501,0.01277961,0.27836901,0.04494106,0.0188245,0.24549417,-0.07137236,-0.06172151,-0.09871225,-0.03853669,-0.09015103,-0.0900408,-0.07449226,-0.09418482,0.03523967,-0.11641414,-0.16065627,0.06419794,-0.09582916,377000.00040152,0.0176053,0.0253479,0.04199138,-0.11788414,0.06427681,0.01106802,0.27952138,0.04551908,0.01760536,0.26196536,-0.07844461,-0.06665645,-0.0995587,-0.04097957,-0.0923169,-0.09015578,-0.06720864,-0.09784467,0.03954655,-0.1094756,-0.16445731,0.0749082,-0.09409252,378000.00139444,0.02049402,0.02759867,0.04370781,-0.12226932,0.06684842,0.00919159,0.27837342,0.04501992,0.01494245,0.25955325,-0.07263129,-0.07446918,-0.09993421,-0.04703259,-0.09257396,-0.09299637,-0.07043274,-0.09520825,0.03699604,-0.10420108,-0.16366023,0.07614438,-0.09330956,379000.00539187,0.02063341,0.02852568,0.04596813,-0.12361177,0.06556225,0.01053645,0.27915832,0.04702285,0.01231848,0.25861704,-0.07432219,-0.05100526,-0.10259572,-0.04506139,-0.09159955,-0.08761212,-0.07189704,-0.09550744,0.03779655,-0.11194585,-0.16366509,0.07626425,-0.09442796,380000.00518118,0.02294144,0.02603191,0.04864696,-0.12578194,0.06385361,0.00963779,0.27757522,0.04589626,0.00970512,0.25804609,-0.07601307,-0.0620548,-0.09844543,-0.04678253,-0.09229265,-0.08653621,-0.07196417,-0.09264693,0.03948937,-0.10418413,-0.16327912,0.0750445,-0.08849644,381000.00465904,0.01973869,0.02648135,0.04509066,-0.11958244,0.06367042,0.0101857,0.27668646,0.04653952,0.01221891,0.25626951,-0.06983435,-0.06719872,-0.10201052,-0.0457184,-0.09434606,-0.08905216,-0.0786807,-0.09423473,0.03545682,-0.10883308,-0.16222824,0.07150366,-0.0838203,382000.00460418,0.01950809,0.02090248,0.0409869,-0.10845944,0.05994235,0.01641669,0.27882776,0.04786453,0.02319814,0.25126666,-0.06139209,-0.05282814,-0.0908714,-0.04323026,-0.09105095,-0.08690809,-0.06321941,-0.09983651,0.03882194,-0.11054325,-0.16288772,0.07431992,-0.09562019,383000.00375144,0.01734877,0.02400156,0.04077844,-0.11328284,0.06341487,0.01276721,0.27738714,0.04792121,0.02352687,0.25834635,-0.0615135,-0.0549295,-0.09651238,-0.04123164,-0.0926205,-0.08494595,-0.0664936,-0.09424108,0.04411362,-0.10594494,-0.16197699,0.07256898,-0.086768,384000.00011685,0.01904112,0.02540434,0.04062297,-0.1196907,0.0605762,0.00661895,0.27628857,0.04609377,0.01859357,0.25505766,-0.06476124,-0.05104281,-0.09831684,-0.0420187,-0.09266157,-0.08454747,-0.05724021,-0.09463727,0.03884406,-0.1097497,-0.1642639,0.06995509,-0.09437533,385000.00072004,0.0152883,0.02749752,0.03991131,-0.11960369,0.06198965,0.01300468,0.27857891,0.04627096,0.01797679,0.25465268,-0.06611942,-0.05853665,-0.10050551,-0.04227045,-0.0934031,-0.08415158,-0.04091347,-0.09835406,0.03849063,-0.10589095,-0.16624793,0.07906024,-0.09340937,386000.00529531,0.02056848,0.02561672,0.04317705,-0.11636977,0.06577595,0.01141051,0.27907166,0.04702701,0.01688072,0.25192213,-0.07055054,-0.05758336,-0.09101382,-0.04466465,-0.09463024,-0.08396856,-0.05253912,-0.09761308,0.04063028,-0.11548686,-0.16567178,0.07405831,-0.09440777,387000.00455806,0.02568912,0.02574552,0.04607284,-0.12265161,0.0680125,0.00771083,0.28207189,0.04622863,0.01357743,0.26015559,-0.07111684,-0.05680026,-0.09566629,-0.04050157,-0.09512193,-0.08120012,-0.06697176,-0.09639708,0.0472655,-0.10255029,-0.16551246,0.06995699,-0.10016406,388000.00568046,0.02242601,0.02897562,0.04593771,-0.12397484,0.0663937,0.00473638,0.28105667,0.04604012,0.01107606,0.26139441,-0.06801298,-0.06477373,-0.09180173,-0.04349614,-0.09370127,-0.08268002,-0.05363318,-0.09582952,0.03712304,-0.10131028,-0.16616483,0.08373233,-0.09795016,389000.00256681,0.02201682,0.03027076,0.04622005,-0.12185393,0.06481834,0.00697965,0.27832657,0.04565552,0.01135761,0.25158817,-0.06983166,-0.06251426,-0.09626099,-0.04316729,-0.09461038,-0.08235948,-0.0578048,-0.09544846,0.03478327,-0.10735379,-0.16600245,0.07991876,-0.09849282,390000.00227457,0.01816419,0.02476036,0.04181479,-0.10957414,0.06228338,0.00854331,0.28060654,0.04614919,0.01935787,0.2544679,-0.06283314,-0.0691512,-0.09462229,-0.04504909,-0.09540962,-0.0840963,-0.06337231,-0.09316693,0.0365051,-0.10498294,-0.16499643,0.07364,-0.09664659,391000.00167887,0.0157475,0.02394551,0.0408262,-0.1079597,0.05761001,0.01719228,0.27978146,0.04673882,0.0270374,0.25199828,-0.05384207,-0.06080227,-0.09467471,-0.04356214,-0.0933945,-0.07868817,-0.04744405,-0.09670831,0.04328617,-0.09718616,-0.16364372,0.083651,-0.092429,392000.00234065,0.01687949,0.02959523,0.0408204,-0.1122487,0.05791123,0.00919956,0.28055423,0.04864001,0.02431798,0.2648423,-0.05492055,-0.0678592,-0.10048183,-0.04392885,-0.09437644,-0.07777316,-0.04988266,-0.09650359,0.03795711,-0.09700357,-0.16568939,0.07435239,-0.09564728,39300-0.00017115,0.01287926,0.02516898,0.04193333,-0.11696394,0.06107608,0.01203711,0.28122774,0.04642525,0.0205522,0.25513914,-0.05736068,-0.07215884,-0.0980862,-0.04463502,-0.09477542,-0.07773913,-0.05630242,-0.0945268,0.04407537,-0.09920877,-0.16846097,0.07702071,-0.10219255,394000.00108614,0.01541254,0.02469399,0.0424299,-0.11596479,0.06454757,0.01288177,0.28138086,0.04700324,0.02064661,0.26273093,-0.05872416,-0.05718304,-0.09818516,-0.04332503,-0.09643406,-0.07667681,-0.05056714,-0.09738994,0.04181209,-0.09630569,-0.16891734,0.07447293,-0.09925218,395000.0058221,0.02089415,0.0247462,0.04400973,-0.11337955,0.06838766,0.00575464,0.2837826,0.04648552,0.01841079,0.25776696,-0.05729533,-0.04949065,-0.09890865,-0.04604442,-0.09519108,-0.08102592,-0.05331922,-0.09804863,0.0415228,-0.10194251,-0.16896844,0.07755844,-0.10117894,396000.00516256,0.02408348,0.02726013,0.04422997,-0.12014136,0.06567653,0.0086212,0.27990493,0.04661058,0.01448453,0.26208416,-0.05909632,-0.05711096,-0.09834947,-0.04080194,-0.09486789,-0.08098301,-0.07022958,-0.09395308,0.04327568,-0.11128576,-0.16761255,0.07675651,-0.09876494,397000.00427374,0.02419285,0.03102274,0.04466567,-0.12514104,0.06247264,0.01166335,0.28249106,0.04775619,0.01258676,0.25703984,-0.06008822,-0.060645,-0.09899349,-0.04942485,-0.09323815,-0.08061693,-0.06248669,-0.0938217,0.04311408,-0.10278284,-0.16927509,0.07893737,-0.09629864,398000.00767418,0.02277813,0.02784118,0.0467132,-0.12209391,0.06502053,0.00586538,0.28293136,0.04809807,0.01173701,0.25550768,-0.05759621,-0.06109186,-0.0953595,-0.05296382,-0.09224397,-0.08184046,-0.0645749,-0.09401728,0.04284003,-0.10236963,-0.16835681,0.07803992,-0.09297045,399000.00269525,0.02139405,0.0304596,0.04382311,-0.11159003,0.06177705,0.0149588,0.28068614,0.05139624,0.01886533,0.26240006,-0.05488205,-0.06461887,-0.09901969,-0.05498054,-0.0938051,-0.07897308,-0.06012703,-0.09217749,0.04421803,-0.09693482,-0.16932818,0.07277136,-0.09355067,40000-0.00056734,0.01993298,0.02757663,0.04059303,-0.10495665,0.05626944,0.01767632,0.28171554,0.05190706,0.02777851,0.26418549,-0.04886863,-0.06772717,-0.09531248,-0.0516586,-0.09328532,-0.07703128,-0.06304372,-0.09311866,0.04338215,-0.08918197,-0.16823912,0.07786307,-0.09337865,401000.00150653,0.02139154,0.02482866,0.04149653,-0.10995249,0.06116882,0.01767455,0.28585491,0.04982338,0.02429828,0.26401195,-0.04611652,-0.06199204,-0.09391086,-0.04934407,-0.09295708,-0.0739221,-0.04591801,-0.09325735,0.05043228,-0.09441224,-0.16812941,0.07844274,-0.09355614,40200-0.00128714,0.01698067,0.02787734,0.04257995,-0.11440808,0.06072735,0.01557214,0.28368786,0.05136451,0.02096287,0.2675975,-0.049753,-0.06746572,-0.09033029,-0.05009218,-0.09242189,-0.07524305,-0.04212401,-0.09490617,0.04511851,-0.10627606,-0.16946325,0.07610665,-0.09693001,403000.00143179,0.01703667,0.02920166,0.04220879,-0.11582258,0.06849141,0.01045464,0.28420892,0.05178182,0.02008956,0.26593012,-0.05429188,-0.07189202,-0.09383784,-0.04796635,-0.09359779,-0.07598591,-0.0491981,-0.09268242,0.04296806,-0.10316617,-0.16974612,0.07630929,-0.1048142,404000.00373185,0.02096778,0.03015964,0.04498089,-0.11559508,0.06796031,0.01188948,0.28387237,0.0496755,0.01830536,0.25841936,-0.05026889,-0.07207242,-0.09551459,-0.05489958,-0.09189785,-0.07367256,-0.05123761,-0.08991376,0.04549674,-0.09476934,-0.17073266,0.07847327,-0.09927032,405000.00498756,0.02187631,0.03233479,0.04811259,-0.12163661,0.0643819,0.00903433,0.28586024,0.05021168,0.01598063,0.25370789,-0.04971644,-0.07188343,-0.08881757,-0.05564266,-0.09129203,-0.07334842,-0.04644827,-0.08868884,0.04697254,-0.0907027,-0.16997844,0.08165357,-0.09538031,406000.00624365,0.02101184,0.03254516,0.04844272,-0.11936577,0.06809765,0.01222612,0.28490993,0.05060463,0.01305341,0.25613919,-0.04938786,-0.07250225,-0.09564517,-0.05924973,-0.09247825,-0.07263565,-0.05579636,-0.09466209,0.04385492,-0.09493303,-0.17096299,0.07902955,-0.09460174,407000.00731667,0.02277925,0.03575432,0.04641961,-0.12138318,0.0685292,0.01502133,0.28488067,0.05221258,0.01191297,0.2562283,-0.05374005,-0.07181761,-0.09644944,-0.05923649,-0.0909017,-0.07017629,-0.05111734,-0.09225316,0.04498177,-0.09901538,-0.17041014,0.08065055,-0.09481415,408000.00702326,0.02304882,0.03065443,0.04748821,-0.11786529,0.06939843,0.01119117,0.28864834,0.05179064,0.01289229,0.25767645,-0.04751301,-0.06923741,-0.09649996,-0.0588636,-0.09287585,-0.07800142,-0.05190245,-0.09313621,0.0385021,-0.09676722,-0.16924004,0.08223204,-0.09405164,409000.00254347,0.02070859,0.02678303,0.04401829,-0.10467568,0.06656037,0.0173159,0.28771251,0.05143012,0.02345247,0.26799789,-0.03754552,-0.06348992,-0.09302437,-0.05611265,-0.09311277,-0.07462752,-0.0582323,-0.09085984,0.04519835,-0.09779114,-0.16916907,0.08270437,-0.09722929,410000.00310049,0.01976622,0.03013004,0.04155014,-0.10617971,0.0652303,0.01846048,0.28456193,0.05306226,0.02556953,0.26812238,-0.03537625,-0.06335083,-0.09577635,-0.05955136,-0.09024981,-0.06509092,-0.03480472,-0.08798895,0.04383607,-0.09188647,-0.16692139,0.08035209,-0.0942638,411000.00228986,0.02303826,0.02652779,0.04269319,-0.10540663,0.06600857,0.01280869,0.28771269,0.05495071,0.02260593,0.27097151,-0.0400809,-0.0661343,-0.09146827,-0.05649569,-0.08967817,-0.0728014,-0.04541004,-0.08801176,0.04054297,-0.08828145,-0.16857813,0.07923506,-0.09711875,412000.0033889,0.02502631,0.02628837,0.0456806,-0.10655123,0.06710454,0.01492287,0.28786594,0.05589436,0.02105528,0.26417118,-0.03907645,-0.07861385,-0.08438718,-0.05575396,-0.0903263,-0.06942316,-0.05024618,-0.08923008,0.0427271,-0.09629839,-0.16826648,0.0838605,-0.09924457,413000.00257818,0.02004853,0.02612978,0.04599145,-0.11000943,0.06511496,0.01534025,0.28530771,0.05525067,0.01911907,0.26144207,-0.03917555,-0.06857692,-0.08568437,-0.05328665,-0.09251784,-0.06829479,-0.04677853,-0.09219747,0.0421968,-0.09864277,-0.169236,0.08663712,-0.09988686,414000.00409838,0.02577037,0.03061044,0.0471397,-0.11894851,0.06463343,0.01302214,0.2846359,0.05363832,0.01745914,0.26788568,-0.04225235,-0.06649387,-0.08653587,-0.05490858,-0.09136255,-0.07069079,-0.05486024,-0.09452856,0.04357675,-0.08926833,-0.16939697,0.08314534,-0.09348802,415000.00634472,0.02933752,0.03337092,0.04927976,-0.11549937,0.06387895,0.01094708,0.28559691,0.05426743,0.01626285,0.26343352,-0.04496707,-0.07411133,-0.08939819,-0.05943675,-0.08924963,-0.06636135,-0.03940386,-0.08827648,0.03848807,-0.08746229,-0.1670325,0.08234921,-0.09036326,416000.00545544,0.03006607,0.03179899,0.05177436,-0.11385792,0.06392879,0.0113088,0.28356934,0.05499619,0.01447817,0.25545359,-0.04343682,-0.08261555,-0.09058419,-0.05915118,-0.08919355,-0.06920471,-0.0535125,-0.09234822,0.0384385,-0.09263986,-0.16677411,0.08273003,-0.091057,417000.00218108,0.02519871,0.02781885,0.04575504,-0.10658229,0.06604278,0.01550821,0.28419951,0.05885331,0.01865267,0.26047155,-0.03958105,-0.05916788,-0.0887251,-0.05904853,-0.08813592,-0.06798404,-0.05364554,-0.09024559,0.03795842,-0.08801985,-0.16755936,0.07947392,-0.08949764,418000.00356426,0.02516641,0.02466868,0.04549892,-0.09965614,0.06392596,0.02152132,0.28763825,0.05905081,0.02684063,0.26782247,-0.03891286,-0.05546508,-0.08875793,-0.05791011,-0.08874799,-0.07305785,-0.04376625,-0.09177373,0.04481583,-0.08750178,-0.1668433,0.08720509,-0.09329593,419000.00621622,0.02407558,0.02780165,0.04622455,-0.10244069,0.06411956,0.02005496,0.28725234,0.05463019,0.02311733,0.26641715,-0.04135729,-0.06506062,-0.08847449,-0.05544886,-0.08926475,-0.0621754,-0.04109983,-0.09277912,0.04064855,-0.09454016,-0.16560763,0.07986488,-0.09166595,420000.00621622,0.02576685,0.02867596,0.04328488,-0.10587208,0.06619948,0.02083489,0.28372708,0.0557789,0.02126773,0.27110076,-0.04192706,-0.07224376,-0.08543626,-0.05437975,-0.08832276,-0.06725536,-0.05168936,-0.09458262,0.04428115,-0.09047608,-0.16590366,0.08086117,-0.09764135,421000.00501488,0.02574085,0.03109094,0.04429039,-0.10653273,0.06455089,0.0139468,0.28886896,0.0564468,0.02118554,0.26675037,-0.04190289,-0.07088309,-0.08242194,-0.06224881,-0.08810636,-0.06498843,-0.05400148,-0.09352931,0.03404627,-0.08857898,-0.16403335,0.09080925,-0.09576493,422000.00682556,0.02745904,0.02790626,0.04478673,-0.1097369,0.06594761,0.0206599,0.2860494,0.05507237,0.01980942,0.25756115,-0.04234992,-0.07075383,-0.07942698,-0.06204929,-0.08745633,-0.06871278,-0.05105934,-0.08980445,0.03240292,-0.08986072,-0.16426875,0.08555066,-0.09180612,423000.00892235,0.02990868,0.02978816,0.04780792,-0.11241397,0.06493246,0.01338044,0.28702614,0.05563238,0.01699117,0.2617301,-0.04457592,-0.07475563,-0.07999356,-0.05866532,-0.08667833,-0.07009619,-0.05205672,-0.09050047,0.04431792,-0.08982373,-0.16538215,0.08524011,-0.08666396,424000.00983559,0.0331701,0.03171979,0.05039607,-0.10862014,0.06554655,0.01767277,0.28574532,0.05629078,0.0138431,0.2580308,-0.04415237,-0.07056823,-0.08197345,-0.05804847,-0.08717119,-0.06333978,-0.053444,-0.08905248,0.04714205,-0.0879892,-0.16545732,0.08358891,-0.08821637,425000.007601,0.0236205,0.03240497,0.04866316,-0.1050825,0.06615348,0.0174494,0.28771171,0.05766679,0.01666114,0.25674149,-0.04127849,-0.06994987,-0.08042227,-0.06025283,-0.08574857,-0.06483923,-0.06037738,-0.09495384,0.04282661,-0.08847481,-0.16484435,0.08494739,-0.09833004,426000.00450753,0.02220078,0.02843203,0.0436604,-0.09627494,0.06490563,0.02896064,0.28500494,0.05845471,0.02956882,0.26399988,-0.03403379,-0.05914445,-0.07974908,-0.0626772,-0.08530205,-0.06500193,-0.05012477,-0.09175918,0.0428514,-0.08105627,-0.16311437,0.08670592,-0.08926882,427000.00496022,0.02363316,0.02530972,0.04481261,-0.10139075,0.06384586,0.02595654,0.28822845,0.05926171,0.02706131,0.26397145,-0.03494654,-0.06231992,-0.08154148,-0.05989044,-0.08550589,-0.06112855,-0.04044633,-0.08715433,0.04866662,-0.08677413,-0.16245236,0.08795398,-0.08909643,428000.00485491,0.02480867,0.0272462,0.04695047,-0.10534279,0.06374647,0.02233972,0.28605476,0.05722369,0.02435198,0.2641089,-0.04125986,-0.07136299,-0.07784128,-0.06124185,-0.0845425,-0.06190754,-0.05043322,-0.08968471,0.05063583,-0.08844692,-0.16224226,0.08421976,-0.09311127,429000.00540484,0.02805459,0.02955429,0.04407002,-0.10285342,0.0649629,0.01819528,0.28715932,0.05811998,0.0222422,0.26701641,-0.04265532,-0.07051096,-0.08097756,-0.06128172,-0.08758366,-0.06826372,-0.0509951,-0.09192659,0.0450371,-0.08839422,-0.16302174,0.08328358,-0.09554408,430000.00789456,0.02710176,0.02926208,0.04521848,-0.10504573,0.06793728,0.02096502,0.2888397,0.0579496,0.02147361,0.2646943,-0.04856544,-0.07352487,-0.08066579,-0.05845511,-0.08532763,-0.06828822,-0.05096295,-0.09413549,0.04299964,-0.07941654,-0.16382219,0.08754081,-0.08128223,431000.00411786,0.03062157,0.02918272,0.04650491,-0.10858515,0.06812828,0.02024192,0.28955963,0.05747825,0.01869272,0.27247763,-0.04344337,-0.07075974,-0.07735978,-0.05947999,-0.08456033,-0.07102598,-0.04980026,-0.09364926,0.04351903,-0.08904044,-0.16248277,0.08692399,-0.08570223,432000.00382114,0.02827352,0.03135843,0.04685175,-0.109162,0.06572245,0.01885935,0.29048097,0.05790744,0.01650721,0.26119098,-0.0406098,-0.06673479,-0.07257998,-0.0611709,-0.08503916,-0.06772444,-0.0587754,-0.09267482,0.04285912,-0.09243477,-0.16291247,0.08656849,-0.08547325,433000.00358327,0.02802133,0.02999634,0.04940714,-0.11078296,0.06404421,0.01681118,0.28748018,0.05816727,0.01550835,0.25737697,-0.04209313,-0.06785228,-0.0787539,-0.06206514,-0.08509611,-0.06834783,-0.04307853,-0.09235796,0.04287814,-0.08624076,-0.16110352,0.08068872,-0.08775003,434000.0032171,0.02373048,0.02967698,0.04538668,-0.10370708,0.06469614,0.0175008,0.28707302,0.05981124,0.01997995,0.2603898,-0.0422861,-0.07565103,-0.07349516,-0.06663202,-0.08649138,-0.06804339,-0.03397402,-0.08882122,0.04592277,-0.0866316,-0.16084488,0.0809053,-0.08602931,435000.00188913,0.0208833,0.02777101,0.04291384,-0.09620328,0.06205033,0.0304393,0.28887177,0.06125136,0.02959133,0.25996354,-0.03482493,-0.06772809,-0.07468373,-0.06128617,-0.08389404,-0.06508046,-0.04170726,-0.0937452,0.04292288,-0.08573248,-0.15890315,0.07832059,-0.09034335,436000.00304973,0.02060216,0.03029757,0.04162221,-0.1031452,0.06535244,0.02456194,0.28947571,0.06056362,0.02614759,0.26238933,-0.03666464,-0.06321329,-0.07302488,-0.06121408,-0.0837559,-0.06507719,-0.05586394,-0.09458198,0.04299261,-0.08376114,-0.15897886,0.08364175,-0.08841316,437000.00462095,0.025838,0.02748572,0.04204108,-0.10343625,0.0649099,0.02856699,0.28868011,0.05634486,0.02240243,0.25924516,-0.03586768,-0.07424296,-0.06987764,-0.06012649,-0.08439546,-0.07278008,-0.04324124,-0.09361226,0.04310256,-0.08102912,-0.16142848,0.07867604,-0.09248754,438000.00543221,0.02589345,0.02693095,0.04318453,-0.10403986,0.06513438,0.01447364,0.28840819,0.05749822,0.02010083,0.26287884,-0.04140673,-0.07312521,-0.07194066,-0.059979,-0.08487422,-0.06812413,-0.04277721,-0.09414375,0.04928678,-0.09008186,-0.16214052,0.08055768,-0.08668347,439000.00132004,0.02396147,0.02621401,0.0446918,-0.11235971,0.06747862,0.01913883,0.28947043,0.05814777,0.01869567,0.26448652,-0.05023525,-0.07371739,-0.08031587,-0.06003543,-0.08534192,-0.07348312,-0.04842605,-0.0940158,0.043956,-0.08784111,-0.1615057,0.08676632,-0.08299728,440000.00076749,0.03029475,0.02915742,0.04558016,-0.11116674,0.06687164,0.01780603,0.28819942,0.05839541,0.01604948,0.26168507,-0.05168281,-0.06736075,-0.07155482,-0.065647,-0.08409833,-0.07130372,-0.0529786,-0.09140856,0.04041547,-0.08069656,-0.16011111,0.08790392,-0.07631006,441000.00107547,0.03048084,0.03197284,0.04751666,-0.10951122,0.06894195,0.02108341,0.29029638,0.05778974,0.01374276,0.25923455,-0.04954261,-0.07035546,-0.07705109,-0.06770273,-0.08344816,-0.06512317,-0.04663811,-0.09298269,0.04592091,-0.08546103,-0.16088568,0.08621913,-0.08576676,442000.00397249,0.02824098,0.03178686,0.04656252,-0.11250877,0.06224276,0.01806645,0.29110578,0.06052621,0.01094989,0.26310199,-0.05260627,-0.07574786,-0.0680627,-0.06725591,-0.0832107,-0.06609415,-0.04878301,-0.09644369,0.04357393,-0.08758196,-0.15978971,0.08473559,-0.09695733,443000.0006474,0.02658283,0.03565802,0.04410808,-0.11266612,0.06716885,0.02002663,0.29107422,0.05909644,0.01245996,0.25677025,-0.04692046,-0.07458493,-0.06619251,-0.06165969,-0.0847224,-0.06689358,-0.04732542,-0.09469563,0.04219631,-0.08219824,-0.15871668,0.08918657,-0.09197917,44400-0.0038934,0.02220223,0.03188643,0.04137968,-0.09850664,0.06755061,0.02144004,0.29176652,0.06073209,0.0244342,0.25733799,-0.03636761,-0.07301465,-0.07278092,-0.06200931,-0.08566531,-0.06753205,-0.04837539,-0.09560671,0.04245907,-0.08622072,-0.15781598,0.08402289,-0.08341776,44500-0.00041154,0.02314283,0.03205436,0.04239987,-0.10252865,0.07312388,0.02037662,0.29552972,0.06194568,0.0235468,0.25898987,-0.03877493,-0.06506438,-0.06801736,-0.06165154,-0.08536774,-0.06805626,-0.044657,-0.09537678,0.0472017,-0.08333434,-0.16023156,0.08463103,-0.08770105,446000.00126575,0.02191862,0.03123599,0.04102932,-0.10602014,0.06888524,0.02264026,0.29387373,0.05950316,0.0202238,0.26643625,-0.04487345,-0.07588186,-0.0683727,-0.06109167,-0.08502887,-0.06877138,-0.05213206,-0.09328962,0.04068528,-0.08587802,-0.1604647,0.08475229,-0.09223522,447000.00380603,0.02265481,0.02778224,0.03957652,-0.1081654,0.06425171,0.0182105,0.2937744,0.05839537,0.01862013,0.26011574,-0.04976942,-0.06844302,-0.07287184,-0.0635082,-0.08481773,-0.06953961,-0.05118882,-0.09562336,0.04162081,-0.08806929,-0.16175008,0.08333618,-0.08925368,448000.00140143,0.0255467,0.03088941,0.04310396,-0.11258343,0.06258461,0.01674864,0.29408041,0.05946314,0.01717334,0.2605297,-0.0509858,-0.06378771,-0.07189109,-0.06362766,-0.08484892,-0.06859028,-0.06630342,-0.09416857,0.04151095,-0.0863864,-0.16301648,0.08267447,-0.08605071,449000.00153365,0.02844009,0.02849782,0.04445354,-0.11244624,0.06797943,0.01705535,0.29265141,0.05971564,0.01373277,0.26619154,-0.05195378,-0.06675909,-0.06618848,-0.06284872,-0.08476152,-0.07205819,-0.05689529,-0.09460383,0.04471109,-0.090579,-0.16328967,0.08842789,-0.08578157,450000.00435573,0.0299372,0.03314773,0.04623407,-0.11926939,0.06884293,0.0208269,0.29110271,0.0616155,0.01139685,0.26251918,-0.05339946,-0.07600993,-0.06569695,-0.06953483,-0.08481962,-0.07165678,-0.04486269,-0.09565503,0.04734318,-0.09807322,-0.16379461,0.09046562,-0.08479512,451000.00563004,0.02756449,0.03330454,0.04901988,-0.11762073,0.06560425,0.019868,0.29321375,0.0582613,0.01013888,0.2661204,-0.05795771,-0.06858247,-0.06715538,-0.07223969,-0.08597209,-0.06542142,-0.05962811,-0.09672172,0.04616373,-0.08428752,-0.16307639,0.08721752,-0.08937231,452000.00617522,0.02614922,0.03303439,0.04758189,-0.11440779,0.06266327,0.02041472,0.29238808,0.05873123,0.01091287,0.26263922,-0.04895256,-0.07196137,-0.06578053,-0.06685083,-0.08616503,-0.06870374,-0.06122512,-0.09458045,0.03892927,-0.08787604,-0.16291523,0.08906451,-0.08856726,453000.00379376,0.02358839,0.03165089,0.04273736,-0.10235111,0.06822734,0.02176745,0.2907005,0.06257302,0.02126256,0.2683239,-0.04491192,-0.07483464,-0.06509962,-0.06424075,-0.08266376,-0.06178436,-0.051746,-0.09288184,0.04416092,-0.08168031,-0.16092153,0.08307584,-0.08577452,454000.00105902,0.02565413,0.02579004,0.04181857,-0.10785983,0.06625207,0.02435631,0.2954483,0.06261215,0.02224093,0.262308,-0.04649452,-0.06744171,-0.05762227,-0.06643002,-0.08309822,-0.06349536,-0.0642306,-0.09160601,0.04386416,-0.08455763,-0.16111392,0.08089318,-0.08593,455000.0036735,0.02603849,0.02987705,0.04432483,-0.11026713,0.06638222,0.02097145,0.293926,0.06104859,0.01748271,0.25333488,-0.0458252,-0.06784797,-0.06106646,-0.07099591,-0.08418368,-0.05990636,-0.05736408,-0.09609989,0.0401511,-0.07956591,-0.16135922,0.08100539,-0.07997882,456000.00543221,0.0281384,0.03125807,0.04419975,-0.11304048,0.06613038,0.01870859,0.2968241,0.06217,0.01608931,0.26045179,-0.04929242,-0.07409568,-0.05791618,-0.06843436,-0.0826003,-0.06299105,-0.04399776,-0.09610409,0.04865883,-0.08861263,-0.16143742,0.08881999,-0.08892619,457000.00446495,0.02748601,0.03107384,0.0450368,-0.11429126,0.06587856,0.01930851,0.29419082,0.06236278,0.01541784,0.26465622,-0.04821925,-0.07463063,-0.05596643,-0.06691757,-0.08306567,-0.06253023,-0.05319818,-0.09728629,0.04432405,-0.08081075,-0.16130339,0.09239848,-0.08561072,458000.00603705,0.03067275,0.0315506,0.04994537,-0.1126354,0.06452283,0.02298114,0.29390147,0.06344156,0.01295668,0.26265436,-0.05494639,-0.06370535,-0.05673862,-0.07150879,-0.08249287,-0.06819284,-0.05289532,-0.09437635,0.04745375,-0.08291025,-0.16190387,0.08870289,-0.08844618,459000.0081881,0.03238548,0.03070018,0.05103099,-0.11509129,0.06536379,0.01933171,0.29441658,0.06352016,0.01104084,0.26253659,-0.05540226,-0.0740752,-0.05417119,-0.07326032,-0.08280206,-0.06851923,-0.05957947,-0.09634887,0.0478714,-0.0884239,-0.16035624,0.09014674,-0.09283897,460000.0067664,0.02924856,0.03159874,0.04880352,-0.11427386,0.06647832,0.02021817,0.29344627,0.06134677,0.01112573,0.25491378,-0.05118103,-0.08238804,-0.04961431,-0.07550102,-0.08429111,-0.0647954,-0.06308492,-0.09630125,0.04118762,-0.08176879,-0.16094103,0.08760452,-0.09313446,461000.00382533,0.02604189,0.02931437,0.04476033,-0.10466585,0.06171026,0.02802617,0.2944501,0.06258341,0.0222233,0.25778711,-0.04167923,-0.07955109,-0.05088386,-0.07330716,-0.08136539,-0.06063806,-0.05465081,-0.09340593,0.0428987,-0.0835823,-0.15907578,0.08891559,-0.08388197,462000.00474959,0.02955619,0.03157771,0.04466159,-0.10208538,0.06073811,0.02858664,0.29251209,0.06478187,0.02422303,0.25936776,-0.0420199,-0.07039279,-0.04940544,-0.07060497,-0.08043218,-0.05684777,-0.0421464,-0.08813086,0.04730174,-0.07838896,-0.15920134,0.08662679,-0.08133798,463000.00401655,0.02980278,0.03133932,0.04384153,-0.10566148,0.06229372,0.02530054,0.29480532,0.06392038,0.01892368,0.26438072,-0.04685125,-0.07354742,-0.0468887,-0.0708534,-0.08181615,-0.06157138,-0.04489172,-0.08923952,0.04530295,-0.07337107,-0.15837345,0.08995205,-0.08610018,464000.00444148,0.0267739,0.03107544,0.0454949,-0.10760801,0.06358837,0.02997668,0.29363802,0.06248931,0.01877547,0.26151335,-0.0499884,-0.06691084,-0.04305566,-0.06759777,-0.08101851,-0.05891319,-0.03932928,-0.09233131,0.04637156,-0.07121637,-0.15885037,0.08847491,-0.07879444,465000.00774301,0.02988548,0.0304634,0.05023748,-0.11105555,0.06430297,0.02553187,0.29633495,0.06146772,0.01741882,0.25777149,-0.05090659,-0.0730315,-0.04501162,-0.07060868,-0.07933136,-0.05933213,-0.05501452,-0.09303256,0.04581666,-0.08098979,-0.15967296,0.09721574,-0.08659635,466000.00333815,0.0336482,0.03330454,0.04890824,-0.11297213,0.06985989,0.02353656,0.29385078,0.06131881,0.01433644,0.25763652,-0.05051836,-0.07502696,-0.04421924,-0.07461143,-0.08038571,-0.06186914,-0.03659395,-0.09048791,0.04888723,-0.07502278,-0.15997106,0.08508625,-0.08787925,467000.00627106,0.0346455,0.03051246,0.05005525,-0.11138641,0.06697085,0.02534747,0.29353464,0.06336224,0.01166157,0.25584328,-0.05076362,-0.07035279,-0.04290358,-0.07688054,-0.08060545,-0.06157617,-0.05265794,-0.09262758,0.051163,-0.076838,-0.15933919,0.09049043,-0.09103745,468000.00920199,0.03572293,0.03106818,0.05025807,-0.11594735,0.06645925,0.02199264,0.29407889,0.06427497,0.01023624,0.25895911,-0.05337029,-0.08568889,-0.04406892,-0.0770275,-0.07867999,-0.05978145,-0.04447384,-0.09077173,0.04938327,-0.07767355,-0.15786053,0.08854096,-0.08688139,469000.00495191,0.02920174,0.0302955,0.04791852,-0.101986,0.06176013,0.02328454,0.29389584,0.06319265,0.02024447,0.26215014,-0.0438626,-0.0768874,-0.0486016,-0.07628126,-0.07832192,-0.05353884,-0.04403403,-0.0932735,0.05078609,-0.07565358,-0.15764831,0.08989043,-0.09196,470000.00574413,0.02898195,0.02918443,0.04435077,-0.1013538,0.0621531,0.02771725,0.29327187,0.0659093,0.02452059,0.27067405,-0.04279754,-0.06736941,-0.04225653,-0.07469588,-0.07703534,-0.05664646,-0.04691199,-0.09143211,0.04922481,-0.06881189,-0.15643767,0.08935851,-0.08599415,471000.00561962,0.02556875,0.02969262,0.04498089,-0.09992432,0.06255493,0.02513487,0.2933501,0.06531282,0.02108902,0.26719144,-0.0471881,-0.07481205,-0.04434928,-0.075683,-0.07845874,-0.05928969,-0.0482518,-0.09234262,0.04772656,-0.07225998,-0.15469311,0.08864925,-0.08229515,472000.00758695,0.02868178,0.02884263,0.04638913,-0.10375715,0.06137027,0.03188415,0.29496515,0.06225674,0.01854746,0.26077658,-0.0446784,-0.07867957,-0.04705925,-0.07795566,-0.07920908,-0.05589604,-0.03692272,-0.09139495,0.04197704,-0.07107005,-0.15556978,0.08929295,-0.0821164,473000.00814189,0.03264305,0.03110245,0.05037395,-0.10645068,0.06285623,0.0276085,0.29476863,0.06149851,0.01735049,0.25759202,-0.04702053,-0.07606004,-0.04032825,-0.07248008,-0.07715119,-0.06173903,-0.04346285,-0.09275016,0.04866184,-0.07083965,-0.15583605,0.09081386,-0.07983799,474000.00452323,0.03343435,0.03006589,0.04963277,-0.11014044,0.06466377,0.0248726,0.29623806,0.06325196,0.01365983,0.25913727,-0.05027049,-0.08065453,-0.04191144,-0.07370029,-0.07665097,-0.06041186,-0.03343294,-0.08866674,0.0470612,-0.06781948,-0.15679777,0.08737379,-0.0870921,475000.00402762,0.0344387,0.03006295,0.05110575,-0.11039837,0.06469408,0.0263517,0.29453278,0.06370425,0.01159518,0.25117418,-0.04862262,-0.08512004,-0.0392586,-0.07626303,-0.07578543,-0.059763,-0.04798628,-0.09037865,0.04823095,-0.07325649,-0.15649407,0.09182905,-0.09076063,476000.00564695,0.03724038,0.03218811,0.05305999,-0.11011671,0.06628246,0.02454508,0.29563719,0.06524482,0.00901954,0.26044497,-0.04830302,-0.08370269,-0.04233073,-0.08174006,-0.07660796,-0.06132784,-0.0469594,-0.08761982,0.04482633,-0.06996609,-0.15427926,0.0914348,-0.08781234,477000.00716071,0.03573492,0.02804425,0.05227024,-0.1062085,0.06648979,0.03371683,0.29727608,0.06703782,0.01242165,0.25759858,-0.04619009,-0.07306165,-0.0447626,-0.07835027,-0.07609918,-0.05664603,-0.0436016,-0.08891192,0.04268401,-0.07243124,-0.1547462,0.09758128,-0.08251666,478000.00205929,0.03387232,0.0318412,0.0454344,-0.09365101,0.06259383,0.03050157,0.29802561,0.06816411,0.02196971,0.26060963,-0.03548964,-0.08392534,-0.04570446,-0.08111428,-0.07592979,-0.05367147,-0.04633832,-0.09079111,0.04675076,-0.07167336,-0.15326895,0.09005252,-0.08588284,479000.00436711,0.03378924,0.03189919,0.04709791,-0.09698409,0.06896923,0.03236143,0.29584596,0.06736128,0.02038541,0.26698869,-0.03792636,-0.07127284,-0.0417995,-0.07604805,-0.07592655,-0.05515463,-0.04588085,-0.08728492,0.05333603,-0.06740314,-0.15141773,0.08778366,-0.08248277,480000.00164515,0.03529547,0.03004139,0.04787185,-0.10275565,0.06548955,0.03098843,0.2961967,0.06478187,0.01662807,0.26066568,-0.04062624,-0.062311,-0.04364944,-0.07419547,-0.07563899,-0.06268738,-0.04105793,-0.09152485,0.04623032,-0.07401519,-0.1525894,0.08544791,-0.0865298,481000.00541662,0.03269657,0.03155703,0.04813562,-0.10554083,0.06800471,0.02636975,0.29594266,0.0654221,0.01608333,0.26642582,-0.04375143,-0.07249727,-0.03974978,-0.07845239,-0.07711212,-0.0629608,-0.04024786,-0.09036838,0.0449405,-0.08423277,-0.15566283,0.09135742,-0.08591115,482000.00515871,0.03781215,0.02911219,0.05018511,-0.10740119,0.07056813,0.02725015,0.29794666,0.06332008,0.01449442,0.26657546,-0.04822109,-0.07378313,-0.03715156,-0.07629496,-0.07586522,-0.057124,-0.04758656,-0.09104709,0.04655047,-0.07519878,-0.15214317,0.08454,-0.07812212,483000.00526045,0.03578386,0.02996279,0.05190919,-0.10820825,0.07037685,0.02341276,0.29727367,0.06535202,0.01176881,0.25553459,-0.04443265,-0.08062075,-0.04328806,-0.08006417,-0.07498541,-0.05509936,-0.0456556,-0.09406859,0.04730174,-0.07775351,-0.15344436,0.08937443,-0.08704781,484000.00795831,0.03585816,0.03307194,0.05388013,-0.10962879,0.06992552,0.02135228,0.29774088,0.06325715,0.00974478,0.25138041,-0.04485152,-0.07851585,-0.04069351,-0.08439094,-0.07572789,-0.05526684,-0.05495045,-0.08857723,0.04615747,-0.07287976,-0.15382254,0.09413311,-0.08281499,485000.00575621,0.04136205,0.03003894,0.05333866,-0.10845244,0.07007463,0.02399888,0.29533187,0.06295821,0.00853784,0.25939685,-0.04149882,-0.09084263,-0.03982479,-0.08135311,-0.07620446,-0.05629513,-0.05055208,-0.09017427,0.04344855,-0.06468891,-0.15291676,0.08702196,-0.082679,486000.00483542,0.03607718,0.03107384,0.0498045,-0.10097375,0.06901509,0.02709647,0.29582843,0.06620464,0.01579104,0.26033771,-0.03402143,-0.07483674,-0.0409784,-0.0810016,-0.07530316,-0.05636515,-0.05256927,-0.09046531,0.03740558,-0.06853338,-0.15328999,0.0915474,-0.08130625,487000.00276833,0.03269707,0.03118477,0.04754753,-0.09806626,0.06972277,0.03444271,0.29701632,0.06831922,0.02372239,0.26497126,-0.02901228,-0.07468226,-0.0357481,-0.07987276,-0.07576377,-0.05160292,-0.05421645,-0.09035064,0.04408537,-0.0714463,-0.15140423,0.0876882,-0.0826843,488000.00339958,0.03286079,0.03137212,0.04827407,-0.10238654,0.06928258,0.03041949,0.29910353,0.06702594,0.02008431,0.26403266,-0.03497675,-0.06664111,-0.03407031,-0.0809659,-0.07370515,-0.05133557,-0.05540919,-0.08978166,0.04236026,-0.0753488,-0.1513647,0.08581454,-0.08187386,489000.00248631,0.03187671,0.03256746,0.04985709,-0.10467001,0.0710544,0.02712364,0.29765743,0.06664983,0.01791952,0.25759029,-0.03784176,-0.07853018,-0.03419425,-0.08032254,-0.07530498,-0.05631397,-0.05236626,-0.08900501,0.04597837,-0.0793891,-0.15171345,0.08753905,-0.08562198,490000.00337243,0.03056622,0.02858096,0.04903518,-0.10358132,0.07095072,0.02904633,0.29547366,0.0657285,0.01826973,0.2608754,-0.03978136,-0.07321255,-0.0404639,-0.08005139,-0.07524969,-0.06062537,-0.05137488,-0.08962313,0.04507253,-0.07883129,-0.15248884,0.08798852,-0.08561537,491000.00609579,0.03125008,0.03211686,0.0494884,-0.10770558,0.07088931,0.02491583,0.29901129,0.06520041,0.01535159,0.26767269,-0.04111175,-0.08318529,-0.03867242,-0.0814152,-0.07508033,-0.05817262,-0.04744603,-0.09300037,0.04783276,-0.0754802,-0.15220845,0.08902016,-0.08501861,492000.0061815,0.03605115,0.03123977,0.05297879,-0.10887692,0.06657542,0.01845345,0.29765061,0.06572635,0.01248919,0.25509989,-0.03505104,-0.07262085,-0.03223873,-0.0832367,-0.07488967,-0.05746271,-0.04691532,-0.09401292,0.04277664,-0.07325768,-0.15334231,0.09539279,-0.08551612,493000.00601376,0.0403872,0.03357816,0.05344624,-0.10949621,0.06904958,0.02227379,0.29427078,0.06580844,0.01142207,0.25869474,-0.03139311,-0.06798708,-0.03235261,-0.08269871,-0.076889,-0.05718398,-0.04979565,-0.09332885,0.04204357,-0.0759104,-0.1523426,0.08304131,-0.07996063,494000.00744963,0.03468675,0.03501201,0.04865638,-0.09842067,0.06569862,0.02877086,0.2965906,0.06862399,0.01880459,0.25998056,-0.02812799,-0.07744592,-0.03267322,-0.08042739,-0.07523224,-0.05784791,-0.0515941,-0.09317205,0.04214174,-0.06924108,-0.1541106,0.09067748,-0.08040977,495000.00530356,0.03348901,0.02958871,0.04652288,-0.09432986,0.06247459,0.03426806,0.295885,0.07018388,0.02607075,0.2603136,-0.02453804,-0.0667888,-0.03059069,-0.07923156,-0.07294577,-0.05848539,-0.0506031,-0.09175447,0.0464723,-0.0729139,-0.15273587,0.08516123,-0.08743499,496000.00423816,0.0337899,0.03139904,0.04801026,-0.0967332,0.0648059,0.02945309,0.29988515,0.06594923,0.02291061,0.25384292,-0.02418209,-0.06648556,-0.03005436,-0.08046886,-0.07525644,-0.05666513,-0.05152043,-0.09545443,0.04521095,-0.07699144,-0.15171091,0.0868865,-0.08412626,497000.00363719,0.0331071,0.03587056,0.0489099,-0.10269713,0.06941551,0.03145882,0.29744402,0.0656018,0.01898894,0.25510433,-0.02627797,-0.0767689,-0.03484305,-0.08407051,-0.07374809,-0.05666886,-0.0582251,-0.09439402,0.04619864,-0.06794949,-0.15319021,0.08710137,-0.0852593,498000.00378992,0.03515868,0.03017572,0.05117647,-0.10332549,0.06852847,0.02556486,0.2999011,0.06559104,0.01979936,0.25824443,-0.02946724,-0.07047147,-0.02801229,-0.08425931,-0.0732051,-0.05836491,-0.05360144,-0.09271599,0.04672105,-0.07215102,-0.15323246,0.08678471,-0.08613126,499000.00397323,0.0376992,0.0337136,0.04998535,-0.10916793,0.06667541,0.02621696,0.29681051,0.06755853,0.01806521,0.26338029,-0.02944615,-0.07288041,-0.03020426,-0.08773632,-0.07442429,-0.05264967,-0.04970875,-0.09303718,0.040217,-0.07550857,-0.15330957,0.08502969,-0.07887259,500000.00339259,0.03856577,0.03201028,0.05311961,-0.10805679,0.06595208,0.02356049,0.29819101,0.06715027,0.0160366,0.25327718,-0.02570628,-0.07124819,-0.03257105,-0.08714261,-0.07453739,-0.05450108,-0.04301492,-0.09099655,0.04243893,-0.07451885,-0.15294683,0.07815516,-0.08481885,501000.00627106,0.03841225,0.03139785,0.05381843,-0.11108218,0.07171606,0.03046832,0.29960784,0.06588506,0.01327403,0.25551158,-0.02500455,-0.06724069,-0.03269883,-0.08390221,-0.07454702,-0.05381538,-0.04722232,-0.09623516,0.04331993,-0.07704598,-0.15328981,0.0895568,-0.08198602,502000.00611083,0.03424602,0.03104993,0.0508422,-0.10153842,0.06906467,0.0311014,0.29806066,0.06840337,0.01876804,0.25785702,-0.0196603,-0.06571817,-0.02891139,-0.08669722,-0.07398087,-0.05361544,-0.05000219,-0.10021224,0.04387942,-0.07530168,-0.15422678,0.09491593,-0.08146203,503000.00208305,0.02758632,0.03089084,0.04606061,-0.09403796,0.0673566,0.0364936,0.29918379,0.07009877,0.02978183,0.26361555,-0.01324018,-0.07248364,-0.02885097,-0.08199307,-0.0734143,-0.05992889,-0.04483391,-0.09607908,0.04501913,-0.07828201,-0.15179028,0.08473368,-0.08060997,504000.00266315,0.03143327,0.03092201,0.04672147,-0.10004158,0.06451439,0.03543562,0.29857904,0.06772581,0.02724574,0.27012491,-0.01700115,-0.06954077,-0.02829471,-0.08183244,-0.07430671,-0.06209709,-0.04948379,-0.09643856,0.04064684,-0.06981499,-0.15325823,0.08829627,-0.07228503,505000.0027174,0.03712948,0.03148069,0.04799295,-0.09856749,0.06873059,0.02691697,0.29814896,0.06708714,0.02359587,0.26784113,-0.01952311,-0.06266075,-0.02599985,-0.08568323,-0.07483843,-0.05818501,-0.04606734,-0.09473315,0.03848336,-0.06773009,-0.15442696,0.08800023,-0.08253949,506000.00172322,0.0370199,0.03249174,0.04859853,-0.09975125,0.06952642,0.03059049,0.30035582,0.06726098,0.02294476,0.26112467,-0.01847007,-0.07634209,-0.03108862,-0.08989236,-0.07406942,-0.06025543,-0.04971299,-0.09732988,0.04444968,-0.07530227,-0.15522443,0.08726472,-0.08280037,507000.00379338,0.04189719,0.02953913,0.05025966,-0.10517246,0.07082463,0.02580564,0.30120924,0.06810036,0.02170568,0.26494545,-0.02137034,-0.07136848,-0.02976079,-0.08996319,-0.07458628,-0.05207564,-0.05106316,-0.09714834,0.04925801,-0.0736937,-0.15513277,0.09074948,-0.08116633,508000.00596696,0.03512971,0.03145467,0.04896097,-0.10992486,0.06542958,0.02988923,0.29844198,0.0656198,0.01782798,0.26533136,-0.0219812,-0.06474251,-0.02790117,-0.08417013,-0.07434112,-0.05308575,-0.04830824,-0.09680368,0.045931,-0.07381224,-0.15510379,0.08544762,-0.08925994,509000.00667355,0.03646142,0.03113421,0.05296427,-0.1084072,0.07233291,0.0285461,0.29628441,0.06636101,0.0147601,0.25339147,-0.02402683,-0.06678178,-0.02746832,-0.08893417,-0.07510033,-0.05965206,-0.04918493,-0.09806236,0.04416561,-0.07615858,-0.15620552,0.08730508,-0.08904181,510000.00727053,0.03970347,0.03488416,0.05353975,-0.10703281,0.07189538,0.026481,0.30105731,0.06794737,0.01460774,0.26406187,-0.02295503,-0.07161293,-0.02766291,-0.08583867,-0.07368632,-0.05845233,-0.05128434,-0.09753442,0.04897423,-0.07631163,-0.15596503,0.0875058,-0.08659059,511000.00543623,0.03357226,0.02932319,0.04736936,-0.09515542,0.0650152,0.03156644,0.29962415,0.06770806,0.02488593,0.26822707,-0.01133354,-0.07083126,-0.0285386,-0.08290959,-0.07446141,-0.05394321,-0.04618166,-0.09651133,0.04173818,-0.06733821,-0.15579662,0.08494752,-0.0861698,512000.00418014,0.03014265,0.03123977,0.04656571,-0.09712581,0.06757224,0.03587892,0.30033839,0.0707397,0.02885574,0.27105963,-0.00945178,-0.07391544,-0.02343525,-0.08213548,-0.07490704,-0.05407231,-0.03670636,-0.0942006,0.04673071,-0.07726377,-0.15508905,0.08425391,-0.08439669,513000.00442153,0.03337179,0.03260024,0.04726179,-0.10043821,0.0682675,0.02902498,0.30082712,0.0701698,0.02557524,0.2624644,-0.01365313,-0.07755931,-0.02633661,-0.08535442,-0.07497185,-0.05634682,-0.05583164,-0.09848613,0.04815729,-0.07270821,-0.15691057,0.08768353,-0.08062319,514000.00504979,0.03515458,0.03441069,0.04851627,-0.10026024,0.0672202,0.03050496,0.29713359,0.06890776,0.02249214,0.25815639,-0.01499872,-0.08024266,-0.02954711,-0.08514425,-0.0767388,-0.05888849,-0.04977528,-0.09905297,0.03714157,-0.07896663,-0.15828831,0.09085264,-0.08380371,515000.00300911,0.03375935,0.03438488,0.04858126,-0.10357787,0.07015878,0.02938439,0.3021946,0.06782012,0.02141119,0.26124126,-0.01791455,-0.07739528,-0.02247383,-0.08285427,-0.07685128,-0.05601805,-0.05298912,-0.09746212,0.04546262,-0.07332808,-0.15914729,0.08517986,-0.08502878,516000.00169922,0.03392741,0.02887493,0.0500905,-0.10629858,0.07175124,0.03081733,0.30165979,0.06834442,0.01793801,0.26770487,-0.01640407,-0.07312379,-0.02669207,-0.08566842,-0.07596519,-0.05800277,-0.0652939,-0.0976483,0.04755921,-0.08480217,-0.15935437,0.09129041,-0.08482587,517000.00570542,0.0369078,0.02959313,0.05034339,-0.11042836,0.07037251,0.0303596,0.3005116,0.06817663,0.01567625,0.27143955,-0.01822241,-0.07167228,-0.03088647,-0.08196417,-0.07690007,-0.05444833,-0.04291523,-0.10140965,0.04403539,-0.07368557,-0.15916011,0.09141148,-0.08978722,518000.00771987,0.03876131,0.03480934,0.05265514,-0.10723961,0.06913281,0.02457902,0.3009204,0.06632668,0.01246456,0.26289633,-0.02101386,-0.07224453,-0.02847965,-0.07888083,-0.07792339,-0.05369205,-0.04934483,-0.10038849,0.04674019,-0.082774,-0.15992545,0.09043745,-0.08278217,519000.00580301,0.03454646,0.03416747,0.05257878,-0.10871551,0.06890003,0.02933969,0.3015008,0.0668553,0.01417079,0.26656798,-0.01743157,-0.06557839,-0.03232291,-0.08262223,-0.07651252,-0.05424942,-0.05006301,-0.10183316,0.04792346,-0.07741866,-0.16068198,0.09309963,-0.08258808,520000.0039696,0.03472092,0.03366102,0.04609946,-0.09899759,0.06860611,0.03145988,0.30543441,0.07182775,0.02459819,0.26515725,-0.01395539,-0.07817148,-0.03466173,-0.08494169,-0.07876729,-0.05106038,-0.04599593,-0.10138058,0.04006962,-0.0748536,-0.1603519,0.08542704,-0.08504874,521000.00310767,0.03071728,0.03150831,0.04657051,-0.1005063,0.07297329,0.03510108,0.30370429,0.07159662,0.02674518,0.27103764,-0.00987219,-0.07148388,-0.03247193,-0.08136375,-0.07886406,-0.05342901,-0.04541004,-0.09992238,0.0460566,-0.07665574,-0.15872128,0.08838842,-0.08982765,52200-0.00021049,0.03175937,0.03081717,0.0490048,-0.10178616,0.06971781,0.03195141,0.30456328,0.06963527,0.02312634,0.26213998,-0.01391405,-0.06281029,-0.02482213,-0.08077905,-0.07717542,-0.05469467,-0.05108502,-0.09713989,0.04641185,-0.07483107,-0.16151713,0.08253749,-0.09632748,523000.00586534,0.03386872,0.02863558,0.04590498,-0.09970658,0.06861971,0.02884604,0.30744132,0.06831858,0.02220721,0.26278871,-0.01379402,-0.08160857,-0.0290994,-0.08126386,-0.07798597,-0.05276591,-0.04726551,-0.09814349,0.04532104,-0.07682308,-0.1635972,0.08708055,-0.08693305,524000.0048119,0.03209262,0.03132262,0.0471627,-0.10308997,0.06949597,0.02687803,0.30420682,0.06884453,0.02172784,0.26748553,-0.01935673,-0.07297687,-0.02863364,-0.08184312,-0.07876465,-0.054425,-0.05144692,-0.10253125,0.04394381,-0.076507,-0.16450316,0.08804116,-0.09072199,525000.0016181,0.03562357,0.02953955,0.04989377,-0.10825983,0.06805642,0.0274154,0.30442894,0.06650957,0.01930184,0.27309713,-0.01893309,-0.07487754,-0.03657079,-0.07936276,-0.07842783,-0.05336946,-0.05332161,-0.10275263,0.04223082,-0.07525577,-0.16528869,0.0902993,-0.0945397,526000.00381355,0.03731624,0.02871525,0.05260826,-0.11053447,0.06929366,0.02632377,0.30487183,0.06856148,0.01589899,0.26196536,-0.01869824,-0.0749047,-0.03186833,-0.07969146,-0.07900091,-0.05613151,-0.05946317,-0.10425493,0.04118525,-0.08169512,-0.16485125,0.09193516,-0.08871347,527000.00632586,0.03435703,0.02951285,0.05020877,-0.11025533,0.07268506,0.0274173,0.30261308,0.06780036,0.01394116,0.25763652,-0.02170955,-0.07723627,-0.03606383,-0.07793773,-0.08010597,-0.05471864,-0.05599412,-0.10359558,0.03842969,-0.08473353,-0.16549002,0.0924289,-0.09131803,528000.00179131,0.02939396,0.02879371,0.04525627,-0.10480317,0.06521687,0.02860805,0.30071527,0.06825164,0.02213772,0.26393461,-0.01221065,-0.08181544,-0.03754944,-0.07868499,-0.07883886,-0.05081769,-0.04669182,-0.09992275,0.04679799,-0.07805281,-0.16462785,0.08610982,-0.0871684,529000.00114357,0.03370282,0.03238514,0.04614284,-0.09864756,0.0642128,0.03857538,0.30382106,0.07217009,0.02959017,0.27123481,-0.00804193,-0.07811206,-0.03188978,-0.08014712,-0.07861479,-0.04944972,-0.04749742,-0.09831353,0.04128686,-0.0766979,-0.1642648,0.08493772,-0.09127349,53000-0.00094539,0.03378641,0.0304446,0.04649715,-0.10072567,0.06710942,0.03049972,0.30495393,0.07089912,0.02566786,0.26724321,-0.01389388,-0.07270181,-0.03172192,-0.0830145,-0.07808423,-0.05217683,-0.04558683,-0.10277607,0.03773472,-0.0773576,-0.16578186,0.08649829,-0.08715491,53100-0.00042319,0.03058501,0.02895466,0.04770704,-0.10049924,0.07137585,0.02999999,0.30461848,0.06828669,0.02231754,0.26077658,-0.01571711,-0.07393089,-0.02821462,-0.08031715,-0.07859611,-0.04913483,-0.03394113,-0.10222766,0.04460396,-0.07686617,-0.16704553,0.08188302,-0.09185828,532000.00214061,0.03425309,0.03206723,0.04781515,-0.10228715,0.06823713,0.03392291,0.30502671,0.06763569,0.02242108,0.26919627,-0.01175633,-0.0712311,-0.03629933,-0.08143495,-0.08058167,-0.04987018,-0.03952259,-0.10009828,0.05029504,-0.0834737,-0.16763258,0.08669236,-0.09581343,533000.00279207,0.03565122,0.03188092,0.04787948,-0.11051735,0.06731116,0.02953288,0.3055957,0.06733638,0.02020126,0.26111361,-0.01758708,-0.07659584,-0.03228385,-0.07935587,-0.07901726,-0.04456454,-0.04889271,-0.10482638,0.04735013,-0.08468597,-0.16804214,0.09163927,-0.08677503,534000.00428166,0.03720785,0.03219885,0.04828474,-0.10877176,0.07226433,0.02868683,0.30794883,0.06654146,0.01642379,0.27165049,-0.02187515,-0.06741248,-0.03656312,-0.07571776,-0.0809107,-0.04922223,-0.04829796,-0.10527288,0.05127531,-0.0781726,-0.17001548,0.08659082,-0.09388215,535000.00367735,0.03572434,0.03550116,0.052532,-0.11294452,0.07289524,0.0241793,0.30573061,0.06595089,0.01592571,0.25759557,-0.0220494,-0.066178,-0.03946516,-0.0786619,-0.08149657,-0.05083356,-0.05160925,-0.10246079,0.04451454,-0.07631936,-0.17044854,0.08335772,-0.09088146,536000.00411786,0.03291373,0.03310063,0.05222278,-0.10447202,0.06834248,0.02918094,0.30552563,0.0686055,0.01908124,0.26521704,-0.01609819,-0.07829825,-0.03541014,-0.07895664,-0.07895025,-0.05398433,-0.05361034,-0.10313617,0.0440273,-0.06697715,-0.170239,0.08924242,-0.08864003,537000.00234421,0.03220072,0.03168919,0.04603483,-0.09673604,0.05934277,0.03693919,0.30231282,0.06819188,0.03077997,0.26621628,-0.01184317,-0.0696177,-0.02520626,-0.08052088,-0.08020967,-0.0487293,-0.05168936,-0.10277534,0.04796744,-0.08229668,-0.16999415,0.08611111,-0.09773744,538000.00148593,0.03224638,0.03172066,0.04534757,-0.09629812,0.06500708,0.03418899,0.30313659,0.06560031,0.03058839,0.27075261,-0.01336858,-0.07277586,-0.03676569,-0.07575928,-0.07804928,-0.0460442,-0.05210032,-0.1042155,0.0492534,-0.08590916,-0.16838589,0.08421888,-0.08969622,539000.00216444,0.03411039,0.03047051,0.04658788,-0.10382051,0.07068306,0.03219016,0.30718809,0.0667956,0.02493548,0.26967239,-0.01294505,-0.06527618,-0.03067861,-0.07831419,-0.08057372,-0.04773318,-0.04420352,-0.10358873,0.04949895,-0.07604759,-0.17081961,0.09047428,-0.09256127,540000.00441421,0.03265861,0.03257415,0.04664834,-0.10207749,0.071801,0.02777712,0.3086969,0.06481745,0.02414219,0.27070591,-0.01939695,-0.07042444,-0.03083691,-0.07707377,-0.08049389,-0.04726138,-0.03387628,-0.10464496,0.05331639,-0.08347794,-0.1711245,0.09196883,-0.09463593,541000.00320936,0.032963,0.02890138,0.04626381,-0.10472731,0.06813691,0.02421922,0.30708268,0.06606285,0.02334614,0.26794088,-0.02364563,-0.06886381,-0.03861835,-0.07647167,-0.08129228,-0.04867272,-0.04507382,-0.10277726,0.04589662,-0.08893164,-0.17190923,0.08818345,-0.09673221,542000.00451565,0.03160046,0.03047097,0.04873105,-0.11480344,0.06740206,0.02596883,0.30700293,0.06733638,0.01920998,0.27390155,-0.02276907,-0.0811037,-0.04968397,-0.07892962,-0.07995394,-0.04945431,-0.03748507,-0.1084368,0.04895571,-0.08822768,-0.17413294,0.09089391,-0.09339705,543000.00548282,0.0334901,0.03534321,0.05073183,-0.11282447,0.06949317,0.02931757,0.30769882,0.06507519,0.0161474,0.27406892,-0.02503632,-0.0826743,-0.04280596,-0.07931109,-0.08235656,-0.04833018,-0.04097198,-0.10422444,0.04978075,-0.082986,-0.17556742,0.09306185,-0.0960045,544000.00715621,0.03993822,0.03400815,0.05005159,-0.10997948,0.07126481,0.02806799,0.31046435,0.0646238,0.0150905,0.26860216,-0.02061715,-0.06890535,-0.03511774,-0.07528953,-0.08178642,-0.04918658,-0.03928347,-0.10513169,0.04873652,-0.07870154,-0.1760726,0.09816612,-0.09903102,545000.00539632,0.03477558,0.03381865,0.04927756,-0.10058504,0.06825428,0.03271745,0.31179568,0.06645502,0.02202885,0.26549739,-0.01743703,-0.06647141,-0.03738955,-0.07756593,-0.08131813,-0.04633691,-0.04340646,-0.10573062,0.04997259,-0.07805281,-0.17503312,0.0945129,-0.09504627,546000.00124208,0.03007697,0.03323576,0.04537771,-0.09713988,0.06810465,0.03455718,0.31156984,0.06912841,0.02983975,0.27242589,-0.02069718,-0.07947297,-0.0371768,-0.07583778,-0.08176161,-0.04230553,-0.03991144,-0.10659783,0.05136822,-0.07877392,-0.17322503,0.09051542,-0.09294995,547000.00349782,0.02971409,0.03411862,0.04848602,-0.09784231,0.07110778,0.03248426,0.30990231,0.06483503,0.02601039,0.27025503,-0.01995779,-0.07207547,-0.04152563,-0.07339456,-0.08108844,-0.04795858,-0.03959344,-0.10594371,0.04588853,-0.08403174,-0.17377622,0.09149738,-0.10256911,548000.00614244,0.03327917,0.03252048,0.04809644,-0.10368908,0.07094686,0.02914724,0.31151187,0.06489458,0.02294016,0.27841374,-0.02076919,-0.07273887,-0.04289609,-0.07218026,-0.08092792,-0.04792748,-0.03907278,-0.10489965,0.04726439,-0.08581422,-0.1771984,0.08632543,-0.10169765,549000.00384076,0.03327668,0.03403978,0.04770674,-0.10296532,0.0722376,0.02781761,0.31115654,0.06315732,0.02242987,0.27011648,-0.02288134,-0.06935798,-0.03996733,-0.07300729,-0.08339974,-0.0464705,-0.04315133,-0.10555547,0.04545259,-0.07812186,-0.17828847,0.09189466,-0.09291963,550000.00575232,0.02909778,0.03515911,0.04952468,-0.10815297,0.07163238,0.02710783,0.31102759,0.06350762,0.01926397,0.26789984,-0.02758573,-0.07666492,-0.04588189,-0.08049003,-0.08126787,-0.04406939,-0.03661713,-0.10911004,0.05007557,-0.08416578,-0.17901587,0.09471527,-0.09559494,551000.00928955,0.03343325,0.0346792,0.05122072,-0.11249568,0.0673821,0.02250974,0.31422085,0.06446324,0.01470385,0.26594305,-0.03058396,-0.08763713,-0.04319515,-0.07986149,-0.08530963,-0.05368238,-0.03673832,-0.10833976,0.05088947,-0.08568396,-0.17994396,0.0932493,-0.09952084,552000.00978998,0.03346292,0.03870642,0.05105426,-0.11352875,0.06983957,0.02354361,0.30974609,0.06322366,0.01252429,0.27352136,-0.02887342,-0.07402282,-0.0407656,-0.07274999,-0.08481522,-0.0459717,-0.04222453,-0.10875548,0.04984865,-0.08424988,-0.18134172,0.09026981,-0.09766928,553000.00792207,0.03586771,0.03470391,0.05172504,-0.10853326,0.07561394,0.02193979,0.31081298,0.0661467,0.0121562,0.27095941,-0.02872209,-0.07233778,-0.05058634,-0.06757575,-0.08828566,-0.04899289,-0.04127644,-0.11219187,0.04769019,-0.08499293,-0.18122645,0.09148667,-0.09547118,554000.00153365,0.03241927,0.029752,0.04872767,-0.10043821,0.07175864,0.03173221,0.31334186,0.06379867,0.02200842,0.27576467,-0.02378438,-0.07584226,-0.04734491,-0.07231772,-0.08596376,-0.04596711,-0.03996497,-0.10694391,0.04194601,-0.09251522,-0.1818741,0.08848025,-0.10352663,555000.00363027,0.03097086,0.03172205,0.04845576,-0.10162012,0.07145203,0.03367778,0.3131876,0.06504749,0.02533913,0.27888447,-0.0239224,-0.06954112,-0.04111615,-0.07053246,-0.08444986,-0.04542099,-0.04622804,-0.1104615,0.04665449,-0.09702384,-0.17975907,0.08988945,-0.10496637,556000.00305332,0.03273012,0.02967299,0.04797557,-0.10507822,0.07604546,0.0315653,0.31043449,0.06237454,0.02060594,0.27660397,-0.03226515,-0.07357829,-0.0424949,-0.07023223,-0.08507191,-0.04571803,-0.04338375,-0.10709487,0.05545198,-0.0955352,-0.18238074,0.09271569,-0.10090785,557000.00237476,0.02963462,0.03300129,0.0484255,-0.10963786,0.07354053,0.02810146,0.31143549,0.06261475,0.01785101,0.27651486,-0.03583115,-0.07652806,-0.05036464,-0.0700893,-0.08776253,-0.05157064,-0.03549908,-0.10895009,0.04954394,-0.08814442,-0.18387741,0.08641598,-0.10384483,558000.00386435,0.03015669,0.03089728,0.047141,-0.11363277,0.07417702,0.0292844,0.31463498,0.06061965,0.01714246,0.27143684,-0.03440286,-0.0830052,-0.04703503,-0.07260107,-0.08724733,-0.04413103,-0.04368375,-0.11034718,0.04451596,-0.07839007,-0.18446928,0.08596689,-0.10873616,559000.00425438,0.02915612,0.0317756,0.04903518,-0.11186442,0.07387406,0.02639519,0.31595036,0.05973445,0.01468457,0.2659162,-0.03478295,-0.08312576,-0.05068607,-0.07507814,-0.08734564,-0.04937967,-0.04227109,-0.11095273,0.05370571,-0.09415138,-0.18615909,0.09114845,-0.11218093,560000.00603705,0.0335426,0.03531751,0.05204593,-0.1142756,0.07290425,0.02459015,0.31172299,0.05905158,0.01195654,0.26619139,-0.03784748,-0.07469323,-0.05034588,-0.07102095,-0.0874847,-0.05237745,-0.04241613,-0.11181525,0.05690025,-0.09720664,-0.18507063,0.09252185,-0.10388549,561000.00733963,0.03379106,0.03827474,0.05093194,-0.11395711,0.07618269,0.02083893,0.31240988,0.05903488,0.00987901,0.27068868,-0.04316022,-0.08736196,-0.0469575,-0.06813921,-0.08844525,-0.05063656,-0.05155023,-0.11009981,0.04861104,-0.09287611,-0.18536448,0.09333084,-0.1051091,562000.00291355,0.02880877,0.03352875,0.04688597,-0.1082833,0.07259011,0.02970175,0.31380621,0.06191267,0.01713434,0.27190602,-0.03049059,-0.0838908,-0.05147589,-0.07657333,-0.0894834,-0.04794909,-0.04572274,-0.11087988,0.04304213,-0.10145689,-0.1861701,0.09281898,-0.10879397,563000.00095727,0.02979347,0.02898111,0.04431758,-0.10423861,0.06859075,0.02495321,0.31543201,0.06229904,0.02419247,0.27819586,-0.03363058,-0.07816863,-0.05175453,-0.07265704,-0.0870951,-0.05084302,-0.04091317,-0.10869376,0.04691035,-0.09547724,-0.18548059,0.08958875,-0.10004758,564000.0024222,0.03078211,0.03089696,0.04592467,-0.11037495,0.07411568,0.02497452,0.31562385,0.06085085,0.01829615,0.27547556,-0.03594849,-0.07703006,-0.05713883,-0.07524507,-0.08901081,-0.05044826,-0.04220049,-0.11177133,0.0462815,-0.08841307,-0.18613686,0.08799703,-0.10484897,565000.00469894,0.02851103,0.03358611,0.04611062,-0.10746727,0.07255159,0.02390745,0.31573948,0.05993446,0.01770401,0.27127138,-0.03916039,-0.0732645,-0.05195745,-0.0708676,-0.08906748,-0.05548646,-0.05533713,-0.11382198,0.04416708,-0.09057517,-0.18760754,0.09249773,-0.10885496,566000.0023205,0.03061985,0.03329378,0.04736987,-0.10789594,0.06846943,0.02115851,0.31317991,0.05964294,0.01557101,0.26682109,-0.03817824,-0.08455667,-0.05262582,-0.07479581,-0.09130315,-0.05899404,-0.05556317,-0.11097123,0.0487798,-0.09387223,-0.18713401,0.09046739,-0.10033331,567000.00341614,0.03210823,0.03001871,0.04846006,-0.11522927,0.07239053,0.02358668,0.31528381,0.05852168,0.01353515,0.2736963,-0.04173893,-0.089329,-0.04802455,-0.07615665,-0.09187416,-0.05744325,-0.0485908,-0.11417434,0.05258378,-0.09830844,-0.18861191,0.09167873,-0.10144884,568000.00352137,0.03053282,0.03225433,0.04985709,-0.11538775,0.07382416,0.02065146,0.31613523,0.05965957,0.01034144,0.27026093,-0.04169352,-0.08656738,-0.05303373,-0.07489411,-0.09119467,-0.05895299,-0.06632792,-0.11434793,0.05100824,-0.0995504,-0.18873729,0.09805128,-0.11400091,569000.00563447,0.03540497,0.03616754,0.05130399,-0.11695264,0.07224887,0.02084907,0.31518888,0.05831534,0.00857957,0.27890331,-0.04608321,-0.08731807,-0.05516429,-0.07346103,-0.0927557,-0.05412473,-0.0607,-0.1153644,0.05081832,-0.09424078,-0.18865219,0.09591469,-0.11316193,570000.00238764,0.02908239,0.03249059,0.04806531,-0.10858546,0.06817635,0.01815454,0.31485415,0.06013506,0.01349345,0.27388749,-0.04199497,-0.08700053,-0.0601188,-0.0755374,-0.09328347,-0.05609201,-0.04295363,-0.11142066,0.05090471,-0.09119371,-0.18919225,0.0901965,-0.10580405,571000.00009299,0.02272227,0.03084298,0.0419511,-0.10101885,0.06807621,0.02714448,0.31452736,0.06078921,0.024319,0.27752051,-0.03458662,-0.08367988,-0.06278226,-0.07043653,-0.09282005,-0.06047824,-0.04842222,-0.11614035,0.04411131,-0.09457768,-0.18640424,0.08388292,-0.11516473,572000.00250369,0.0269492,0.03366676,0.04378386,-0.10793898,0.06570089,0.02242631,0.31447202,0.05924649,0.02170338,0.26557541,-0.03887791,-0.08281733,-0.05815141,-0.07062677,-0.0921087,-0.06221951,-0.04363435,-0.11875214,0.0461233,-0.09498366,-0.18785578,0.08974402,-0.11395905,573000.0017981,0.02934265,0.02956659,0.04240527,-0.11417343,0.06435129,0.02460764,0.31423301,0.05836488,0.01719581,0.27076244,-0.03837341,-0.09038811,-0.06082568,-0.07696098,-0.09320563,-0.05841775,-0.04094663,-0.12029759,0.05049613,-0.09992938,-0.18834662,0.09282796,-0.11467506,574000.00088243,0.0314574,0.02842279,0.04404768,-0.112569,0.06680796,0.02046201,0.31763864,0.05963272,0.01633814,0.27461314,-0.04215231,-0.08661278,-0.0665255,-0.07838475,-0.0930838,-0.06300496,-0.04137636,-0.11900146,0.04595747,-0.0946734,-0.18820097,0.0860294,-0.11187283,575000.00075031,0.03064013,0.03369363,0.04665613,-0.11991496,0.06740234,0.02349924,0.3138873,0.05749581,0.0151715,0.26768106,-0.04814899,-0.08627957,-0.06996211,-0.07544532,-0.09370872,-0.06417389,-0.06132257,-0.11740825,0.04845577,-0.1017563,-0.18863231,0.09406359,-0.10305335,576000.00022507,0.03134136,0.03116344,0.04648782,-0.11805042,0.0702544,0.01616075,0.31551951,0.0575113,0.01163648,0.27443132,-0.04913712,-0.08422585,-0.06618419,-0.07463927,-0.09372994,-0.05994191,-0.05039254,-0.11530152,0.04254396,-0.10661246,-0.19003789,0.09263741,-0.10320641,577000.00359937,0.03285514,0.03462416,0.04887955,-0.1215908,0.07099938,0.01968383,0.31413957,0.05836447,0.00811506,0.27877405,-0.0479643,-0.07870108,-0.06311135,-0.07444331,-0.09563124,-0.06178609,-0.06029832,-0.11856581,0.0487371,-0.10247204,-0.18845218,0.09989155,-0.1075198,578000.00519416,0.03409082,0.0370207,0.04913,-0.12290061,0.06926531,0.01633805,0.31147954,0.05850194,0.00713244,0.27177829,-0.05390331,-0.09232633,-0.06519436,-0.07678422,-0.09579588,-0.06161751,-0.05628872,-0.11549278,0.05135115,-0.10292014,-0.1894235,0.08886217,-0.10288238,579000.00281212,0.0309022,0.03094708,0.04525214,-0.10968489,0.06544964,0.02550042,0.31478503,0.05811785,0.01612216,0.27928749,-0.04156001,-0.08200095,-0.06169533,-0.07757062,-0.09547881,-0.06543621,-0.04181086,-0.11594522,0.04652125,-0.09989283,-0.18764816,0.0868735,-0.10825091,580000.00169616,0.02767123,0.0319338,0.04212307,-0.10873058,0.06688878,0.02551874,0.31800285,0.05925861,0.02112655,0.27145931,-0.03977657,-0.08410121,-0.0551113,-0.0807123,-0.09613988,-0.06894515,-0.04486217,-0.11786015,0.051466,-0.09863136,-0.1869605,0.0943979,-0.11101775,58100-0.00065738,0.03123349,0.03031177,0.04304493,-0.11034036,0.06803695,0.01927955,0.31699792,0.05917998,0.01797972,0.26985765,-0.04847766,-0.08590923,-0.05905164,-0.07853809,-0.0970278,-0.0681864,-0.05169468,-0.12199122,0.0489346,-0.10614686,-0.18834692,0.09490124,-0.10455087,582000.00232382,0.02599559,0.03124353,0.0429966,-0.11427663,0.0663637,0.02181435,0.3158527,0.05589102,0.01448342,0.26947615,-0.04320662,-0.08422908,-0.06817245,-0.07835338,-0.09846739,-0.0659715,-0.05171096,-0.12302312,0.04871507,-0.10729977,-0.1903,0.09107368,-0.10665062,583000.00559623,0.03063528,0.03332063,0.04332736,-0.11475878,0.06897417,0.02072942,0.31602785,0.05754639,0.01395102,0.27020335,-0.04949401,-0.08521572,-0.07561012,-0.08062023,-0.09833819,-0.06811983,-0.06386387,-0.12343457,0.04376217,-0.10789164,-0.19044484,0.09345426,-0.11094385,584000.00643536,0.03224507,0.03142992,0.04474316,-0.12122723,0.06902453,0.01900337,0.31735736,0.05666396,0.00972501,0.27593476,-0.05351532,-0.08349116,-0.06901244,-0.08145866,-0.10013191,-0.0706578,-0.06619425,-0.12140829,0.05080136,-0.10568743,-0.18938047,0.09351263,-0.10349039,585000.00556492,0.03075848,0.03534675,0.04621863,-0.12706186,0.07171742,0.01654247,0.31900805,0.05548479,0.00523792,0.26722312,-0.05304248,-0.09125703,-0.06323611,-0.08193805,-0.10164107,-0.07360253,-0.06442268,-0.12386815,0.04889482,-0.10791129,-0.18917334,0.09308365,-0.10672695,586000.00399684,0.03200104,0.03705267,0.04968049,-0.12286742,0.07357409,0.01579057,0.31640515,0.05465227,0.00315802,0.26800841,-0.05477664,-0.07474813,-0.0638155,-0.08279914,-0.10135426,-0.07218369,-0.07059489,-0.12333958,0.04773096,-0.11344956,-0.18902129,0.09994315,-0.1046197,587000.00782104,0.03217483,0.03859943,0.05291047,-0.12157501,0.07020412,0.01646477,0.31662142,0.05652247,0.00299778,0.27029639,-0.05668255,-0.07844011,-0.06843901,-0.07778661,-0.10113799,-0.07093026,-0.05595925,-0.12774703,0.04967326,-0.09605493,-0.18913834,0.09984013,-0.10147549,588000.00425438,0.02989068,0.03411862,0.04460452,-0.11606499,0.06562071,0.0206643,0.31489989,0.05767795,0.01035431,0.27250308,-0.04726395,-0.07611442,-0.06889149,-0.07887863,-0.09976583,-0.07413453,-0.05479719,-0.12709568,0.05160047,-0.10162978,-0.1877014,0.08527358,-0.10414854,589000.00004796,0.02890632,0.03403978,0.04060759,-0.11192539,0.06607348,0.02302033,0.31784603,0.05897028,0.01762795,0.27893198,-0.04615451,-0.08690099,-0.07121152,-0.08481761,-0.10010226,-0.07288639,-0.05559693,-0.12486903,0.04766588,-0.11035618,-0.18758833,0.0920639,-0.10262491,590000.0063573,0.03205939,0.03220261,0.04140978,-0.11112639,0.06518551,0.02035372,0.31851897,0.05871379,0.01447064,0.27544203,-0.04857146,-0.08028369,-0.07070818,-0.08434878,-0.10178072,-0.07515845,-0.05273879,-0.1226072,0.05008991,-0.11033893,-0.18576616,0.09307802,-0.10413224,591000.00463212,0.02813821,0.03622821,0.04035481,-0.11484279,0.06515554,0.01587237,0.32050863,0.06016203,0.01081331,0.27333435,-0.04965469,-0.08387365,-0.07224599,-0.08141024,-0.10317094,-0.07663339,-0.0495129,-0.12107797,0.04824708,-0.10553869,-0.1879651,0.09446128,-0.10668709,592000.00646272,0.02572616,0.03814902,0.04136145,-0.12114479,0.06402564,0.01959313,0.31896779,0.05910289,0.01012192,0.27456078,-0.0461479,-0.0962605,-0.07693627,-0.08143621,-0.1007409,-0.07955132,-0.07166374,-0.12614529,0.04786072,-0.10606183,-0.18767688,0.08939859,-0.10636105,593000.00455403,0.027503,0.03433385,0.04110522,-0.12606515,0.06730032,0.01664623,0.31690732,0.05959731,0.00744376,0.27451637,-0.04882261,-0.09000503,-0.07587469,-0.07754268,-0.10257879,-0.07972586,-0.07678765,-0.12434314,0.05011279,-0.1057691,-0.1888338,0.096716,-0.10346128,594000.0071967,0.02987934,0.03865682,0.0459903,-0.12549591,0.06772428,0.01630377,0.31897503,0.05684526,0.00287838,0.27075639,-0.05384244,-0.08565381,-0.07508698,-0.08261917,-0.10313449,-0.08177561,-0.06429759,-0.12714234,0.04339983,-0.11232425,-0.18941343,0.09391643,-0.09940921,595000.00488996,0.02877059,0.03657364,0.0471584,-0.12501739,0.06747255,0.01572487,0.3183811,0.05656696,0.00165234,0.27074841,-0.04914473,-0.08504498,-0.07501105,-0.083988,-0.10256921,-0.07714092,-0.07030374,-0.12468594,0.04353178,-0.10605218,-0.18790424,0.09657047,-0.10738193,596000.00658729,0.03110709,0.03505234,0.04722728,-0.12528026,0.06842967,0.01966105,0.316421,0.05750612,0.00055512,0.26857254,-0.04789776,-0.08836937,-0.0751531,-0.08470888,-0.10274932,-0.07485501,-0.07281927,-0.12533073,0.04579595,-0.10212411,-0.18823628,0.09610922,-0.11560155,597000.00302614,0.02462813,0.03180183,0.04170575,-0.11378665,0.06092373,0.02033116,0.31643021,0.0590163,0.01048436,0.27465373,-0.04458023,-0.07942219,-0.07639581,-0.08671497,-0.10248834,-0.07863697,-0.05657315,-0.12700053,0.04630329,-0.10550763,-0.18580103,0.09636568,-0.11041431,598000.00033887,0.02521319,0.03539853,0.03893703,-0.11332931,0.05919296,0.02457474,0.31731424,0.05947122,0.01475911,0.27940559,-0.04771313,-0.09046527,-0.07593293,-0.09024177,-0.10230405,-0.0777692,-0.05982644,-0.12634797,0.04332115,-0.1067332,-0.18489778,0.09922161,-0.10417689,599000.00311432,0.02505259,0.03590671,0.04028461,-0.11670149,0.0614589,0.02280493,0.32115671,0.05850946,0.01049407,0.27725002,-0.04624767,-0.09325934,-0.06843577,-0.08386974,-0.10315578,-0.07475594,-0.06006469,-0.12396762,0.05391512,-0.1066555,-0.18568484,0.09928029,-0.10718109,600000.00185839,0.02804347,0.03100379,0.04158434,-0.11694229,0.05776265,0.01933613,0.32004872,0.05916691,0.00860513,0.26963881,-0.04667136,-0.09507345,-0.07325956,-0.08763795,-0.10418997,-0.07709435,-0.04626913,-0.12373106,0.04596072,-0.10962783,-0.18747748,0.09518251,-0.10981546,601000.00258835,0.03073878,0.03396072,0.04333422,-0.11581698,0.06384655,0.02067075,0.32303977,0.06014217,0.00898983,0.27382991,-0.05252199,-0.09857914,-0.07700065,-0.08963053,-0.1060787,-0.07568221,-0.0598596,-0.12628816,0.04510676,-0.11281311,-0.1875684,0.09340812,-0.1149601,602000.00103848,0.0336363,0.0328416,0.04546268,-0.12355889,0.06750268,0.02278939,0.32018009,0.05790246,0.00649518,0.28012502,-0.04935542,-0.09319972,-0.08395316,-0.08477622,-0.10524172,-0.07732032,-0.07457165,-0.12947223,0.04719091,-0.11664592,-0.18776147,0.0979449,-0.10390973,603000.00263601,0.03318164,0.03380031,0.04622899,-0.12222867,0.06525825,0.01652626,0.31621879,0.05739887,0.00321913,0.27360523,-0.04601018,-0.07796545,-0.07787289,-0.08371169,-0.10446674,-0.08189534,-0.06957261,-0.12515457,0.05127254,-0.11143548,-0.18757346,0.09981789,-0.10994151,604000.00357584,0.03170846,0.03494557,0.04776775,-0.12169995,0.0673821,0.02084526,0.3193458,0.05819266,0.0014888,0.28155202,-0.04548438,-0.08245608,-0.08224934,-0.0856248,-0.10762432,-0.08155673,-0.05959568,-0.1275124,0.04538081,-0.11355807,-0.18724416,0.09483494,-0.11022948,605000.00027913,0.02842841,0.03531616,0.0434546,-0.11073674,0.06329639,0.02493627,0.32086274,0.05917609,0.01248912,0.27724639,-0.04288861,-0.08366817,-0.07790275,-0.08451862,-0.10689631,-0.07973459,-0.06307489,-0.1289937,0.04965987,-0.11146288,-0.1861587,0.09389891,-0.11158479,606000.00036016,0.02621876,0.03595835,0.04135036,-0.11179677,0.06282197,0.02771386,0.32033378,0.06051568,0.01744735,0.27119672,-0.0408806,-0.08965059,-0.07530526,-0.08771849,-0.1058093,-0.08049549,-0.06320044,-0.12896289,0.04411913,-0.10756717,-0.18455063,0.09251455,-0.10080817,60700-0.00047432,0.02809569,0.03628008,0.04192981,-0.11533888,0.06301825,0.02202701,0.31869107,0.05868592,0.01241139,0.27956644,-0.04132995,-0.08377819,-0.07763716,-0.09229032,-0.10703356,-0.07554138,-0.06643373,-0.12939057,0.04280002,-0.10880338,-0.18502064,0.09458198,-0.09780802,608000.00567814,0.02903353,0.03103048,0.04120537,-0.11109344,0.06167143,0.02137558,0.31764638,0.06027428,0.00984934,0.27628192,-0.03879073,-0.08731283,-0.08271562,-0.08624793,-0.10827176,-0.08067137,-0.06310496,-0.12829815,0.04755781,-0.10498771,-0.18721046,0.0996159,-0.10776405,609000.0048119,0.029474,0.03518787,0.04292584,-0.11465495,0.07139475,0.02163853,0.32018217,0.05900473,0.00936016,0.27402624,-0.04621159,-0.08197423,-0.08007102,-0.08380578,-0.10815845,-0.07795359,-0.06536744,-0.12838291,0.04923346,-0.11266675,-0.18592623,0.10026797,-0.10906927,610000.00431266,0.02845482,0.03641274,0.04666854,-0.11926712,0.06661662,0.02157799,0.32049763,0.06025397,0.00653856,0.27198029,-0.04446792,-0.0831279,-0.07990898,-0.08593308,-0.10575102,-0.07598803,-0.04916071,-0.1268983,0.04763178,-0.11104688,-0.1880963,0.09712882,-0.10827027,611000.00355224,0.03520984,0.03723939,0.04698526,-0.12061491,0.06753329,0.01969924,0.31869853,0.05926294,0.00410683,0.27501503,-0.04172824,-0.09171999,-0.08426823,-0.08838853,-0.1076127,-0.08006112,-0.05978613,-0.13045846,0.0485028,-0.11294653,-0.18857817,0.09934423,-0.10625903,612000.00635324,0.03565063,0.03995983,0.04682128,-0.11610638,0.07569243,0.01916181,0.31671304,0.05977548,0.00205778,0.2779904,-0.044171,-0.08531056,-0.08540728,-0.08457462,-0.10763604,-0.07817315,-0.06535839,-0.12870079,0.04777918,-0.11915769,-0.18880484,0.1040194,-0.10758828,613000.00310415,0.03410689,0.03632864,0.04309511,-0.10721114,0.06685843,0.02357901,0.32000822,0.06009843,0.01045299,0.27936721,-0.04184688,-0.0891457,-0.08248062,-0.08690238,-0.10814065,-0.07359093,-0.06230486,-0.12642127,0.04954953,-0.10619793,-0.18834107,0.09781317,-0.10841847,614000.00015298,0.02975289,0.03377258,0.04062936,-0.10121258,0.06295013,0.03132016,0.31948757,0.06125361,0.01776969,0.28338152,-0.03440923,-0.08060796,-0.08003864,-0.08598471,-0.10615914,-0.07792864,-0.06197841,-0.1287545,0.05171505,-0.10725774,-0.18737476,0.09821961,-0.11617632,615000.00235408,0.03045484,0.03281556,0.04173604,-0.10717413,0.06854936,0.02817724,0.32108799,0.06024149,0.01361349,0.28149202,-0.0352178,-0.08461351,-0.0870458,-0.08632612,-0.10722388,-0.0766794,-0.06485835,-0.12860663,0.04150738,-0.10605592,-0.1886511,0.09219196,-0.11054414,616000.00505338,0.02939469,0.03444127,0.04285143,-0.10993297,0.06892309,0.02260234,0.32049391,0.05833134,0.0106563,0.27940628,-0.03642954,-0.10005599,-0.08175123,-0.08662764,-0.10833234,-0.07629531,-0.05768562,-0.12620495,0.04494466,-0.11095716,-0.19112806,0.09656113,-0.11250103,617000.00217082,0.03080126,0.03556199,0.04263583,-0.11141442,0.06977044,0.02160402,0.32136178,0.05948842,0.00965767,0.27793863,-0.04049137,-0.07737027,-0.08177046,-0.0852932,-0.10940194,-0.07662638,-0.0558154,-0.12663427,0.05453375,-0.10475433,-0.1923701,0.09741873,-0.11224151,61800-0.00000598,0.03340426,0.03449493,0.04351324,-0.11193873,0.06893372,0.01832794,0.32413259,0.05863386,0.0069544,0.27889127,-0.04021086,-0.08603924,-0.08373994,-0.08606851,-0.10836902,-0.07509906,-0.05784865,-0.13001145,0.04851725,-0.11557342,-0.19207181,0.0953337,-0.10413129,619000.00399311,0.0333105,0.03750737,0.04584672,-0.11505106,0.06761348,0.01668584,0.32272336,0.05738472,0.00355252,0.2744326,-0.03635217,-0.08384337,-0.0812776,-0.08628594,-0.10651502,-0.07759129,-0.06345355,-0.1304872,0.04617635,-0.12159516,-0.19351715,0.09706333,-0.10947503,620000.00440636,0.03066166,0.03929412,0.04449122,-0.11500701,0.06528689,0.01314997,0.32100162,0.05793498,0.0020655,0.27731049,-0.043253,-0.08807339,-0.08225319,-0.08571682,-0.10667015,-0.07437864,-0.06301716,-0.13299409,0.04602678,-0.12424425,-0.19443788,0.09564761,-0.11010803,621000.00249281,0.03123215,0.035957,0.04300532,-0.10600241,0.06663696,0.02262302,0.32137811,0.06029641,0.00648792,0.28014389,-0.04000908,-0.08491326,-0.08174623,-0.0844114,-0.10473535,-0.06712905,-0.06989079,-0.1297508,0.05125066,-0.12158016,-0.19283281,0.09724554,-0.11337399,62200-0.00338211,0.02506204,0.03523893,0.04118662,-0.10212594,0.06711009,0.02561334,0.32071501,0.06237886,0.01606981,0.27990264,-0.03139601,-0.07232715,-0.07713806,-0.08553826,-0.10350306,-0.07045936,-0.06700139,-0.13270435,0.04896439,-0.10813038,-0.19255945,0.09240267,-0.10890183,62300-0.00076235,0.02890042,0.03396216,0.0407008,-0.10293561,0.06452762,0.02503473,0.32144955,0.06049277,0.01381926,0.27869403,-0.02905892,-0.08239939,-0.07419621,-0.08348976,-0.10608093,-0.07208048,-0.06737044,-0.13430983,0.04993212,-0.1138946,-0.19485852,0.09125879,-0.10606513,624000.00156707,0.02740019,0.03422878,0.04169812,-0.1081432,0.06330709,0.02156457,0.32061639,0.05842351,0.0112272,0.28096908,-0.03459869,-0.07702863,-0.07837157,-0.08680039,-0.10805526,-0.07219664,-0.06226038,-0.13049614,0.05357574,-0.1091876,-0.19570614,0.09271643,-0.11456264,625000.00284971,0.03055888,0.03593616,0.04273562,-0.10718067,0.06748969,0.02020703,0.32314572,0.0612225,0.00977847,0.28368241,-0.03851172,-0.07147259,-0.08181789,-0.08517037,-0.10783432,-0.0690549,-0.04430894,-0.13204347,0.0517251,-0.11529819,-0.19711299,0.09794705,-0.11125219,626000.00111963,0.03052153,0.03249587,0.04227483,-0.10925373,0.06685505,0.01930477,0.32256508,0.06115723,0.00702029,0.2851842,-0.03638878,-0.07089531,-0.08297849,-0.0877055,-0.10789172,-0.0729822,-0.06815939,-0.13583499,0.05100496,-0.12909348,-0.19820185,0.09223586,-0.11015763,627000.00392236,0.03120558,0.03588242,0.04471838,-0.11604543,0.07180899,0.01668374,0.31976685,0.05864429,0.00352005,0.28328094,-0.04001481,-0.06373357,-0.08645877,-0.08768573,-0.10996723,-0.07485095,-0.06583229,-0.13705236,0.05301132,-0.11565696,-0.20003811,0.09261268,-0.1097685,628000.00583428,0.03278347,0.03788351,0.04573284,-0.11689176,0.07232304,0.01514122,0.32057133,0.05795138,0.0006774,0.28195205,-0.03815856,-0.08151578,-0.08231637,-0.0872631,-0.1095263,-0.07585351,-0.05530927,-0.13683657,0.05440899,-0.11431354,-0.20038112,0.08710417,-0.11655169,629000.00528018,0.03047009,0.03838865,0.04729196,-0.11804233,0.07486704,0.02166223,0.32387713,0.05867486,0.00037666,0.27877405,-0.0380397,-0.08297586,-0.08563177,-0.08592603,-0.1102352,-0.07749968,-0.05964135,-0.13351941,0.04960057,-0.12009329,-0.20078969,0.09602988,-0.12179213,630000.00145564,0.02889434,0.03494658,0.04507303,-0.10408276,0.06785544,0.01638966,0.32362825,0.06102671,0.00682307,0.27746168,-0.032338,-0.09469204,-0.08670993,-0.08719209,-0.11158621,-0.07833608,-0.06090277,-0.13384667,0.05153426,-0.11476225,-0.20117408,0.095218,-0.11203686,631000.00164515,0.03029362,0.03436138,0.04068014,-0.09958545,0.07100146,0.02047479,0.32095566,0.06279716,0.01580214,0.28005138,-0.02675,-0.07880416,-0.08478182,-0.08308077,-0.11311986,-0.0800242,-0.06048286,-0.1368393,0.05274256,-0.11765505,-0.20023228,0.09462743,-0.11572539,632000.00081296,0.02855315,0.03740473,0.0389301,-0.10724868,0.07250578,0.02092953,0.32336986,0.06046499,0.01238889,0.27446324,-0.03123766,-0.0807851,-0.08295828,-0.08861423,-0.11151372,-0.07582785,-0.05079394,-0.13715953,0.04698219,-0.12440345,-0.20168677,0.09882759,-0.11640956,633000.00342998,0.02807078,0.03583029,0.04131579,-0.10548659,0.06990074,0.01939775,0.32406133,0.061898,0.0115723,0.28321239,-0.02981202,-0.08464332,-0.07751821,-0.08415874,-0.11390872,-0.07074065,-0.05830743,-0.13407701,0.05119898,-0.1197077,-0.20207556,0.09627491,-0.11319186,634000.00384768,0.03032459,0.03417578,0.0396141,-0.10289267,0.0661662,0.01744578,0.32241791,0.06125515,0.01022939,0.28218281,-0.03036179,-0.08546943,-0.0938226,-0.08631276,-0.11376175,-0.07532439,-0.06206975,-0.13726497,0.05155821,-0.12253302,-0.20397994,0.10035574,-0.11603829,635000.00303299,0.0293826,0.03796453,0.04188142,-0.10779916,0.07255631,0.01822666,0.32339722,0.05985442,0.0079705,0.27769625,-0.03660565,-0.08100755,-0.09223925,-0.08672851,-0.11363677,-0.07578196,-0.06270097,-0.13773705,0.04937698,-0.12040044,-0.20372765,0.10373978,-0.11963164,636000.00415655,0.02929379,0.03879219,0.04517492,-0.11380775,0.07625269,0.01812268,0.32377392,0.06051151,0.00394593,0.28608134,-0.03275594,-0.0739616,-0.09089056,-0.08266778,-0.11479352,-0.08436038,-0.05741361,-0.14025827,0.04365155,-0.11940084,-0.20460956,0.10056451,-0.11132149,637000.00538553,0.03103808,0.0343351,0.04820457,-0.11497761,0.0785155,0.01689858,0.32461604,0.06014851,0.00226893,0.28455505,-0.03210749,-0.07947402,-0.09739976,-0.08187273,-0.11430936,-0.08052493,-0.06229667,-0.13705952,0.0496367,-0.12040725,-0.20697191,0.09346201,-0.11892609,638000.00357943,0.02847006,0.03516012,0.04771166,-0.10949286,0.07457494,0.01680527,0.32775083,0.06198077,0.00283117,0.2861281,-0.02904933,-0.07320136,-0.09263285,-0.08426303,-0.11601888,-0.07967369,-0.05045519,-0.13418987,0.05078657,-0.1256496,-0.20683129,0.0941202,-0.12269232,639000.00164202,0.02587655,0.03561213,0.03945605,-0.09767186,0.06838922,0.02345249,0.32448933,0.06104568,0.01426971,0.28389487,-0.02472718,-0.09159144,-0.0932166,-0.08390208,-0.11726002,-0.07684396,-0.05110745,-0.13795117,0.04169978,-0.11956652,-0.20443088,0.09248532,-0.11716782,640000.00641199,0.02634248,0.03372203,0.04343901,-0.10178333,0.06768131,0.02452856,0.32711419,0.0622515,0.01628414,0.27835745,-0.0233429,-0.07636973,-0.09109635,-0.08091223,-0.11410092,-0.07332806,-0.05986825,-0.13931593,0.04232927,-0.12022788,-0.20442243,0.09401815,-0.11722355,641000.00334862,0.02753115,0.0354552,0.04246866,-0.10468818,0.06534038,0.02036292,0.3258014,0.06152787,0.01211954,0.27876759,-0.0227586,-0.08332746,-0.09102437,-0.08350489,-0.11529815,-0.07365779,-0.06063677,-0.13979828,0.05042684,-0.12077895,-0.20689914,0.09782622,-0.12297277,642000.00175027,0.02578327,0.03289568,0.04173604,-0.10466331,0.06759132,0.020154,0.32486948,0.06155929,0.010692,0.27603814,-0.02835866,-0.07874108,-0.0974037,-0.08690432,-0.1165053,-0.07939901,-0.06831731,-0.13741314,0.04684447,-0.12696706,-0.20732181,0.10426403,-0.12586178,643000.00195741,0.0284534,0.03505551,0.04278098,-0.10590929,0.06686667,0.0155644,0.32367471,0.06161695,0.00969154,0.27843603,-0.02778524,-0.07120686,-0.10262109,-0.08799823,-0.11840247,-0.08075483,-0.05183604,-0.13691688,0.0428818,-0.12410726,-0.20972385,0.09868421,-0.12452035,644000.00520214,0.03154945,0.03806914,0.04288463,-0.11179689,0.06603158,0.01968033,0.32182157,0.06098971,0.00664997,0.28557098,-0.02867083,-0.07692425,-0.09483818,-0.08360333,-0.11787806,-0.08221643,-0.05672842,-0.13868834,0.04813473,-0.12481159,-0.2101617,0.09958544,-0.11984262,645000.00737163,0.03233076,0.0384171,0.04507303,-0.11317801,0.07683663,0.01608126,0.32167959,0.05899193,0.00468273,0.28438777,-0.03283202,-0.06794748,-0.09324702,-0.08776878,-0.11940619,-0.08101171,-0.06914204,-0.1435848,0.05272434,-0.12070332,-0.20947734,0.09940245,-0.12506743,646000.00622045,0.03375935,0.0356142,0.04652288,-0.10994375,0.0792475,0.01821684,0.32164675,0.06202422,0.00409034,0.27290994,-0.02479007,-0.07411033,-0.0976785,-0.08498049,-0.1198148,-0.08194455,-0.05341828,-0.14057428,0.0503672,-0.11605696,-0.20912345,0.09339989,-0.12480213,647000.00496022,0.02442402,0.03137613,0.04103445,-0.09742799,0.06644564,0.02036693,0.3234151,0.06336463,0.01422761,0.28838837,-0.01837031,-0.07800937,-0.10338405,-0.08650069,-0.11816058,-0.07956822,-0.05221831,-0.14114575,0.04458583,-0.11820149,-0.20897737,0.0936336,-0.12106516,648000.00551425,0.02281197,0.0297527,0.0413724,-0.09828431,0.06928665,0.02511275,0.32424232,0.06294319,0.0178972,0.28549841,-0.01483986,-0.07714631,-0.09933547,-0.08742898,-0.11757635,-0.07820255,-0.0686844,-0.14241041,0.05150474,-0.12657748,-0.20932849,0.09005045,-0.12198405,649000.00470659,0.02601583,0.0329222,0.04164715,-0.10383405,0.06593936,0.0205001,0.3258664,0.0632485,0.01550903,0.28145269,-0.01665681,-0.06734452,-0.101499,-0.08678542,-0.11851928,-0.075697,-0.0724682,-0.1401872,0.04902178,-0.12096952,-0.209194,0.09305454,-0.1215158,650000.00470659,0.02503626,0.0360423,0.0421266,-0.10146555,0.0674111,0.01803911,0.32384494,0.06152787,0.01169192,0.28678969,-0.01924626,-0.06854359,-0.10317792,-0.0891327,-0.11823004,-0.08042119,-0.06458329,-0.14104977,0.04990426,-0.11314696,-0.21064854,0.08814607,-0.11591632,651000.00405128,0.02422318,0.03596236,0.04557041,-0.10523765,0.07384861,0.02092745,0.32536641,0.06334016,0.01087115,0.28039753,-0.01798796,-0.07515939,-0.10112157,-0.0887396,-0.11990381,-0.07918596,-0.07148784,-0.13931556,0.05017959,-0.11885046,-0.21114612,0.09651615,-0.12272418,652000.00310415,0.02682316,0.03732295,0.04460529,-0.1085092,0.06937729,0.01941557,0.32446223,0.06171991,0.0087389,0.28389955,-0.01983511,-0.0746709,-0.1023249,-0.08895315,-0.12142135,-0.08552202,-0.07114419,-0.14159074,0.05224294,-0.12069649,-0.20996739,0.09003695,-0.12727174,653000.00718818,0.03109142,0.03588166,0.04668625,-0.11502223,0.07292669,0.00906286,0.32227185,0.06268277,0.00574343,0.27953851,-0.02353803,-0.07237349,-0.10367039,-0.08632941,-0.11953644,-0.07961842,-0.06884828,-0.14423704,0.04959081,-0.1249671,-0.21243231,0.09659773,-0.12915491,654000.0044337,0.03354064,0.03566804,0.04865913,-0.11150625,0.07384341,0.01344641,0.32380828,0.06481263,0.00305321,0.28387871,-0.02404298,-0.0672606,-0.09633018,-0.08710709,-0.12226491,-0.08088561,-0.06756606,-0.14435035,0.04853797,-0.11815571,-0.21266815,0.09759353,-0.12103977,655000.00555654,0.03142805,0.03734481,0.04548567,-0.10856023,0.07111041,0.02043246,0.32108226,0.06457591,0.00789313,0.28316736,-0.02061576,-0.07877295,-0.09903608,-0.08862102,-0.12169192,-0.08041477,-0.07103576,-0.1425041,0.05194499,-0.12724307,-0.21351869,0.08904832,-0.12179999,656000.00322917,0.02647289,0.03313342,0.03970899,-0.0973912,0.06595089,0.02404991,0.320719,0.06545222,0.01779915,0.28286237,-0.01194827,-0.07592844,-0.10905431,-0.086772,-0.12053888,-0.0806087,-0.06163099,-0.1431347,0.04722973,-0.12064674,-0.21282744,0.09142628,-0.11811303,657000.00260537,0.02512739,0.03193622,0.04017137,-0.09813,0.06371115,0.01873461,0.32537511,0.06403694,0.01688151,0.28697094,-0.00995943,-0.07379943,-0.10031345,-0.08664411,-0.12116786,-0.0884931,-0.06422853,-0.14253277,0.05258203,-0.12096708,-0.21074741,0.09556024,-0.1247853,658000.00268689,0.027199,0.02993879,0.0392721,-0.10446302,0.06698667,0.01913135,0.32531473,0.06424645,0.01325367,0.28076127,-0.01547873,-0.08062442,-0.10899276,-0.08979353,-0.12117612,-0.08317187,-0.06530753,-0.1435302,0.05647853,-0.12035855,-0.21404907,0.09261047,-0.12688489,659000.00276833,0.02448655,0.0314566,0.04261704,-0.10709646,0.06442562,0.01503024,0.32380816,0.06435849,0.01051061,0.28198564,-0.01557393,-0.08940456,-0.10258237,-0.08853031,-0.1216613,-0.08529893,-0.05525283,-0.14189267,0.05169895,-0.1204968,-0.21508317,0.08983286,-0.13035253,660000.00648187,0.02742731,0.0346821,0.04519834,-0.10779624,0.06771129,0.01524905,0.32226199,0.06366068,0.00669366,0.28029403,-0.01860159,-0.07665304,-0.10902649,-0.09044252,-0.12225483,-0.09003794,-0.05820664,-0.14169666,0.04838764,-0.11922278,-0.21639602,0.09411525,-0.12108628,661000.00334177,0.03598535,0.033402,0.0454089,-0.11136796,0.07040595,0.0143217,0.32405066,0.06258341,0.00614517,0.2847144,-0.01618197,-0.08963349,-0.10273837,-0.09014201,-0.12201485,-0.09337441,-0.05600151,-0.1471006,0.04844139,-0.12345186,-0.21640998,0.09289799,-0.123072,662000.00663787,0.03106217,0.0353484,0.04620632,-0.11450856,0.0758652,0.015692,0.3226878,0.06047228,0.00193116,0.28379148,-0.01646096,-0.0929699,-0.10224366,-0.09067313,-0.12253441,-0.08946051,-0.06648584,-0.14883628,0.05502421,-0.13423833,-0.21769691,0.09640213,-0.11657555,663000.00632163,0.02867095,0.03766842,0.04859853,-0.11529766,0.07718503,0.01700219,0.32048094,0.06308673,0.00180183,0.27859575,-0.01692048,-0.08413292,-0.1026978,-0.09541597,-0.12273381,-0.08613338,-0.06343238,-0.14665014,0.0526365,-0.12719357,-0.2170763,0.09422765,-0.12958224,664000.00595059,0.03400625,0.03753305,0.04616862,-0.11083914,0.07042479,0.01650008,0.32372633,0.06475154,0.00435613,0.27606961,-0.01474453,-0.08312611,-0.10880045,-0.09026793,-0.12162101,-0.08783918,-0.0722336,-0.14712961,0.04900042,-0.12471665,-0.2175737,0.09608197,-0.12379138,665000.00471813,0.02599512,0.03158923,0.04060759,-0.09802926,0.06701963,0.02208361,0.321946,0.06582142,0.01570266,0.28621557,-0.0108115,-0.08025341,-0.10715751,-0.09321703,-0.12153301,-0.08458204,-0.06892431,-0.14317265,0.04767059,-0.12684877,-0.21698682,0.09362727,-0.12600152,666000.00540484,0.02842372,0.03023184,0.04184379,-0.09884803,0.06860005,0.01560688,0.32174703,0.06563161,0.01630144,0.28443107,-0.00867436,-0.08392231,-0.10595259,-0.09253418,-0.12233205,-0.08654162,-0.06950893,-0.14558253,0.04924219,-0.12181161,-0.21580359,0.09255078,-0.13076323,667000.00624365,0.03040765,0.03444223,0.04232334,-0.10538895,0.06966763,0.02040219,0.32087624,0.06347414,0.01061731,0.27455625,-0.01309745,-0.08489015,-0.10213063,-0.08788916,-0.12303589,-0.08599912,-0.0679392,-0.14481772,0.05230635,-0.12296724,-0.2165565,0.10053834,-0.12300505,668000.00635324,0.03456389,0.03180285,0.04361388,-0.10241294,0.07170791,0.016157,0.32456216,0.06455154,0.01069628,0.27633208,-0.00977496,-0.08912416,-0.10621902,-0.08985554,-0.12289359,-0.0852505,-0.05403843,-0.1466708,0.04717376,-0.12216868,-0.21844202,0.09949201,-0.12636144,669000.00650928,0.03163489,0.0346821,0.04513856,-0.1063632,0.07435518,0.02296524,0.32596767,0.06411129,0.00766432,0.27169886,-0.01217719,-0.08700166,-0.10495523,-0.0910575,-0.12293598,-0.08698767,-0.07350324,-0.1455068,0.0468163,-0.12709597,-0.21862966,0.099589,-0.13027214,670000.00577565,0.03373809,0.03478922,0.04536088,-0.11055979,0.07558732,0.01499701,0.32289001,0.06407566,0.005526,0.27685237,-0.01656084,-0.08348864,-0.10757073,-0.09014201,-0.12463532,-0.0871936,-0.06578768,-0.14235707,0.04632102,-0.12264179,-0.21762806,0.09534942,-0.12838739,671000.00595904,0.04003487,0.03865931,0.04834292,-0.11412306,0.0773321,0.01737357,0.32224277,0.06572354,0.00340124,0.28392392,-0.01531024,-0.09366014,-0.10070726,-0.08981203,-0.12310244,-0.08663928,-0.05614421,-0.14799775,0.05320432,-0.12264175,-0.21992359,0.09416095,-0.12746811,672000.00524887,0.03806158,0.03895073,0.04934267,-0.11229634,0.07682496,0.01779867,0.32088619,0.06476703,0.00293608,0.28093442,-0.01435104,-0.08618611,-0.10454296,-0.09567616,-0.12351292,-0.08785511,-0.07581539,-0.14647017,0.04972122,-0.1169278,-0.21964961,0.09689412,-0.12331401,673000.00542376,0.03882742,0.03457419,0.04951886,-0.11445335,0.08092133,0.01696078,0.32114953,0.06709412,0.0010099,0.28418744,-0.01067723,-0.08055326,-0.10726927,-0.09322749,-0.12374205,-0.0868614,-0.07242034,-0.14519535,0.04687992,-0.12051934,-0.21974623,0.09697051,-0.1239313,674000.00343573,0.03564537,0.03459939,0.04546806,-0.10242846,0.07506141,0.02436519,0.32178083,0.07008751,0.01193643,0.28014287,-0.00197348,-0.08677979,-0.10606243,-0.09293216,-0.12177155,-0.08118808,-0.05471133,-0.14278944,0.04708412,-0.12117265,-0.21830662,0.09537429,-0.13047539,675000.00401655,0.03397446,0.03366807,0.04331592,-0.09956015,0.07129283,0.028822,0.32630774,0.07053946,0.01780794,0.28691563,0.00413819,-0.08911671,-0.09960718,-0.09579466,-0.11978554,-0.08331087,-0.06059482,-0.14299819,0.05083878,-0.11382674,-0.217816,0.09264293,-0.12991935,676000.00198126,0.03636735,0.03452219,0.04692699,-0.10041387,0.0738699,0.01875051,0.32515654,0.06927425,0.01460399,0.28596556,-0.00412791,-0.09561714,-0.09292692,-0.09008875,-0.12215914,-0.07997398,-0.06418441,-0.13948579,0.04827678,-0.11590441,-0.21781684,0.0998117,-0.13390082,677000.00274119,0.03543793,0.03481565,0.04618284,-0.09950578,0.07791532,0.02454278,0.3254343,0.06960916,0.01366665,0.28827128,-0.00193676,-0.08815071,-0.09716906,-0.09811985,-0.12312729,-0.08444472,-0.06182802,-0.14074977,0.04640381,-0.11905914,-0.21867953,0.09319892,-0.131318,678000.00276135,0.03536004,0.03572307,0.0479053,-0.10379286,0.07688193,0.02046731,0.32515514,0.06775026,0.01313462,0.28756431,0.00039357,-0.07849382,-0.10060847,-0.09126814,-0.1196803,-0.08223807,-0.06700042,-0.14242481,0.04568796,-0.11460758,-0.21832076,0.09787618,-0.12699269,679000.00252737,0.03632799,0.0360684,0.04878026,-0.10485832,0.07793163,0.02366785,0.32312733,0.06812052,0.01077964,0.28194848,-0.00185348,-0.08283768,-0.09148406,-0.08889809,-0.12018159,-0.08104464,-0.05824559,-0.14447232,0.04200259,-0.11705944,-0.21849316,0.09856758,-0.12876645,680000.00638062,0.04135255,0.03598849,0.05236532,-0.10614155,0.0804617,0.02019366,0.3245551,0.06817231,0.0089038,0.28123966,-0.00494673,-0.08596422,-0.08585085,-0.09568959,-0.12189504,-0.07960418,-0.06044666,-0.14354257,0.0460162,-0.11616255,-0.21833561,0.09553718,-0.12691432,681000.00800893,0.04334777,0.04309511,0.05722501,-0.11174335,0.08246473,0.02248696,0.32596418,0.069307,0.00525852,0.28366628,-0.00139127,-0.08353265,-0.08767724,-0.09808884,-0.12317342,-0.0792161,-0.05922002,-0.14378932,0.05855912,-0.12404968,-0.22150555,0.11217399,-0.13716987,682000.00730741,0.04452357,0.03975122,0.05342697,-0.10497709,0.07881189,0.02398851,0.32422397,0.07041427,0.00764717,0.2807658,0.00087472,-0.086043,-0.08710803,-0.09245898,-0.1215973,-0.07669445,-0.07825138,-0.14511326,0.04867193,-0.11618797,-0.21877685,0.10838544,-0.12188061,683000.00312007,0.03899145,0.03556034,0.04726179,-0.09126938,0.07133396,0.03097627,0.3230747,0.07223653,0.02002439,0.28677419,0.00824811,-0.08781746,-0.08743583,-0.09233043,-0.11856832,-0.07443494,-0.06814486,-0.13847134,0.04516495,-0.11146649,-0.21549506,0.10132004,-0.12678167,684000.00265972,0.03942435,0.03678945,0.04687903,-0.09197246,0.07184807,0.03094739,0.32414591,0.07260671,0.0207721,0.28750557,0.01194514,-0.07818039,-0.08484286,-0.09384325,-0.11852015,-0.07356815,-0.06103976,-0.13869447,0.04805685,-0.11448798,-0.21565339,0.09632744,-0.12897196,685000.00493688,0.04234123,0.03881924,0.04970641,-0.09474245,0.07138319,0.02768794,0.32868436,0.07089845,0.01746152,0.28733152,0.00852842,-0.07334991,-0.08317499,-0.09384394,-0.11642279,-0.07110548,-0.06820498,-0.13756429,0.05296611,-0.10976698,-0.21327078,0.09610944,-0.12244435,686000.00687616,0.04487199,0.0352695,0.04952022,-0.09390266,0.07151491,0.03095292,0.32172859,0.0719373,0.0170643,0.27417034,0.01289119,-0.08711214,-0.08148371,-0.09515066,-0.116807,-0.06662943,-0.06089675,-0.13800836,0.05142145,-0.10987087,-0.21431108,0.09787075,-0.12404374,687000.00632586,0.04495383,0.03638972,0.05166408,-0.09735065,0.07672036,0.02863461,0.32667142,0.07394923,0.01672748,0.27751207,0.01434993,-0.0776403,-0.07529519,-0.09611318,-0.11846954,-0.06727709,-0.06472246,-0.13573028,0.04689955,-0.10967847,-0.21341035,0.10154014,-0.12180465,688000.00818357,0.04797234,0.04194653,0.05366963,-0.09554026,0.08251609,0.03190739,0.32345051,0.07395642,0.01435606,0.29528782,0.00465929,-0.07182269,-0.07348701,-0.0933945,-0.11662585,-0.06832339,-0.06582035,-0.133918,0.05105565,-0.11010773,-0.21310417,0.0951382,-0.11896452,689000.00632163,0.04765626,0.04071503,0.05510171,-0.09922417,0.0819388,0.02907205,0.32562122,0.07426634,0.01137256,0.2873472,0.00668307,-0.07097927,-0.07699884,-0.0943159,-0.11596265,-0.06878401,-0.05510144,-0.13489413,0.04873621,-0.10957835,-0.21194111,0.10068084,-0.1232798,690000.00914674,0.05326916,0.03996535,0.05511954,-0.0940146,0.0788926,0.03184075,0.32353085,0.07567525,0.01056074,0.28953964,0.0130157,-0.07754282,-0.08454884,-0.09334762,-0.11705776,-0.06633025,-0.06405123,-0.13416688,0.04353178,-0.10813799,-0.21183534,0.10028186,-0.11525358,691000.00421904,0.04604105,0.04062969,0.05068216,-0.08921254,0.07590737,0.03554731,0.32609999,0.07612077,0.01690273,0.29211152,0.01457348,-0.0832442,-0.07027336,-0.09217949,-0.11536453,-0.06651944,-0.06614127,-0.13209295,0.05035535,-0.11215835,-0.21172306,0.09981789,-0.11415087,692000.00210673,0.04531227,0.03964572,0.05049894,-0.07963786,0.07721612,0.04572793,0.3291449,0.07672998,0.02651306,0.28879631,0.02296953,-0.07294583,-0.06028303,-0.09274678,-0.11184358,-0.06230294,-0.0666521,-0.13568874,0.04940705,-0.10832099,-0.20896915,0.09555942,-0.11770036,693000.00326015,0.04743267,0.03767163,0.05036871,-0.0801175,0.07590275,0.04018152,0.32539535,0.0781654,0.02405543,0.29379281,0.01812862,-0.0734041,-0.06685371,-0.09475776,-0.11122163,-0.06094879,-0.05408631,-0.13266723,0.0466787,-0.10227608,-0.20663065,0.10316074,-0.11788938,694000.00350138,0.04723978,0.03521651,0.05063304,-0.08137494,0.07442596,0.03971291,0.3294822,0.07682928,0.02119976,0.2843309,0.01813297,-0.07632841,-0.06571137,-0.09504532,-0.11152814,-0.05969239,-0.04688062,-0.13201039,0.04866331,-0.10663974,-0.20523271,0.10257252,-0.11416502,695000.00533089,0.05068525,0.03695095,0.05329014,-0.08162195,0.07762251,0.03661533,0.3271195,0.07678801,0.02064376,0.28582999,0.01413017,-0.08340067,-0.06200504,-0.09551758,-0.10964327,-0.0564518,-0.05790039,-0.12954779,0.05167129,-0.09913056,-0.20358759,0.09778138,-0.11494364,696000.00546742,0.04979923,0.03799324,0.05211461,-0.09001587,0.07674818,0.03485386,0.32750553,0.0772308,0.0179993,0.29746449,0.01022298,-0.06902234,-0.06261935,-0.09606595,-0.109846,-0.05785454,-0.07139734,-0.12847665,0.04709237,-0.10269892,-0.20434575,0.09989806,-0.11694794,697000.00761439,0.05325885,0.03988959,0.05579831,-0.08743594,0.08060421,0.03567918,0.32394746,0.07697099,0.01493781,0.29115981,0.01207094,-0.0698808,-0.05987529,-0.09694093,-0.10854526,-0.05675481,-0.05765625,-0.13149187,0.05059112,-0.10849449,-0.20209418,0.09867592,-0.11029311,698000.0069584,0.05517082,0.04114187,0.05701165,-0.08924498,0.08043534,0.03218414,0.32529384,0.07777302,0.01304212,0.28574362,0.01178527,-0.0804786,-0.06298686,-0.09945385,-0.10938052,-0.05238092,-0.06175322,-0.1302508,0.0490408,-0.10908425,-0.20144846,0.100843,-0.11903737,699000.00870657,0.05624821,0.03878949,0.0560512,-0.08736724,0.07592125,0.03601311,0.32505739,0.07629548,0.01168187,0.2883907,0.01599406,-0.07225069,-0.05539095,-0.09409562,-0.10897783,-0.05290937,-0.06169748,-0.13127567,0.04790002,-0.10107183,-0.20042872,0.09867507,-0.11295392,700000.0068903,0.05236871,0.03945556,0.05359682,-0.0790391,0.07449427,0.03997698,0.32780859,0.07847915,0.01869416,0.28871688,0.02447041,-0.07027809,-0.05561066,-0.09573154,-0.10800304,-0.05910682,-0.06211751,-0.12661222,0.04623343,-0.10273846,-0.19992033,0.10098036,-0.1159569,701000.00291731,0.05132011,0.03833719,0.04900453,-0.07112354,0.07546697,0.04326014,0.32559398,0.08128644,0.02789896,0.29048014,0.02804787,-0.06412609,-0.05812484,-0.09467961,-0.10416041,-0.05352059,-0.05217041,-0.12646326,0.05117381,-0.1046692,-0.19527625,0.10197544,-0.11535931,702000.00261222,0.05209476,0.03540334,0.05005656,-0.07370686,0.07506315,0.0370509,0.32976472,0.07928825,0.02365729,0.28709909,0.02002536,-0.06212607,-0.05332126,-0.09552883,-0.10488286,-0.05092941,-0.04963188,-0.12871273,0.04808135,-0.10134411,-0.19376329,0.09926578,-0.10889645,703000.00551818,0.05314327,0.03657816,0.05011696,-0.07686954,0.07379888,0.03738282,0.32684419,0.07922692,0.0226961,0.28881148,0.0170058,-0.06639161,-0.04950127,-0.09743375,-0.10707707,-0.05253268,-0.05819654,-0.12562579,0.04849409,-0.10245724,-0.19398518,0.10349701,-0.11152455,704000.00793087,0.05154174,0.03879517,0.04969642,-0.07742757,0.07585225,0.03499526,0.32761815,0.07934534,0.02047354,0.28866348,0.01614504,-0.06878018,-0.04850781,-0.09702888,-0.10578359,-0.05782373,-0.05207464,-0.12341256,0.04416597,-0.1064361,-0.19232376,0.09771349,-0.11520259,705000.00730216,0.05628505,0.04173525,0.05193752,-0.08683229,0.07677054,0.03209509,0.32735515,0.08111767,0.01765844,0.28833064,0.01334495,-0.06686109,-0.05075076,-0.09801485,-0.10317924,-0.05509953,-0.05474812,-0.12275563,0.05310701,-0.10067709,-0.19182178,0.10521138,-0.10839581,706000.0071693,0.05726413,0.03986466,0.05135229,-0.08457074,0.07830817,0.03466009,0.32504466,0.07804987,0.01508545,0.28543761,0.0098252,-0.07450933,-0.04870509,-0.09900233,-0.1029069,-0.05522815,-0.04971674,-0.12558989,0.0508685,-0.10024246,-0.1911906,0.10431615,-0.1074478,707000.00616566,0.05934181,0.03820544,0.05382797,-0.08419951,0.0759518,0.03327985,0.32520255,0.07853802,0.01279617,0.28148443,0.01365466,-0.05410197,-0.05068443,-0.09789258,-0.10133542,-0.05228772,-0.05012414,-0.12736943,0.04981472,-0.1127844,-0.18989864,0.09995533,-0.11132839,708000.00849549,0.05915474,0.04264257,0.05855213,-0.08923036,0.07685132,0.0356991,0.3257845,0.0778746,0.01109852,0.28185186,0.0048934,-0.05941849,-0.05060848,-0.09767536,-0.10422976,-0.05452738,-0.06567834,-0.12797031,0.04372976,-0.10634936,-0.18849331,0.10460895,-0.10726076,709000.00650062,0.05535973,0.04068784,0.05328781,-0.08370973,0.07445265,0.03466748,0.32593763,0.07782229,0.0135015,0.28850213,0.01192638,-0.06377189,-0.05498753,-0.09569297,-0.10406646,-0.05256319,-0.06416132,-0.12343812,0.03871003,-0.10470475,-0.18827106,0.10181521,-0.110779,710000.00600544,0.05013323,0.03596236,0.05016102,-0.07051708,0.06459314,0.04073233,0.32857123,0.08348201,0.02554296,0.29688412,0.01690498,-0.06379487,-0.05358989,-0.09829459,-0.10119262,-0.05187023,-0.06294871,-0.12749103,0.04863576,-0.09910964,-0.18448229,0.10343958,-0.10844461,711000.00641199,0.05306186,0.03697886,0.04970162,-0.07353856,0.06944743,0.0398183,0.32988465,0.08190972,0.02444367,0.28655937,0.01103751,-0.06174261,-0.04828808,-0.09482364,-0.10042632,-0.05188639,-0.04894831,-0.12673177,0.04419307,-0.10071181,-0.18228228,0.09995242,-0.1020695,712000.00473383,0.05010737,0.03556366,0.04866231,-0.08067993,0.07167767,0.03542441,0.33028179,0.0800146,0.02052308,0.30003759,0.00804222,-0.05603906,-0.04985462,-0.0986724,-0.1021661,-0.05397132,-0.059783,-0.1262494,0.04342474,-0.10857029,-0.18285888,0.09766063,-0.10672706,713000.00672425,0.05115542,0.03775365,0.04770143,-0.08011598,0.07063771,0.03741227,0.32887021,0.07891174,0.01911936,0.2853983,0.00191586,-0.06958811,-0.04824087,-0.09732888,-0.10371073,-0.05426762,-0.06513071,-0.12886307,0.04835827,-0.10364709,-0.18167356,0.09897222,-0.10585468,714000.0043907,0.05233825,0.04189799,0.04798328,-0.08659715,0.07288967,0.03124114,0.32878625,0.07811209,0.01835282,0.28954333,0.00297905,-0.08076141,-0.05964632,-0.09236901,-0.10123628,-0.05401795,-0.05714167,-0.12676747,0.04524437,-0.10837396,-0.18072869,0.0973972,-0.1001628,715000.00630259,0.05439843,0.04114894,0.04761624,-0.08966155,0.07716593,0.03083354,0.32845673,0.0764953,0.01496319,0.28223336,-0.00043479,-0.06271722,-0.05288288,-0.09933472,-0.10196307,-0.05938496,-0.06500151,-0.12514445,0.04824972,-0.1114004,-0.1812229,0.09809026,-0.10583834,716000.00700903,0.05377777,0.04310202,0.05179293,-0.08997113,0.07528537,0.02751227,0.32853839,0.07721735,0.01186528,0.28528595,-0.00023799,-0.07150112,-0.05359093,-0.0989314,-0.10440538,-0.05853542,-0.06477883,-0.12535761,0.04136954,-0.11170767,-0.18119876,0.10083028,-0.10527299,717000.00771108,0.05337918,0.04224409,0.05218492,-0.0897966,0.07564838,0.03380181,0.32718149,0.07794061,0.01060571,0.27946392,0.00007613,-0.06891908,-0.05982405,-0.09743708,-0.10219619,-0.05903615,-0.05250452,-0.12428456,0.04167338,-0.10977967,-0.18057194,0.10170918,-0.1065365,718000.00356825,0.05122052,0.03823139,0.04839941,-0.08549992,0.07398829,0.03622182,0.32774329,0.08000308,0.01768744,0.28045303,-0.00169241,-0.07321435,-0.06119259,-0.09891668,-0.1017978,-0.05781335,-0.07004125,-0.12561233,0.04247029,-0.11002831,-0.18005723,0.09728926,-0.10937204,719000.00412564,0.04646755,0.03740473,0.04585883,-0.07755566,0.06939755,0.04372631,0.33259016,0.08081853,0.0251533,0.28102577,-0.00334554,-0.06512272,-0.05122272,-0.10221544,-0.10323297,-0.05736743,-0.07127183,-0.1256604,0.04827663,-0.107924,-0.17646652,0.10044175,-0.09831314,720000.00609179,0.05104545,0.03593749,0.04671088,-0.08026776,0.06760049,0.04017724,0.32910866,0.07827159,0.02157834,0.28450641,-0.00123665,-0.06712474,-0.05065422,-0.09908857,-0.100594,-0.05383142,-0.05550564,-0.12497272,0.04149536,-0.11529052,-0.17713153,0.09855009,-0.10215388,721000.00457404,0.04619189,0.03583067,0.04743731,-0.08435904,0.06978981,0.0345977,0.32573292,0.07900445,0.01883016,0.27586347,-0.00729372,-0.07249977,-0.06088321,-0.10065123,-0.10175321,-0.05570426,-0.06210005,-0.12700869,0.04149536,-0.11745358,-0.17795606,0.09895703,-0.09428395,722000.00638062,0.04685378,0.03868889,0.04838568,-0.08596955,0.07044593,0.03350664,0.32642722,0.07874744,0.01830226,0.27878168,-0.00436422,-0.07931118,-0.06747815,-0.1020178,-0.10299797,-0.05898657,-0.07381778,-0.1267772,0.03934935,-0.109939,-0.17790955,0.10118166,-0.10145932,723000.00711864,0.05614606,0.04058727,0.04849881,-0.09327861,0.07188921,0.03031802,0.32786813,0.07741372,0.01614883,0.27932906,-0.00891731,-0.08165825,-0.05781456,-0.10521937,-0.10172478,-0.05963933,-0.06790438,-0.12603168,0.03866876,-0.11199608,-0.17656144,0.09781909,-0.10357444,724000.00444148,0.05425704,0.03975844,0.05090578,-0.09331997,0.07445613,0.02782955,0.32616913,0.07633539,0.01195438,0.27802891,-0.0183538,-0.07242264,-0.06367766,-0.1011887,-0.10297722,-0.06040091,-0.06045897,-0.13111392,0.03757619,-0.11423702,-0.17762625,0.10018507,-0.09296274,725000.00349782,0.0548996,0.03914233,0.05204325,-0.0971157,0.07563921,0.03094308,0.32672378,0.0762683,0.00952468,0.275318,-0.01729818,-0.07400946,-0.06342138,-0.10602368,-0.10280013,-0.06526074,-0.06563686,-0.12854235,0.03818634,-0.1132134,-0.17718954,0.10465889,-0.10300533,726000.0055608,0.04978275,0.04063799,0.05018184,-0.09059875,0.07077944,0.03025151,0.32957029,0.07613017,0.01365955,0.27857479,-0.0108515,-0.07527379,-0.06486126,-0.10191308,-0.10242081,-0.06395079,-0.06566392,-0.12889582,0.03835124,-0.11722285,-0.17720816,0.09442435,-0.09510079,727000.0021167,0.04671614,0.03687197,0.03698025,-0.08176121,0.06336647,0.0336534,0.33030242,0.07933223,0.0249051,0.27594164,0.00024771,-0.07290612,-0.06234573,-0.10370822,-0.10173722,-0.06352246,-0.05882325,-0.13034506,0.0399293,-0.11673899,-0.17523716,0.09432647,-0.09730187,72800-0.0015188,0.04773299,0.03497587,0.03118315,-0.08324089,0.05779085,0.03125635,0.32765734,0.0778542,0.02507712,0.2911652,-0.00603155,-0.0789118,-0.0558577,-0.10177731,-0.10041818,-0.06431904,-0.06795845,-0.12883039,0.03898577,-0.11993431,-0.17401361,0.09667406,-0.10157812,729000.00007206,0.04538761,0.03585732,0.0376622,-0.08601079,0.06523351,0.02902271,0.32636765,0.07382432,0.02058073,0.27780765,-0.01694299,-0.08206443,-0.06665833,-0.10535439,-0.10071249,-0.06239117,-0.06257847,-0.12722088,0.04336556,-0.12003244,-0.17625162,0.09241495,-0.09676944,730000.00276491,0.04886302,0.03548355,0.0398615,-0.09179357,0.06120012,0.02855595,0.32958668,0.07392731,0.01995042,0.28482196,-0.01455718,-0.07809766,-0.06121804,-0.10450374,-0.10215715,-0.06665089,-0.061145,-0.12848778,0.03970022,-0.11106627,-0.17712229,0.09154504,-0.10374573,731000.00305678,0.0514326,0.03502965,0.04162787,-0.0915865,0.06247423,0.02740335,0.32730013,0.07391477,0.01846899,0.27569243,-0.0189078,-0.07389033,-0.06354883,-0.09893826,-0.10235467,-0.07027504,-0.07166702,-0.12991834,0.04041988,-0.11461464,-0.17669353,0.09140279,-0.0947895,732000.00564695,0.04823156,0.04002649,0.04630683,-0.09653887,0.06410638,0.03095192,0.32923749,0.07506562,0.01459517,0.28177539,-0.02503074,-0.08165798,-0.06537492,-0.10313038,-0.10193818,-0.07133142,-0.071215,-0.13359857,0.04238248,-0.12603748,-0.17766078,0.09248737,-0.09635907,733000.00546356,0.05150398,0.04197678,0.04705463,-0.09649684,0.07179807,0.02517045,0.32779124,0.07247307,0.01100835,0.27948278,-0.0222165,-0.07294525,-0.07268722,-0.1048314,-0.10399576,-0.06945518,-0.07242774,-0.13422899,0.04574303,-0.11908311,-0.179868,0.09241495,-0.10367612,734000.00467554,0.04946228,0.04010484,0.04789635,-0.09833772,0.07142382,0.03105935,0.32634318,0.07232503,0.01159373,0.2794835,-0.02211534,-0.07321727,-0.06775851,-0.10616871,-0.1046505,-0.07120448,-0.07737885,-0.13364936,0.04497181,-0.11871994,-0.18108326,0.10189274,-0.10089815,735000.0033889,0.04745924,0.03708473,0.04265196,-0.08551618,0.05844262,0.03491009,0.32609016,0.07481529,0.02144819,0.28297627,-0.01640576,-0.07796907,-0.07823835,-0.10583691,-0.10560839,-0.07178001,-0.07123843,-0.13149279,0.04560082,-0.12113007,-0.17973676,0.10020896,-0.10415181,736000.00399684,0.04300726,0.03681892,0.04085262,-0.08759391,0.0612511,0.03771813,0.32707852,0.07199825,0.02443778,0.28457671,-0.02233217,-0.08118009,-0.06776761,-0.10742154,-0.10485311,-0.07202434,-0.06206168,-0.13149816,0.03939203,-0.1257408,-0.17876634,0.09560893,-0.10674434,737000.00381711,0.04877641,0.03751381,0.04085262,-0.08872861,0.0707996,0.03291534,0.33000487,0.07179853,0.02005733,0.28113434,-0.02194073,-0.07647169,-0.07727243,-0.10649248,-0.10754532,-0.07487012,-0.06996652,-0.1308382,0.04271886,-0.12146847,-0.18035544,0.09848633,-0.11011834,738000.00366097,0.04753325,0.03951919,0.04410749,-0.09210945,0.07104169,0.03572047,0.32887098,0.07314922,0.01778852,0.2765471,-0.02746745,-0.07978692,-0.07994825,-0.10842201,-0.10943998,-0.07985291,-0.06532701,-0.13622297,0.04467158,-0.12533168,-0.18290642,0.09434455,-0.10234481,739000.00494446,0.04486112,0.03780789,0.04246486,-0.09856103,0.06703743,0.02411418,0.32998487,0.0692414,0.01537311,0.2805801,-0.02900171,-0.07848988,-0.07883365,-0.10854035,-0.10916822,-0.07617035,-0.060996,-0.13218048,0.03794939,-0.12261459,-0.18426096,0.09199367,-0.10395125,740000.00588502,0.04574988,0.03791483,0.04327449,-0.10137527,0.06388526,0.02595323,0.3309364,0.07019413,0.01182368,0.2706337,-0.03324249,-0.07073618,-0.07441107,-0.10937634,-0.10922702,-0.07094034,-0.07305498,-0.13570035,0.04129827,-0.12351361,-0.186407,0.0984498,-0.10708062,741000.00661883,0.04872653,0.04157856,0.04597787,-0.10298664,0.06708971,0.02856459,0.32959655,0.07037381,0.00833869,0.27416369,-0.03967654,-0.08845984,-0.08594473,-0.10572328,-0.11168164,-0.08105942,-0.08640519,-0.13670281,0.04722915,-0.12637594,-0.18679875,0.10079011,-0.11344749,742000.00931241,0.05144781,0.03826198,0.04826466,-0.1056507,0.0710512,0.02292863,0.32785988,0.06823231,0.0061709,0.27444077,-0.0374486,-0.09245118,-0.08488537,-0.10973007,-0.11135741,-0.07913276,-0.0664936,-0.13604669,0.04293653,-0.12821883,-0.18747096,0.10062359,-0.11062955,743000.0055608,0.04305465,0.04162807,0.04240644,-0.1007987,0.06682829,0.0345541,0.32726127,0.06853864,0.01382435,0.26323807,-0.03237807,-0.08077566,-0.07782594,-0.10869101,-0.11121124,-0.08051677,-0.07267538,-0.13766851,0.04337049,-0.11807155,-0.18877511,0.10032213,-0.10598437,744000.00265972,0.03806842,0.03901047,0.03992424,-0.0936999,0.06563726,0.03348583,0.32808861,0.0715827,0.020917,0.27630609,-0.02765568,-0.08563162,-0.08059549,-0.10643089,-0.10927895,-0.07651141,-0.07944693,-0.13407856,0.04279916,-0.12015624,-0.18878213,0.0983068,-0.10190485,745000.00188244,0.04252942,0.03609703,0.04179237,-0.09771816,0.06851707,0.03077327,0.3290655,0.07053205,0.01684466,0.2742067,-0.0356474,-0.08459678,-0.09109035,-0.1041394,-0.11028747,-0.0820445,-0.07435439,-0.13749814,0.04637654,-0.12538955,-0.18847813,0.09841587,-0.10992657,746000.00376621,0.04121106,0.0386101,0.04465865,-0.10139213,0.06743546,0.03165494,0.32894722,0.06930389,0.0145076,0.28402254,-0.03873678,-0.07961474,-0.0928292,-0.10670312,-0.11303589,-0.08276494,-0.07212505,-0.13836208,0.04571582,-0.1386684,-0.19206728,0.0941057,-0.10694523,747000.00282581,0.0427899,0.04083065,0.04279954,-0.1007633,0.07043492,0.02601367,0.32640186,0.06891245,0.01405992,0.26780856,-0.0421437,-0.08246078,-0.08708528,-0.10722323,-0.11265469,-0.08089235,-0.07450651,-0.13880986,0.04067257,-0.13674426,-0.19441886,0.09660186,-0.11135147,748000.00405128,0.04613258,0.03933226,0.04514496,-0.10782954,0.06757253,0.02419862,0.32493627,0.06794759,0.00945396,0.2708976,-0.04415172,-0.0907555,-0.09207777,-0.10634302,-0.11415425,-0.08666279,-0.07230974,-0.14164066,0.03704626,-0.14002416,-0.19639544,0.09762467,-0.1063427,749000.00375909,0.04553118,0.03895777,0.04621863,-0.11217279,0.0724149,0.02443438,0.32962379,0.06769545,0.0078967,0.26913959,-0.04440036,-0.09365149,-0.08925049,-0.11224896,-0.11467379,-0.08458122,-0.07856236,-0.14041291,0.04394598,-0.13156818,-0.19744918,0.09974705,-0.1113924,750000.00692673,0.04509211,0.03949233,0.04859853,-0.11237331,0.07720501,0.02208243,0.3283256,0.06563639,0.00436136,0.27348408,-0.04683907,-0.08710954,-0.09976891,-0.11088269,-0.11449689,-0.08371884,-0.08708411,-0.14047742,0.04480503,-0.12773015,-0.19745252,0.10892977,-0.11652779,751000.00380603,0.04060731,0.03876958,0.04625916,-0.10228514,0.07231363,0.02404465,0.32654658,0.06797402,0.01026843,0.26034653,-0.05056233,-0.09096149,-0.09787307,-0.11223595,-0.11448836,-0.08532051,-0.07409654,-0.14062321,0.0402606,-0.12993509,-0.19804949,0.10347807,-0.1166743,752000.00276135,0.04102118,0.0369526,0.04167354,-0.0979429,0.06437844,0.02639026,0.32651234,0.07055055,0.01882245,0.26076949,-0.045524,-0.08399539,-0.10188302,-0.11202846,-0.11321082,-0.08283126,-0.06872627,-0.14289017,0.04259986,-0.12690777,-0.19854796,0.10025962,-0.11045823,753000.00240188,0.04211331,0.03901133,0.04315276,-0.10092656,0.06517015,0.0273979,0.32511827,0.07004887,0.0149296,0.26647356,-0.04407809,-0.09347522,-0.08855627,-0.11220933,-0.11319195,-0.08323873,-0.06640888,-0.13971393,0.04101732,-0.13423856,-0.19919083,0.09764826,-0.1064891,754000.00467934,0.03865042,0.03941265,0.04306345,-0.1049042,0.06543801,0.02496841,0.32828823,0.06701595,0.01189423,0.26682013,-0.04916708,-0.09924103,-0.09109203,-0.11051987,-0.11606833,-0.09033866,-0.07500629,-0.13931204,0.03776187,-0.13542269,-0.20310117,0.10250773,-0.11532972,755000.00188244,0.0413803,0.03684538,0.04372895,-0.10312281,0.06904143,0.02230116,0.32486686,0.06835222,0.01192963,0.26704761,-0.05212756,-0.09510668,-0.09360062,-0.11187224,-0.11637846,-0.08888846,-0.07805681,-0.13946579,0.04040742,-0.13018614,-0.20354716,0.10107773,-0.1110138,756000.00295158,0.03926799,0.03901119,0.04393322,-0.11216038,0.06541265,0.02567312,0.32626534,0.068356,0.00878517,0.26759413,-0.05055346,-0.08908979,-0.09461486,-0.10770597,-0.11675859,-0.09126464,-0.0828282,-0.14261289,0.03485759,-0.1350362,-0.20608747,0.09550799,-0.11574692,757000.00488617,0.04002355,0.03665786,0.04736478,-0.11685237,0.06577449,0.02248972,0.32632837,0.06608068,0.00552726,0.26847342,-0.05415535,-0.09258575,-0.09748047,-0.10873207,-0.11649074,-0.09121586,-0.08179791,-0.1410197,0.0427752,-0.13514929,-0.20625085,0.09875505,-0.12081391,758000.00585769,0.04060846,0.0391182,0.04848602,-0.11682431,0.07236397,0.02199352,0.32735753,0.06472329,0.00321166,0.26343161,-0.0552336,-0.09472215,-0.1011932,-0.11040251,-0.11860291,-0.09397464,-0.08232452,-0.14003381,0.04086129,-0.13346864,-0.2070514,0.10342597,-0.11682695,759000.00158453,0.03528411,0.03647149,0.04357978,-0.10545079,0.06751236,0.02889572,0.32785642,0.06555904,0.01199907,0.258973,-0.05181188,-0.09443633,-0.09625383,-0.11013154,-0.11814366,-0.0881361,-0.08328733,-0.14206418,0.04818496,-0.13884078,-0.20691665,0.10521065,-0.11297629,760000.00119768,0.03550893,0.0353223,0.04099268,-0.10381242,0.06703743,0.02725517,0.3236734,0.06846792,0.0189382,0.2679964,-0.04985836,-0.08169693,-0.10202286,-0.11278347,-0.11763331,-0.08872828,-0.09046379,-0.14228097,0.04237999,-0.12659279,-0.20580259,0.0939292,-0.1158507,76100-0.00002738,0.03934174,0.0351329,0.04261704,-0.10888809,0.06978779,0.02836064,0.32764196,0.06750103,0.01281446,0.27153331,-0.0519831,-0.08092289,-0.10468149,-0.1082072,-0.11853223,-0.09386873,-0.08004349,-0.14439525,0.0387549,-0.14202872,-0.20745833,0.10137567,-0.11632264,76200-0.00062792,0.03664,0.03622836,0.0431155,-0.10847007,0.06868787,0.0222921,0.32732475,0.0671787,0.0111117,0.26465929,-0.05481048,-0.0906015,-0.10580157,-0.1093,-0.1213423,-0.09349138,-0.08551461,-0.14265491,0.04149212,-0.14356577,-0.20988646,0.1028128,-0.11860133,763000.00405481,0.04194682,0.03914491,0.04065061,-0.11398334,0.06709035,0.02300976,0.32704666,0.06445556,0.01129327,0.26164219,-0.06365758,-0.10119136,-0.11133488,-0.10857578,-0.11987542,-0.09425907,-0.08962847,-0.14736974,0.03956882,-0.14699219,-0.21102671,0.0983965,-0.12376173,764000.00067532,0.03892634,0.03764697,0.04389644,-0.11747564,0.06821451,0.02162288,0.32671919,0.062347,0.00848496,0.25484845,-0.06236171,-0.09646735,-0.11039016,-0.10816273,-0.12210915,-0.09550811,-0.08255842,-0.14675927,0.04099087,-0.13917173,-0.2132265,0.09698649,-0.12276208,765000.00172322,0.03789581,0.04112559,0.04593075,-0.11922388,0.06970687,0.02117233,0.3239851,0.06569087,0.00582527,0.25390953,-0.06726335,-0.09833962,-0.11043175,-0.10757893,-0.12194259,-0.09726229,-0.08055368,-0.15111277,0.03979452,-0.14323941,-0.21409437,0.10032117,-0.12181333,766000.00486269,0.04134617,0.04069662,0.04613484,-0.12117776,0.07242473,0.01936677,0.32539535,0.06411224,0.00326922,0.26487213,-0.06092215,-0.10546488,-0.11095966,-0.10806639,-0.12393269,-0.09530186,-0.08564658,-0.14839293,0.04084846,-0.13474633,-0.21441184,0.09855874,-0.11933246,767000.00295158,0.03593749,0.0401347,0.04422702,-0.11225773,0.067251,0.02747167,0.32632548,0.064885,0.01051177,0.25387523,-0.0582538,-0.09299835,-0.11154038,-0.10954522,-0.12225655,-0.09493864,-0.09166097,-0.14462936,0.04246001,-0.14258634,-0.21281423,0.1021313,-0.12575886,768000.00049506,0.03411084,0.03572336,0.03955628,-0.10667851,0.06300971,0.02735868,0.32537812,0.06558608,0.01860458,0.25716829,-0.05336119,-0.0984028,-0.10746647,-0.10608109,-0.12157109,-0.09522144,-0.07476684,-0.14565934,0.03837769,-0.14504972,-0.21403287,0.10149462,-0.12283003,76900-0.00033982,0.03223984,0.03703103,0.03920433,-0.10950835,0.06609377,0.02237903,0.32519335,0.06346863,0.01394552,0.25993752,-0.0609506,-0.1004931,-0.11140599,-0.10959446,-0.12323039,-0.1017137,-0.08379048,-0.1473902,0.04064347,-0.14003742,-0.21584076,0.09698965,-0.12043141,770000.00081555,0.03584729,0.03783378,0.0409263,-0.11274748,0.06610209,0.01959086,0.32639623,0.0635714,0.01085812,0.25745109,-0.06145682,-0.09901261,-0.10974149,-0.10948636,-0.12411755,-0.09958746,-0.08986495,-0.14899497,0.04130828,-0.14168946,-0.21888877,0.10652696,-0.12537801,771000.00233299,0.03454837,0.03481153,0.04267852,-0.11661218,0.06839417,0.01660329,0.32239458,0.06273729,0.0095583,0.25636354,-0.06262849,-0.10701609,-0.11181436,-0.10538214,-0.12412407,-0.10074278,-0.08690434,-0.15113354,0.04039804,-0.14466904,-0.219254,0.10101368,-0.12884353,772000.0025404,0.03518057,0.03668312,0.04413763,-0.12290058,0.06518155,0.01922287,0.3240799,0.06268329,0.00756858,0.25729522,-0.07117141,-0.10127781,-0.11367043,-0.10731746,-0.12536129,-0.10122323,-0.07447876,-0.14851317,0.03930684,-0.14672199,-0.22084843,0.10168324,-0.1354008,773000.00366432,0.03837085,0.03871611,0.04580216,-0.12490058,0.06823231,0.02027313,0.32503074,0.05997008,0.0041184,0.25573877,-0.07217039,-0.10603786,-0.11806706,-0.10865081,-0.12819554,-0.10317305,-0.08514991,-0.14819627,0.04311856,-0.15040328,-0.22194557,0.10142714,-0.12863977,774000.00675558,0.03764386,0.04056371,0.04625987,-0.1283474,0.07224291,0.01586975,0.32686442,0.06222415,0.00112616,0.25491577,-0.06750876,-0.10835132,-0.11720285,-0.11130776,-0.12771688,-0.10622939,-0.08465032,-0.15028533,0.03905578,-0.14977814,-0.22192426,0.10000954,-0.12216177,775000.00661883,0.03684701,0.0368179,0.04265454,-0.1208665,0.06911308,0.01759303,0.32837421,0.05996826,0.00383063,0.25429806,-0.06872401,-0.10720662,-0.12093556,-0.11002387,-0.1267709,-0.10091483,-0.08418612,-0.15031177,0.04005582,-0.14159542,-0.22156748,0.1046555,-0.12859991,776000.00052202,0.03656185,0.03721886,0.03893053,-0.11214622,0.06242314,0.02845619,0.32555571,0.0628695,0.01552374,0.26015931,-0.05960429,-0.10815921,-0.11872185,-0.10810761,-0.12582357,-0.10099591,-0.08693076,-0.15012865,0.0422881,-0.14077014,-0.22107801,0.1028839,-0.12955512,77700-0.00028369,0.03006295,0.03614581,0.03843071,-0.11607027,0.0623376,0.0240402,0.32517692,0.06461197,0.01427882,0.263432,-0.0600407,-0.09765226,-0.12321813,-0.10975995,-0.12707727,-0.10664813,-0.09624462,-0.15279187,0.03906782,-0.14185165,-0.22209853,0.09849212,-0.13394992,778000.00068358,0.02991088,0.0396787,0.03962459,-0.12241594,0.06475437,0.02044388,0.32781863,0.06097164,0.00958172,0.2535595,-0.06659369,-0.10691523,-0.11689349,-0.09979868,-0.12870413,-0.10812254,-0.08040563,-0.1531827,0.03874582,-0.14112768,-0.22481483,0.10283086,-0.12243338,779000.00026588,0.03219305,0.04066966,0.03895919,-0.12107708,0.06164132,0.01205434,0.32305637,0.05871722,0.00847044,0.25235721,-0.06892912,-0.10837352,-0.1198806,-0.10653091,-0.12942667,-0.1122316,-0.08738495,-0.15377502,0.0438037,-0.14735425,-0.22565326,0.10285567,-0.12373043,780000.00278069,0.03164247,0.03753517,0.0377856,-0.12259446,0.06162188,0.01655463,0.32930672,0.06054246,0.0070142,0.25331798,-0.06970412,-0.10724963,-0.11851656,-0.10549147,-0.13055298,-0.10910751,-0.0982855,-0.15375794,0.0377079,-0.14652912,-0.22754645,0.10378239,-0.12726694,781000.00178309,0.0323676,0.04168854,0.04117114,-0.13435359,0.0686034,0.01375463,0.32918063,0.05990109,0.00236319,0.25214073,-0.07842217,-0.09554957,-0.12605239,-0.10599739,-0.12963025,-0.11164647,-0.09339587,-0.15683135,0.03855908,-0.14693324,-0.22866456,0.10101368,-0.13578208,782000.00424488,0.03748615,0.04131363,0.04279486,-0.13250346,0.07250504,0.01536959,0.32435769,0.05809235,0.00011918,0.24876304,-0.07536071,-0.10551113,-0.12619701,-0.11225032,-0.13147272,-0.11385865,-0.0910219,-0.16004324,0.04444689,-0.15269499,-0.22744231,0.09780134,-0.13152699,783000.00321953,0.03464309,0.04002819,0.04336843,-0.13310677,0.07136241,0.01702159,0.32726148,0.05929256,-0.001551,0.25683594,-0.07668308,-0.10288853,-0.13676341,-0.11061978,-0.13187383,-0.11024314,-0.0925174,-0.15798227,0.04482601,-0.14360981,-0.2280865,0.10244893,-0.13289672,784000.00183137,0.03137865,0.03419754,0.04048546,-0.11955269,0.06515191,0.02144527,0.32664669,0.06044103,0.00905793,0.25174707,-0.07077585,-0.10816678,-0.12861092,-0.11185867,-0.13034171,-0.11432213,-0.08838528,-0.15619607,0.04254989,-0.14610559,-0.22572337,0.10137307,-0.14176165,78500-0.00080636,0.03078393,0.03719016,0.03681634,-0.12206001,0.06069348,0.02040394,0.32719293,0.06081507,0.01467193,0.24570715,-0.06636287,-0.10744164,-0.12441994,-0.10577863,-0.12984338,-0.11318184,-0.08046761,-0.15719993,0.03867327,-0.14566216,-0.22741015,0.10116999,-0.12948097,786000.00121145,0.03104267,0.04016081,0.03869495,-0.12575854,0.05796729,0.01882474,0.32819724,0.06104011,0.00893739,0.25336513,-0.07593674,-0.10890982,-0.12886341,-0.10736726,-0.13272969,-0.11458586,-0.08453805,-0.15880646,0.04181287,-0.15322864,-0.22822203,0.10131679,-0.1356401,787000.00199336,0.02859444,0.03847339,0.03686563,-0.1275619,0.06026477,0.01140311,0.32776394,0.06132031,0.00659084,0.25586188,-0.07293871,-0.11081575,-0.12728199,-0.10860091,-0.13387637,-0.1124363,-0.08270505,-0.15843175,0.03394409,-0.15454637,-0.22941278,0.10090107,-0.13118929,788000.00126277,0.03323019,0.03290975,0.03726634,-0.13244665,0.06274208,0.01456767,0.32512313,0.05817311,0.00584901,0.25279748,-0.0712441,-0.10933089,-0.13485217,-0.1102813,-0.13428566,-0.11482561,-0.09735636,-0.16086741,0.03629893,-0.15699889,-0.2305669,0.09998776,-0.13408133,789000.00094751,0.03180953,0.03759129,0.04101459,-0.13197409,0.07191769,0.00997333,0.32940167,0.05793744,0.00378953,0.24900693,-0.07445554,-0.124956,-0.13756882,-0.11101636,-0.13468993,-0.11443973,-0.10020321,-0.15969029,0.03329424,-0.15474017,-0.23064382,0.10477365,-0.14035687,790000.00335494,0.03365895,0.04040218,0.04466638,-0.13715458,0.07096919,0.01007732,0.33060193,0.05857324,0.00075981,0.25781968,-0.07776462,-0.1119808,-0.13950977,-0.10988209,-0.13602611,-0.11820038,-0.09321458,-0.16442043,0.03639955,-0.14370418,-0.23104632,0.10132385,-0.13402951,791000.0061815,0.03624293,0.0385825,0.04307795,-0.13537315,0.06718405,0.01307957,0.33216953,0.05826752,0.00126206,0.24784118,-0.07746718,-0.11979385,-0.13107051,-0.11113825,-0.136182,-0.117009,-0.09812966,-0.16067533,0.03708473,-0.15103246,-0.23110664,0.09359033,-0.14738238,792000.00206866,0.02888241,0.03465198,0.04064184,-0.12438474,0.06470142,0.01381708,0.33454698,0.06292363,0.00937152,0.25457466,-0.07026285,-0.11747557,-0.13181299,-0.10871872,-0.1378632,-0.11668304,-0.09543319,-0.16055132,0.03524057,-0.15418161,-0.22897561,0.1032104,-0.14052756,79300-0.00083316,0.02651721,0.03569327,0.03725733,-0.12108755,0.06182905,0.02164755,0.33198079,0.06304744,0.01468381,0.26016825,-0.06248347,-0.10597651,-0.13455573,-0.11101586,-0.13390233,-0.1228958,-0.09070197,-0.1591886,0.03598817,-0.1468806,-0.22924262,0.10092255,-0.13159557,794000.00031959,0.02685223,0.03662598,0.03785302,-0.12978953,0.06387667,0.01795129,0.33598089,0.057981,0.01070164,0.25358856,-0.0699944,-0.11446624,-0.13684367,-0.11168481,-0.13522208,-0.12058166,-0.10147931,-0.16045107,0.0334985,-0.16223922,-0.23007274,0.1034737,-0.1332971,795000.00128967,0.03036229,0.0324792,0.03886091,-0.12562701,0.06037848,0.01251131,0.33402324,0.05778112,0.00863734,0.25389564,-0.07365997,-0.11730567,-0.1367754,-0.11254466,-0.13674591,-0.12453281,-0.09269834,-0.159271,0.03568518,-0.16028449,-0.23137186,0.10394414,-0.13380778,796000.00251632,0.03171925,0.03791112,0.03903753,-0.13043779,0.06223437,0.01033184,0.33552358,0.06044789,0.00772779,0.263749,-0.07130159,-0.11346031,-0.12990206,-0.11134776,-0.13891736,-0.12246267,-0.08259353,-0.16074343,0.03501096,-0.15294673,-0.23088415,0.10103165,-0.13901578,797000.00159981,0.03464893,0.03868821,0.04177792,-0.13437009,0.07002771,0.01067986,0.33626193,0.05933916,0.00653033,0.25812075,-0.07348605,-0.11568242,-0.13517772,-0.11619502,-0.13976316,-0.11957315,-0.09252654,-0.16119346,0.03657289,-0.15423851,-0.23230024,0.10206716,-0.13627252,798000.00190948,0.03961111,0.03793859,0.04251161,-0.13561706,0.07069633,0.00917949,0.33927906,0.06011392,0.00331101,0.25740182,-0.07602114,-0.11887628,-0.14276546,-0.11856775,-0.13891134,-0.11922715,-0.10003861,-0.16142324,0.03547934,-0.14910208,-0.23273061,0.10394996,-0.13646114,799000.00602155,0.04155659,0.04131363,0.04447696,-0.13902654,0.0686458,0.01167605,0.33768708,0.05911118,0.00210054,0.24907285,-0.06724868,-0.12345211,-0.1428681,-0.11683273,-0.13966103,-0.12095568,-0.10045136,-0.16350056,0.03471743,-0.14857954,-0.23368379,0.10264877,-0.14099064,800000.00528401,0.03344955,0.04059028,0.0388418,-0.12613446,0.06844516,0.01361067,0.33880061,0.0606603,0.00688262,0.25612417,-0.06640813,-0.11641595,-0.13891302,-0.11591149,-0.13971666,-0.12436285,-0.09449452,-0.16220793,0.04259977,-0.15411875,-0.23185246,0.10032962,-0.13483556,801000.00039274,0.0306133,0.03475973,0.03739542,-0.11894678,0.06738437,0.0206297,0.34130183,0.06187753,0.01802702,0.26460341,-0.05924483,-0.09891696,-0.13577336,-0.11329837,-0.13768098,-0.12020149,-0.08541579,-0.16165224,0.03600353,-0.14880016,-0.23144364,0.10029374,-0.12886074,80200-0.00010293,0.03193427,0.03606537,0.03708052,-0.12500788,0.0649317,0.01575003,0.33885932,0.06250302,0.01619161,0.26997194,-0.06184559,-0.11813779,-0.14427291,-0.11007963,-0.1399468,-0.11868485,-0.09973519,-0.16183412,0.03661181,-0.15355413,-0.23054394,0.10166448,-0.13891849,803000.0002877,0.03313268,0.03563678,0.03954624,-0.12941426,0.06708521,0.01973028,0.33692124,0.06169427,0.01279545,0.25757462,-0.06263921,-0.11914974,-0.14233862,-0.11190032,-0.14087261,-0.12177847,-0.10730643,-0.16478381,0.04065514,-0.15954722,-0.23341899,0.0973019,-0.13495649,804000.00120897,0.03308846,0.03424746,0.04097554,-0.12535022,0.06679053,0.0179409,0.33862093,0.06244147,0.01184354,0.25347167,-0.06152574,-0.11525375,-0.14459372,-0.11313328,-0.14312598,-0.12382908,-0.09279987,-0.16486675,0.04061081,-0.15357646,-0.23408696,0.10129924,-0.13360615,805000.00280185,0.03148867,0.03884907,0.04130829,-0.13121909,0.06899572,0.0151808,0.34165791,0.06042663,0.01023171,0.25847885,-0.06196588,-0.12735768,-0.14818026,-0.11760512,-0.14229755,-0.12520227,-0.10427593,-0.16664295,0.04082459,-0.15881695,-0.23589489,0.10033511,-0.1377787,806000.00465933,0.03441968,0.03665236,0.04234468,-0.13292252,0.07264633,0.01334579,0.34040436,0.0610302,0.00808148,0.26567706,-0.0637248,-0.12003633,-0.14645819,-0.11667705,-0.14238812,-0.12182546,-0.11269101,-0.1644665,0.03358589,-0.15986815,-0.23614609,0.10165235,-0.13773249,807000.00547115,0.03270596,0.03949269,0.04306707,-0.13631408,0.06672832,0.01085669,0.34160957,0.06012493,0.00564649,0.2608619,-0.06344422,-0.1226061,-0.14691678,-0.11852103,-0.14295068,-0.12440469,-0.09794196,-0.16590787,0.04323714,-0.16106278,-0.23663554,0.10431471,-0.13385735,808000.00601376,0.03673411,0.03911821,0.04368071,-0.13218032,0.06883761,0.01184936,0.34337354,0.06043912,0.00524101,0.26691827,-0.06143798,-0.12136725,-0.14994979,-0.12056749,-0.14375293,-0.12739962,-0.10951737,-0.16728887,0.04004316,-0.15737887,-0.23615199,0.10004421,-0.14075266,809000.00229671,0.03236175,0.03807522,0.03815794,-0.11916468,0.06685176,0.01941966,0.34235278,0.06369683,0.01664573,0.26268181,-0.05234902,-0.11466191,-0.14968957,-0.11562347,-0.14322017,-0.12203433,-0.11175759,-0.16409725,0.03498366,-0.16811718,-0.23461396,0.09912864,-0.13458939,810000.00075629,0.02998696,0.03727204,0.03801114,-0.11810487,0.06806607,0.02200564,0.34547061,0.06533036,0.02256133,0.25756413,-0.05191623,-0.11379042,-0.14656644,-0.11137895,-0.14323741,-0.12338228,-0.10079059,-0.1639668,0.03713162,-0.15840381,-0.23496315,0.10128745,-0.14291559,811000.0040582,0.03406555,0.03791209,0.03839219,-0.11985401,0.06766883,0.01920019,0.34583071,0.0663581,0.01726233,0.26239666,-0.05261274,-0.12073448,-0.15009579,-0.11416708,-0.14470169,-0.12642764,-0.09838606,-0.16756146,0.03213638,-0.16322765,-0.23712128,0.09864552,-0.1489765,812000.00345385,0.03266995,0.03659959,0.03944883,-0.12420015,0.06355309,0.02191175,0.34650952,0.06481434,0.01551852,0.26605713,-0.05344684,-0.12122693,-0.14624657,-0.11552233,-0.14522214,-0.12632343,-0.10131353,-0.16966595,0.03918863,-0.16550128,-0.23916318,0.10125811,-0.14278889,813000.00256126,0.03442048,0.04176909,0.04053498,-0.12622756,0.06873114,0.0213729,0.34656531,0.06540065,0.0138702,0.26211625,-0.05552655,-0.11985519,-0.14978552,-0.11434238,-0.14628497,-0.12379588,-0.10437184,-0.17060284,0.03843558,-0.17324935,-0.23964193,0.10120355,-0.14055796,814000.00099053,0.03450805,0.03855534,0.04314793,-0.12952587,0.07787729,0.01615319,0.34608817,0.06453645,0.01065404,0.26205161,-0.05430858,-0.10971135,-0.15183216,-0.1181009,-0.14833015,-0.125589,-0.10166875,-0.16872005,0.03888183,-0.16739576,-0.24038532,0.10356056,-0.14481005,815000.00611915,0.03423668,0.04530745,0.04646437,-0.12949914,0.07511321,0.01822029,0.34913588,0.06298713,0.00874916,0.26234302,-0.05642466,-0.12678179,-0.1570002,-0.11794447,-0.14721356,-0.12534671,-0.11212407,-0.16864057,0.03307312,-0.16195551,-0.24104375,0.10390977,-0.15632443,816000.00525287,0.03899516,0.04176857,0.04874033,-0.13189828,0.07520392,0.01486903,0.34656763,0.06388321,0.00686465,0.26390693,-0.05533798,-0.11561832,-0.14764071,-0.11730152,-0.14767107,-0.12170483,-0.10853473,-0.16947648,0.03776187,-0.16239089,-0.24134384,0.10721985,-0.14659813,817000.00726617,0.04137166,0.04275997,0.04749054,-0.13163143,0.07944773,0.01426888,0.3457135,0.06427908,0.00802345,0.26005477,-0.05046138,-0.12876852,-0.15308017,-0.11809566,-0.14771295,-0.12561733,-0.12002814,-0.16599,0.03534769,-0.16608806,-0.24330589,0.10027897,-0.1415101,818000.00327589,0.0347051,0.04396407,0.04091194,-0.11711517,0.06888485,0.03084387,0.34824276,0.06851303,0.01892584,0.26890111,-0.04572345,-0.12909514,-0.1418802,-0.11415792,-0.14589904,-0.12192636,-0.10259194,-0.16984332,0.03189048,-0.16536117,-0.24007849,0.09924719,-0.13951693,819000.00283561,0.03296026,0.04064394,0.03909649,-0.11227517,0.06673906,0.02584785,0.35096091,0.06957974,0.02383685,0.2647579,-0.04420136,-0.11390653,-0.14490721,-0.11741821,-0.14758307,-0.11964422,-0.10484779,-0.16891836,0.03626999,-0.16696905,-0.23813489,0.09483446,-0.13730988,820000.00446495,0.03346833,0.04168869,0.04185445,-0.11585777,0.0682446,0.02383567,0.35095552,0.06921104,0.02071992,0.2651211,-0.04216884,-0.11986334,-0.15218286,-0.11363166,-0.14854066,-0.12486055,-0.10164645,-0.17102075,0.03513539,-0.16787653,-0.24012619,0.10223937,-0.1397711,821000.00156075,0.03272256,0.03893057,0.04180586,-0.11964276,0.0699129,0.02854705,0.35135484,0.06808134,0.0182894,0.2751902,-0.04361941,-0.1222181,-0.14815141,-0.11667234,-0.14956032,-0.11858288,-0.11243804,-0.17530259,0.03921084,-0.16577961,-0.24314903,0.0998453,-0.14960141,822000.0041491,0.03252267,0.04163505,0.04132632,-0.11771403,0.07480966,0.02107196,0.35036185,0.06848529,0.01869901,0.27615941,-0.04429106,-0.12339283,-0.14832553,-0.11869568,-0.14914709,-0.11646925,-0.10657204,-0.16647187,0.04209444,-0.168414,-0.24437051,0.10280135,-0.15343663,823000.00592748,0.03538322,0.04123323,0.04183299,-0.11945415,0.07642926,0.01781566,0.35344779,0.06762488,0.01646514,0.27325392,-0.04556502,-0.12063828,-0.15103208,-0.11585878,-0.15097307,-0.12051323,-0.10665108,-0.16964617,0.03133104,-0.16475421,-0.24400653,0.09937976,-0.14601247,824000.00707826,0.04119295,0.04227718,0.04621286,-0.12597673,0.07347339,0.02131431,0.35326302,0.06799019,0.01376942,0.27931094,-0.04285855,-0.12377336,-0.14959349,-0.11721896,-0.14975746,-0.11338385,-0.11202952,-0.16942672,0.03308555,-0.17158784,-0.24565832,0.10271667,-0.14894128,825000.00725705,0.04191919,0.04056344,0.05031271,-0.12408961,0.07646952,0.02227251,0.35256061,0.06980785,0.01086592,0.27629825,-0.04446834,-0.12712082,-0.15036403,-0.12166394,-0.15048493,-0.11710424,-0.10527866,-0.16906439,0.03707817,-0.17386746,-0.24635547,0.10375541,-0.14563112,826000.00542376,0.03679386,0.04449966,0.05096245,-0.11154481,0.07811055,0.03114768,0.35412472,0.07223653,0.01563695,0.28030095,-0.03913272,-0.1161838,-0.14833434,-0.12038735,-0.15003116,-0.11863492,-0.10372119,-0.17292599,0.03724019,-0.16492209,-0.24489601,0.11121298,-0.14153208,827000.00293295,0.03643702,0.03981405,0.04444718,-0.10352145,0.06808237,0.028159,0.35315773,0.07142481,0.02787203,0.2759735,-0.03564461,-0.11049586,-0.14529335,-0.1147387,-0.14868636,-0.11285793,-0.09537017,-0.1733288,0.0370186,-0.17074296,-0.24370691,0.09712771,-0.14462034,828000.00636774,0.04084294,0.0390112,0.04217773,-0.10980192,0.0672392,0.0291828,0.3555508,0.07157017,0.02606975,0.29011416,-0.03568919,-0.10529073,-0.14674763,-0.11959859,-0.14819559,-0.11571598,-0.08891315,-0.16984527,0.03553634,-0.16218536,-0.24292819,0.09267573,-0.14438479,829000.00485491,0.04145801,0.04200985,0.04486026,-0.10783617,0.07182489,0.02747814,0.35859376,0.07208505,0.0222289,0.28798634,-0.03492695,-0.11549493,-0.14669508,-0.1174095,-0.14893347,-0.10995827,-0.10523534,-0.17199609,0.03547097,-0.16834664,-0.24450691,0.10009246,-0.14086857,830000.00464429,0.04204195,0.04340355,0.04480072,-0.10914361,0.0729384,0.02739447,0.35977384,0.0727126,0.02234475,0.28222921,-0.03734039,-0.11594326,-0.14011066,-0.11933808,-0.14884208,-0.11082363,-0.1121611,-0.17186141,0.03451897,-0.15841815,-0.24700847,0.10532518,-0.14823183,831000.007601,0.04327221,0.03753899,0.0461403,-0.11118454,0.07434503,0.02461237,0.3592144,0.07252135,0.0221801,0.28976339,-0.03816132,-0.11869925,-0.14366454,-0.11624114,-0.15173285,-0.1131477,-0.09905865,-0.17219985,0.03752679,-0.1568539,-0.24702547,0.10400411,-0.14491712,832000.00720665,0.04373007,0.04005503,0.04769571,-0.11516832,0.07406125,0.02795853,0.35870656,0.06969355,0.01866583,0.2810573,-0.03396999,-0.10840185,-0.14088911,-0.11411787,-0.15206788,-0.11104056,-0.10792688,-0.1726995,0.0355296,-0.1620757,-0.24717513,0.10966112,-0.14924799,833000.00545118,0.04823141,0.04133989,0.05148672,-0.11554487,0.07455531,0.02586369,0.35699204,0.06964102,0.01635117,0.28545588,-0.0300346,-0.11336426,-0.14457761,-0.1163976,-0.15248474,-0.11317866,-0.11274682,-0.17245603,0.03745462,-0.1724772,-0.24940549,0.10179652,-0.15317373,834000.00798075,0.04371129,0.04182142,0.04885353,-0.11122765,0.07227171,0.02933476,0.35796869,0.07076588,0.01939761,0.28219274,-0.0343542,-0.11653765,-0.14120185,-0.11990638,-0.14894526,-0.11171263,-0.1075554,-0.17202401,0.04071833,-0.16410618,-0.24712284,0.11128134,-0.15237889,835000.00298351,0.03917935,0.04096414,0.04229369,-0.0986973,0.06934971,0.03774015,0.35980016,0.07648585,0.03195334,0.28109163,-0.02789516,-0.10089912,-0.13912897,-0.11829326,-0.14828554,-0.10609686,-0.09181572,-0.16961016,0.03885598,-0.15583515,-0.24483676,0.10041817,-0.14463292,836000.00555654,0.03942263,0.0419564,0.04438308,-0.09680151,0.07214588,0.03646459,0.35927862,0.07529229,0.03279518,0.2898235,-0.02441053,-0.10258346,-0.14021535,-0.11451619,-0.14945559,-0.10599124,-0.10412122,-0.17007393,0.04004981,-0.15786776,-0.24663435,0.10698498,-0.14480068,837000.00312396,0.0433746,0.04182264,0.04531404,-0.10441291,0.06923426,0.03364095,0.36081809,0.07401248,0.02655541,0.29702908,-0.02263665,-0.10867816,-0.13631997,-0.11603246,-0.14908704,-0.10384707,-0.10214155,-0.17078438,0.04251054,-0.16076821,-0.24837922,0.10028039,-0.15171763,838000.00346688,0.04310196,0.0412064,0.04834341,-0.10277773,0.07241033,0.03507596,0.35952702,0.07257243,0.02649393,0.2911652,-0.02601027,-0.10556398,-0.13942568,-0.11564814,-0.1488592,-0.10711402,-0.10660926,-0.17081244,0.03887415,-0.16705897,-0.24970599,0.10562732,-0.15222766,839000.00503821,0.04291707,0.04327009,0.04886101,-0.10743161,0.07347339,0.031137,0.36065489,0.07316557,0.02461267,0.28745165,-0.02873597,-0.10236724,-0.1450071,-0.1127588,-0.15065636,-0.10855297,-0.10786074,-0.17217092,0.04002402,-0.16131562,-0.24976952,0.10419142,-0.15489955,840000.005506,0.04156062,0.04233187,0.04922191,-0.10641606,0.0743743,0.02676814,0.36199355,0.07321075,0.02280296,0.2899878,-0.02898401,-0.10864292,-0.14446352,-0.11577453,-0.15101542,-0.10906753,-0.09831132,-0.17164564,0.0397197,-0.16355588,-0.25033152,0.10432484,-0.14359394,841000.00802298,0.04480518,0.04506638,0.05048438,-0.11143699,0.07499092,0.03100222,0.36409816,0.0723234,0.01910103,0.28478324,-0.03111943,-0.09868933,-0.13822192,-0.11872105,-0.15125638,-0.10862731,-0.10529222,-0.17450775,0.04439395,-0.1637464,-0.25070104,0.10826132,-0.15119162,842000.00793053,0.04682306,0.04675296,0.05173374,-0.11039958,0.07900252,0.02478441,0.36386418,0.07112358,0.0179792,0.28685862,-0.02935781,-0.10031952,-0.13828869,-0.1145597,-0.15014103,-0.10714696,-0.1023273,-0.17841825,0.04280547,-0.16027804,-0.25007784,0.10531384,-0.14829555,843000.00672016,0.04376859,0.0434563,0.04579797,-0.09990836,0.07274626,0.03467546,0.36548555,0.07565035,0.02830207,0.28818858,-0.02028034,-0.10216945,-0.13414732,-0.11011409,-0.14792602,-0.10542891,-0.10265137,-0.17167147,0.03646464,-0.16661002,-0.24843825,0.10862016,-0.15209366,844000.00158107,0.04139306,0.04176906,0.04312013,-0.09542945,0.07288482,0.03186007,0.36600161,0.0762316,0.03213689,0.28802812,-0.02209883,-0.09654812,-0.13506204,-0.11496986,-0.14758579,-0.1062829,-0.09226766,-0.1693588,0.04079767,-0.16740027,-0.24793743,0.10190397,-0.1475848,845000.00066585,0.04376906,0.03916932,0.0438558,-0.09746102,0.07564423,0.03031274,0.36369699,0.07725364,0.02752311,0.29940549,-0.02438568,-0.10066648,-0.13274913,-0.11442816,-0.14902733,-0.10897205,-0.09081106,-0.17265289,0.04457362,-0.16564481,-0.24912326,0.10121524,-0.14448164,846000.00458961,0.0403994,0.04152678,0.04556198,-0.10495316,0.07705285,0.03253356,0.36498031,0.07323525,0.02570349,0.29838327,-0.02677145,-0.10501546,-0.1350673,-0.11223252,-0.14864677,-0.1055946,-0.09059682,-0.17444976,0.03773265,-0.17598331,-0.25199991,0.10048469,-0.1477531,847000.00362282,0.04317646,0.0420098,0.04561072,-0.10760175,0.07733855,0.02890788,0.36597893,0.0721036,0.02533623,0.29212016,-0.02708741,-0.10117504,-0.13820733,-0.11521432,-0.14907289,-0.10953042,-0.09590074,-0.17713864,0.04080889,-0.17046811,-0.25125131,0.10378043,-0.15034512,848000.00469491,0.0423369,0.04356526,0.04552998,-0.11122603,0.07488637,0.03087674,0.36850029,0.0708079,0.0215634,0.28936484,-0.02887612,-0.10076813,-0.13317198,-0.11165641,-0.1476517,-0.10874605,-0.09323803,-0.17319377,0.03812514,-0.16494511,-0.25229594,0.10115295,-0.14773467,849000.00612946,0.04437207,0.04377992,0.04920379,-0.11050489,0.08015818,0.02668857,0.37007096,0.07074384,0.01795651,0.28108072,-0.02997631,-0.10144289,-0.12865479,-0.11549117,-0.15042658,-0.1119592,-0.09927856,-0.17674169,0.04771968,-0.1655966,-0.25225163,0.1092907,-0.15236647,850000.0084807,0.0464856,0.04284123,0.05077909,-0.11563688,0.07927527,0.02220754,0.37012532,0.06886955,0.01621108,0.29167965,-0.03273563,-0.10478969,-0.13220967,-0.11504206,-0.15131365,-0.10896854,-0.11200237,-0.17730509,0.04513772,-0.17530169,-0.25211707,0.10282127,-0.15082777,851000.00650932,0.0451083,0.0490118,0.04961834,-0.11186144,0.07712699,0.02876805,0.36995915,0.06870971,0.01730715,0.29375231,-0.02600546,-0.10037239,-0.13693443,-0.11661123,-0.15156923,-0.10783484,-0.11794281,-0.17396565,0.0417208,-0.17115803,-0.25270867,0.10579187,-0.15389493,852000.0036293,0.04390668,0.04436883,0.04325576,-0.09872593,0.06992386,0.03088338,0.36995277,0.07336555,0.02921963,0.28987315,-0.02316909,-0.09712173,-0.12844057,-0.11535305,-0.1484921,-0.10782408,-0.11009268,-0.17773598,0.04382701,-0.16458033,-0.25098872,0.10132862,-0.14926979,853000.00207593,0.04190509,0.03970449,0.04559159,-0.0986613,0.07407739,0.03475515,0.37110373,0.07422026,0.02968133,0.29074052,-0.02207683,-0.09892929,-0.13306861,-0.1167117,-0.14797558,-0.10602837,-0.09741199,-0.173353,0.04438617,-0.16009845,-0.24968953,0.09797389,-0.14858735,854000.00361889,0.04404147,0.04753867,0.04678833,-0.10706125,0.071789,0.02880285,0.37397513,0.06977191,0.02395102,0.29067081,-0.02536905,-0.10853946,-0.13086145,-0.11157521,-0.14994925,-0.10980266,-0.09334053,-0.17463562,0.04219253,-0.16024581,-0.25151664,0.10406601,-0.15319179,855000.00793549,0.04069707,0.04458489,0.04383644,-0.11152182,0.07076003,0.03090043,0.37099296,0.07053316,0.02277963,0.28802541,-0.02729234,-0.09972582,-0.1297905,-0.11188284,-0.15032017,-0.10348919,-0.09849351,-0.17389815,0.04231643,-0.16014887,-0.25317216,0.10586867,-0.15451182,856000.00435168,0.04232346,0.04504114,0.04773947,-0.11097335,0.07481401,0.02548923,0.37214816,0.07202285,0.02127755,0.29322243,-0.02984793,-0.10582525,-0.12249089,-0.1136104,-0.14800115,-0.10817061,-0.09831965,-0.17713787,0.03595488,-0.15546237,-0.25383088,0.10513312,-0.15581265,857000.00657857,0.04358475,0.04104429,0.04944365,-0.11453225,0.07789573,0.02369411,0.37429377,0.07083665,0.01781859,0.28950387,-0.03409813,-0.11294532,-0.12972841,-0.11420169,-0.15076528,-0.10898919,-0.09616844,-0.17293501,0.04834107,-0.15911193,-0.25312012,0.09945915,-0.14661793,858000.00610198,0.04269583,0.04083003,0.04856647,-0.11505386,0.08085825,0.02185984,0.37251291,0.06782418,0.01515173,0.29253206,-0.0359884,-0.10455202,-0.12713149,-0.11710351,-0.14986585,-0.10643615,-0.10097463,-0.17693053,0.04220977,-0.1625081,-0.25298837,0.09573728,-0.14737754,859000.00544226,0.04502873,0.04557754,0.04992522,-0.12127603,0.08265623,0.02066115,0.37161732,0.06752826,0.01368677,0.29253429,-0.02893576,-0.10672573,-0.13471511,-0.11517289,-0.14937121,-0.10753088,-0.09002493,-0.17619488,0.04331643,-0.16664328,-0.25165576,0.10533781,-0.14992411,860000.00276893,0.04073869,0.03989388,0.04803207,-0.1078015,0.07657958,0.0249676,0.36939326,0.06870413,0.01987504,0.29962203,-0.02528593,-0.10322538,-0.1303204,-0.11275292,-0.14820027,-0.10691481,-0.10553827,-0.17512283,0.04255489,-0.15393691,-0.25159892,0.10925969,-0.14359632,861000.0032718,0.04079182,0.040188,0.04271838,-0.10399588,0.07175702,0.02644165,0.37164858,0.07321866,0.03015615,0.30197418,-0.02540778,-0.09764005,-0.1248733,-0.11600991,-0.14593774,-0.10894926,-0.09300064,-0.17134105,0.0438234,-0.15996596,-0.24884212,0.10700949,-0.14361961,862000.00424639,0.04184298,0.04010619,0.04356172,-0.10524563,0.07255615,0.02900918,0.37028036,0.07255644,0.02497512,0.29474396,-0.02558818,-0.09766208,-0.12564196,-0.11611067,-0.14747538,-0.10894482,-0.0997332,-0.17331523,0.04126952,-0.16652507,-0.24816602,0.10730123,-0.14593302,863000.00275766,0.0401071,0.04292137,0.04326767,-0.11121997,0.07142387,0.01868309,0.37206241,0.07040653,0.02228074,0.29553255,-0.02579412,-0.09878369,-0.12551813,-0.11709087,-0.1476098,-0.11125152,-0.1009379,-0.17288572,0.04000375,-0.1645892,-0.2491948,0.10163128,-0.14295909,864000.00244212,0.04456673,0.04147289,0.04488461,-0.11208446,0.07252627,0.0214358,0.37601268,0.0716669,0.021564,0.30249771,-0.03078791,-0.0947426,-0.12390284,-0.11819103,-0.14975731,-0.10374331,-0.10211915,-0.17534123,0.04175473,-0.16099568,-0.24828784,0.10548913,-0.14034383,865000.00421481,0.04220874,0.04203603,0.04776574,-0.11352991,0.07624312,0.02736987,0.37421969,0.07138471,0.01949757,0.3001554,-0.03497371,-0.10163449,-0.12194082,-0.1183598,-0.14775792,-0.10190102,-0.09936406,-0.17908168,0.04326591,-0.15692566,-0.24772571,0.10822985,-0.15107493,866000.00670228,0.04236299,0.04093774,0.04955845,-0.12121186,0.07627322,0.02777285,0.3748557,0.06944893,0.01526642,0.30228934,-0.03477366,-0.10658562,-0.12333079,-0.11897183,-0.14737418,-0.10458817,-0.09997682,-0.17602697,0.03919115,-0.16350053,-0.24837445,0.10505477,-0.1457563,867000.00829214,0.04635001,0.0458723,0.05094773,-0.12096742,0.07738709,0.02369773,0.37627411,0.06775402,0.01335182,0.29932266,-0.03603267,-0.09508999,-0.12525587,-0.12037328,-0.14730188,-0.10705759,-0.11333062,-0.17367843,0.03944938,-0.16391614,-0.2473712,0.10491954,-0.14272887,868000.00564353,0.04073524,0.04158152,0.04611494,-0.10798535,0.0741104,0.02867656,0.37350589,0.07096489,0.02195368,0.30306277,-0.02734764,-0.09863131,-0.11402469,-0.11723273,-0.14471795,-0.10388072,-0.10795429,-0.17119321,0.0478299,-0.16316865,-0.24580523,0.11208531,-0.14961404,869000.0042883,0.04181163,0.03900921,0.04382629,-0.10097558,0.07044629,0.02717645,0.37577483,0.07388029,0.02966513,0.30134213,-0.02066366,-0.0916255,-0.11658232,-0.11488416,-0.14415564,-0.10184038,-0.091457,-0.16724406,0.04258768,-0.16118486,-0.24181928,0.11341314,-0.14612669,870000.00319393,0.04664532,0.04270651,0.04453269,-0.10612957,0.06970971,0.02640503,0.3796635,0.07153443,0.02555209,0.30996925,-0.02514586,-0.0993184,-0.11669271,-0.11637819,-0.14428103,-0.09871886,-0.10367478,-0.16798344,0.04619242,-0.16675784,-0.24256313,0.11004433,-0.14381595,871000.00473692,0.04094832,0.04168722,0.04461109,-0.11005313,0.06989416,0.02198433,0.37960312,0.06972483,0.02310948,0.31270975,-0.03193305,-0.09231645,-0.12173242,-0.1174221,-0.14213911,-0.10125668,-0.09345859,-0.17087163,0.04460618,-0.16044956,-0.24420696,0.11157296,-0.13636057,872000.00384851,0.04106362,0.03986363,0.04458155,-0.11462959,0.07182986,0.02413423,0.37887397,0.0694527,0.02223709,0.311923,-0.03514941,-0.09024211,-0.1215381,-0.11927192,-0.14348751,-0.10665896,-0.095987,-0.17169017,0.04461925,-0.16171825,-0.24378879,0.10445233,-0.14283437,873000.00416001,0.04094803,0.04160668,0.05018295,-0.11976239,0.07518108,0.02033671,0.37823504,0.06832357,0.02043265,0.30166462,-0.03109915,-0.10032173,-0.11745366,-0.11906198,-0.14168569,-0.1020925,-0.10155551,-0.17288862,0.04081809,-0.16387157,-0.24289377,0.10312101,-0.14463599,874000.00588658,0.04125414,0.04455793,0.05050272,-0.1239095,0.07417657,0.01975669,0.38010544,0.06881133,0.01585825,0.29906911,-0.03691615,-0.09778649,-0.11310363,-0.11980916,-0.14186019,-0.10160337,-0.09051982,-0.17007831,0.04327725,-0.15173702,-0.24119845,0.10573056,-0.13851038,875000.00755878,0.04287048,0.04270651,0.05268688,-0.12339535,0.0757343,0.01982215,0.37707716,0.06925532,0.01315343,0.30751944,-0.04222543,-0.09441125,-0.1139797,-0.12330816,-0.14164679,-0.10342419,-0.0964494,-0.16919768,0.04427976,-0.15269569,-0.2403214,0.11227579,-0.14406288,876000.00648172,0.04350074,0.03951844,0.04777952,-0.11811221,0.07451353,0.02202357,0.37708855,0.07023574,0.01615124,0.30666518,-0.0333464,-0.09935439,-0.11157363,-0.12372965,-0.14320591,-0.10357749,-0.10598829,-0.16806121,0.04593883,-0.16466822,-0.24020088,0.10933667,-0.1373318,877000.00263638,0.03747271,0.03836727,0.04432587,-0.10468493,0.07029698,0.03349165,0.37613147,0.07104789,0.02909269,0.30786371,-0.03043713,-0.096395,-0.10932935,-0.12148074,-0.13996601,-0.10059062,-0.09286047,-0.16669047,0.04410149,-0.15763317,-0.23844197,0.10767479,-0.13807344,878000.00287831,0.04102191,0.04273321,0.04260146,-0.10966675,0.06893336,0.03424351,0.3797524,0.07136139,0.02754367,0.31431064,-0.03589239,-0.1000284,-0.1126608,-0.11605422,-0.13837609,-0.09691381,-0.08578634,-0.16562246,0.04103887,-0.16515552,-0.23578553,0.10379679,-0.13808717,879000.00293295,0.03798836,0.03889649,0.04377791,-0.11301082,0.06860778,0.02550164,0.38381866,0.06861608,0.02171027,0.31478193,-0.03703731,-0.09100556,-0.11325449,-0.11879963,-0.13933824,-0.10070012,-0.0973938,-0.16605087,0.04278592,-0.1590811,-0.23599724,0.10456125,-0.14373454,880000.00364217,0.04100246,0.04015722,0.045004,-0.11600973,0.07010183,0.02601358,0.38016641,0.07247204,0.02017719,0.31075916,-0.04191086,-0.09945686,-0.1155399,-0.1233612,-0.13867411,-0.09812871,-0.08476201,-0.16973469,0.04051553,-0.15908875,-0.2360144,0.10414586,-0.13886049,881000.00651897,0.03994302,0.04267871,0.04594517,-0.12467864,0.07584889,0.02356958,0.38363853,0.06941937,0.0179237,0.30000132,-0.04234371,-0.0935285,-0.11387794,-0.12029262,-0.13870585,-0.09902607,-0.07922094,-0.16750614,0.04374531,-0.16092804,-0.23609996,0.10935614,-0.14068465,882000.00340018,0.04276307,0.04077441,0.04797449,-0.12289558,0.07384295,0.01503372,0.38198891,0.06787185,0.01484764,0.30865553,-0.05398217,-0.1001092,-0.11588434,-0.12112448,-0.13849996,-0.09940442,-0.09480199,-0.16566205,0.04070168,-0.15895759,-0.23612283,0.1052224,-0.13762811,883000.00729254,0.0439522,0.04667937,0.04742282,-0.12878367,0.07422365,0.01890691,0.38033691,0.06744437,0.01170368,0.3137911,-0.04690723,-0.10210881,-0.11793733,-0.12029731,-0.13751881,-0.10167139,-0.10453539,-0.16708145,0.04436659,-0.16417567,-0.23465624,0.1080878,-0.13648115,884000.00865353,0.04526837,0.04675904,0.0527953,-0.13440968,0.07633338,0.02073705,0.37992692,0.0666687,0.00965904,0.30931306,-0.04953261,-0.08759647,-0.12005191,-0.12871817,-0.13820888,-0.09824773,-0.1001865,-0.16479591,0.04328121,-0.16476636,-0.23420617,0.11046075,-0.13239442,885000.00720421,0.03935792,0.04788704,0.04934818,-0.12428435,0.07625488,0.02552095,0.38315937,0.06919409,0.01416901,0.31026462,-0.04723612,-0.09388279,-0.11776078,-0.1236534,-0.13624093,-0.09749469,-0.09508581,-0.16297823,0.03847269,-0.14934409,-0.23410198,0.10768459,-0.12845129,886000.00738742,0.03378864,0.03900921,0.04142594,-0.11364383,0.06863038,0.03173483,0.38320085,0.07133819,0.02532631,0.3055388,-0.04287689,-0.10116067,-0.11197314,-0.11787548,-0.13497484,-0.09410129,-0.08929109,-0.16651922,0.04014611,-0.1546935,-0.23095053,0.10708885,-0.13670149,887000.00242603,0.03967247,0.0380949,0.04479741,-0.11295764,0.07214417,0.02594117,0.38386613,0.06966113,0.02215249,0.31122425,-0.04125176,-0.11051004,-0.11231806,-0.11870959,-0.13506597,-0.09588384,-0.09026522,-0.16490898,0.04630254,-0.15636455,-0.2324869,0.10302804,-0.13649562,888000.00276461,0.03749859,0.04214261,0.04620998,-0.12096345,0.07078971,0.02290962,0.38273105,0.07052655,0.01794227,0.31129727,-0.0450259,-0.09953978,-0.11454441,-0.1218112,-0.13604829,-0.09662952,-0.09023553,-0.16741112,0.03924992,-0.16844793,-0.23306398,0.10061224,-0.13623281,889000.00513945,0.03357348,0.04064076,0.04331706,-0.12453675,0.07093651,0.02401356,0.38116977,0.06842531,0.01718816,0.3102625,-0.04908855,-0.09682254,-0.11051954,-0.12346239,-0.13664459,-0.10259738,-0.09146004,-0.16465282,0.03540833,-0.15995324,-0.23271546,0.10274701,-0.13364609,890000.00605506,0.03749239,0.04141723,0.04470875,-0.12592244,0.07895157,0.01845052,0.38318282,0.06780418,0.01470484,0.31430835,-0.05282563,-0.10353333,-0.11525084,-0.12314888,-0.13611615,-0.09939929,-0.0886679,-0.16254239,0.03872443,-0.15276848,-0.2333371,0.10637672,-0.13817127,891000.00537271,0.04022715,0.04544393,0.04694203,-0.12913528,0.08105121,0.01812229,0.38731652,0.06655009,0.01049833,0.31523448,-0.05978295,-0.10657924,-0.11864663,-0.12769927,-0.13556714,-0.09992965,-0.09722874,-0.16471158,0.0359088,-0.16106051,-0.23219061,0.10705889,-0.1377078,892000.00642138,0.04169349,0.04654517,0.04905912,-0.1333642,0.08001625,0.01799199,0.38550135,0.0659951,0.00789213,0.31331706,-0.05960038,-0.10881441,-0.11012408,-0.13038112,-0.13441005,-0.09216122,-0.10531211,-0.16440606,0.03635513,-0.15317667,-0.23283899,0.10493156,-0.13230185,893000.00944746,0.04405566,0.04182165,0.0488492,-0.13480394,0.07907286,0.0223782,0.384745,0.06775941,0.00662107,0.31248379,-0.05993326,-0.1036115,-0.11313077,-0.12764242,-0.13475515,-0.0970128,-0.10623159,-0.1632597,0.0388797,-0.15592846,-0.23297061,0.1017096,-0.14365619,894000.00468036,0.03833666,0.04053639,0.04719084,-0.12595899,0.07596241,0.02736987,0.38597688,0.07024416,0.01100232,0.30389908,-0.05673895,-0.10436076,-0.11479142,-0.12656771,-0.13408758,-0.10031728,-0.10087846,-0.1621521,0.03448717,-0.16389222,-0.23237899,0.10929343,-0.13410778,895000.00290623,0.03553395,0.03796509,0.0423655,-0.11798327,0.06894746,0.02896021,0.38396224,0.0708707,0.02130407,0.30026534,-0.04869283,-0.11095858,-0.11412325,-0.12185548,-0.13455422,-0.09766834,-0.10278663,-0.15932582,0.04514154,-0.15019581,-0.23065472,0.10707623,-0.13278824,896000.00429698,0.03746025,0.03989116,0.04395343,-0.11899165,0.0750999,0.02389147,0.38779458,0.07049935,0.01979895,0.31816399,-0.05065753,-0.09788769,-0.10337301,-0.12539276,-0.1329682,-0.0963879,-0.09347613,-0.16362439,0.03789108,-0.15396726,-0.2316743,0.10900865,-0.13505577,897000.00458024,0.03789117,0.03683833,0.04490369,-0.12892769,0.07907286,0.02392393,0.38608095,0.06817498,0.0152827,0.30076075,-0.05411134,-0.10134885,-0.11667162,-0.12369566,-0.13317125,-0.09569992,-0.09835401,-0.16227046,0.03713896,-0.15547206,-0.23283394,0.11067211,-0.1352088,898000.00696011,0.03571416,0.03705348,0.0466884,-0.12641151,0.07345816,0.01844329,0.38199648,0.06640083,0.01550102,0.31061465,-0.06092927,-0.11002838,-0.11627737,-0.12474617,-0.13329257,-0.09605929,-0.09942716,-0.16140406,0.03871319,-0.15489429,-0.23484764,0.11245736,-0.13202167,899000.00722095,0.03788744,0.04058918,0.04815702,-0.12733476,0.07421517,0.02322398,0.38260245,0.06756587,0.01367455,0.30988345,-0.0582628,-0.10901576,-0.11302542,-0.12763372,-0.13461724,-0.09562821,-0.10072835,-0.16068804,0.03780502,-0.15352716,-0.23498827,0.10502124,-0.13995148,900000.00949724,0.04130721,0.04168824,0.04889099,-0.13282247,0.07289785,0.01975669,0.38313851,0.0660776,0.01099616,0.31751314,-0.06068274,-0.10699839,-0.11019777,-0.1277229,-0.13523194,-0.09300093,-0.11046488,-0.16016921,0.04252367,-0.15169528,-0.23490554,0.1051759,-0.13431418,901000.00760934,0.04132392,0.03989281,0.0492099,-0.13563105,0.07233394,0.0164963,0.38477957,0.06565804,0.0076472,0.31079888,-0.0628468,-0.10679699,-0.11152786,-0.12994801,-0.13613458,-0.0944747,-0.10272481,-0.16191682,0.03898446,-0.14655286,-0.23438337,0.10816385,-0.13421921,902000.00705419,0.04262847,0.03898332,0.0484405,-0.13411532,0.08038153,0.01601108,0.38119569,0.06583209,0.00817225,0.31236437,-0.06123367,-0.11355634,-0.10883319,-0.13037108,-0.13441654,-0.09808324,-0.11808839,-0.15991172,0.04214611,-0.15815699,-0.23491488,0.11183237,-0.13391863,903000.00514076,0.03629619,0.04013534,0.04433172,-0.11926142,0.07364669,0.02548338,0.38330767,0.06911447,0.01910355,0.32051295,-0.05500557,-0.10683544,-0.1098153,-0.12870309,-0.13240601,-0.09256977,-0.09999402,-0.15620548,0.03827565,-0.16557963,-0.23344085,0.10091693,-0.14117622,904000.00656054,0.0377756,0.03847424,0.04665866,-0.12018356,0.0723381,0.02803058,0.38589942,0.07078962,0.02097457,0.31530851,-0.05439547,-0.09484158,-0.111405,-0.12729833,-0.13207106,-0.08924039,-0.0996985,-0.15670997,0.03559866,-0.16234228,-0.23209538,0.09265199,-0.12888138,905000.00499099,0.03805852,0.04016081,0.04757936,-0.12382616,0.07537355,0.02270817,0.38511854,0.06859632,0.01657913,0.32333073,-0.05894703,-0.10297234,-0.10920759,-0.13134879,-0.13318835,-0.08781416,-0.10239268,-0.16091873,0.0400563,-0.15000211,-0.23522307,0.10281868,-0.13946199,906000.00685467,0.03685314,0.03986621,0.04462855,-0.12812971,0.07522288,0.02414787,0.38551825,0.06662818,0.01656151,0.31858411,-0.06080425,-0.10127702,-0.11578444,-0.13245577,-0.1340349,-0.0896206,-0.09914624,-0.16087542,0.03915877,-0.15307246,-0.23540092,0.10507494,-0.13857548,907000.00501866,0.04137021,0.03831245,0.04693086,-0.12998489,0.07707607,0.02324395,0.38644078,0.06716272,0.01570363,0.32619095,-0.05994121,-0.09708504,-0.11172626,-0.13157222,-0.13451464,-0.08563524,-0.0902715,-0.15714487,0.0345701,-0.15906726,-0.23691432,0.1039106,-0.13632613,908000.00485799,0.04169706,0.03729493,0.04917377,-0.12967466,0.07619455,0.01595241,0.38667446,0.06514488,0.01134785,0.31648061,-0.06246624,-0.11576305,-0.11285159,-0.13399811,-0.13246433,-0.08577783,-0.09667384,-0.16051377,0.03959544,-0.15874808,-0.23659427,0.10598068,-0.13589247,909000.0096681,0.04143941,0.04096519,0.05295643,-0.1324514,0.08072685,0.02024421,0.38672206,0.06508002,0.00816058,0.31668547,-0.06467302,-0.10930298,-0.1208178,-0.13209668,-0.13407098,-0.07932325,-0.09815431,-0.16023652,0.03984545,-0.14654824,-0.23825262,0.10805017,-0.13599776,910000.0077806,0.04704517,0.04142071,0.0545346,-0.13707399,0.07930666,0.01930598,0.38333839,0.06609601,0.00712156,0.32333061,-0.06474889,-0.10707112,-0.11571126,-0.13700126,-0.13358209,-0.08785265,-0.11638825,-0.15928274,0.03865615,-0.14682683,-0.23898461,0.11170982,-0.13062838,911000.00876747,0.04117104,0.04399206,0.05035593,-0.1303862,0.07615589,0.02191576,0.38637024,0.06802312,0.01144231,0.32075447,-0.05716327,-0.10415845,-0.11560524,-0.13058917,-0.13290726,-0.0884448,-0.09241688,-0.16046742,0.04003699,-0.14868426,-0.23762555,0.10792765,-0.13895932,912000.00563409,0.03647831,0.03882406,0.04499796,-0.11904279,0.07024577,0.02683216,0.38536221,0.06993571,0.02276138,0.31905073,-0.05041034,-0.10047402,-0.11368236,-0.13077596,-0.13227457,-0.08532877,-0.09753001,-0.15778114,0.04174949,-0.15161945,-0.23578335,0.10413492,-0.14270224,913000.00668223,0.03872209,0.03965267,0.04896251,-0.12431161,0.07495854,0.02733919,0.38883924,0.07090457,0.02061063,0.31799087,-0.05095901,-0.10838381,-0.11140101,-0.12493071,-0.13288803,-0.08171815,-0.09433544,-0.15882571,0.03990114,-0.1522592,-0.23672843,0.10528291,-0.13677073,914000.00655482,0.03953234,0.04131333,0.04757936,-0.12605213,0.07465485,0.01882136,0.38985106,0.06974304,0.01665933,0.31966531,-0.05562578,-0.09631374,-0.11254602,-0.12750803,-0.13248736,-0.08057049,-0.08691712,-0.15832853,0.03928187,-0.15383458,-0.23781566,0.10081524,-0.13046555,915000.00765326,0.03843556,0.04343111,0.0449713,-0.12936264,0.07728929,0.02260006,0.39068314,0.06922667,0.01528784,0.32289803,-0.06102819,-0.11367925,-0.11063022,-0.13082756,-0.1339702,-0.07941201,-0.07838413,-0.15551655,0.0327148,-0.15795417,-0.23943397,0.10315872,-0.14177303,916000.00765326,0.03908709,0.03836642,0.05009966,-0.13041696,0.07658896,0.02348245,0.39001858,0.06711434,0.01417796,0.32806367,-0.06248703,-0.11257759,-0.11643938,-0.13059206,-0.13412903,-0.07915725,-0.08482298,-0.16175151,0.04107988,-0.15778992,-0.23990174,0.10398147,-0.13038829,917000.00922404,0.04126112,0.03992055,0.05086958,-0.1314739,0.07605053,0.01827435,0.39039037,0.06622069,0.00922823,0.32549438,-0.06479489,-0.10402904,-0.11486919,-0.12958871,-0.131997,-0.08202834,-0.10244688,-0.15830253,0.0421558,-0.14961204,-0.24141218,0.1047484,-0.13540368,918000.0086403,0.04706831,0.0417155,0.05427978,-0.13293493,0.08437198,0.0205696,0.38663268,0.06565357,0.00663718,0.32884496,-0.06554975,-0.09987175,-0.11354202,-0.13455124,-0.13548075,-0.08335616,-0.09186968,-0.16178167,0.04043795,-0.15502621,-0.24081391,0.10474921,-0.13903689,919000.01172693,0.04214504,0.04305524,0.0571943,-0.13577282,0.08272542,0.0154476,0.38985237,0.06624842,0.00505748,0.32792288,-0.06406388,-0.10571459,-0.11791781,-0.13195068,-0.13438243,-0.08062285,-0.09538797,-0.15971398,0.04095525,-0.15076602,-0.24152848,0.10966069,-0.13627292,920000.00957094,0.0385324,0.04216997,0.05220593,-0.12911604,0.07988458,0.01826426,0.3899262,0.06767951,0.00923727,0.33028674,-0.05428144,-0.11268681,-0.11318669,-0.12847768,-0.13560236,-0.0799228,-0.10206016,-0.15881284,0.03825179,-0.1537829,-0.24196659,0.10954692,-0.13793831,921000.01070486,0.03809068,0.03887759,0.0473887,-0.11939503,0.07971198,0.02559596,0.3882755,0.07014646,0.02200059,0.33021826,-0.05302082,-0.10401264,-0.11253722,-0.12702534,-0.13380177,-0.07934172,-0.10067867,-0.15377176,0.04288461,-0.14481093,-0.23964001,0.1045285,-0.14155349,922000.0061054,0.04176933,0.04286791,0.04731473,-0.12346689,0.07525909,0.02913717,0.38950324,0.06830066,0.01911107,0.32462487,-0.05560948,-0.10115263,-0.11327774,-0.13263768,-0.13211545,-0.07677314,-0.09426545,-0.16042143,0.04348166,-0.1493638,-0.24048766,0.10518608,-0.1392923,923000.0061332,0.04144458,0.0413403,0.04879446,-0.12409677,0.07748941,0.01986733,0.39061576,0.06586657,0.01424902,0.33343437,-0.0579568,-0.10687436,-0.11752582,-0.13065401,-0.13321501,-0.07752206,-0.08964863,-0.16086519,0.04500539,-0.15046185,-0.24290931,0.0979495,-0.13187948,924000.00990732,0.03860775,0.04292168,0.04989491,-0.13320823,0.07861564,0.02137558,0.39037162,0.06625604,0.01153756,0.33248574,-0.06280785,-0.10227925,-0.11683411,-0.12623404,-0.13526812,-0.07721437,-0.09016223,-0.16064395,0.03640009,-0.15413985,-0.24299647,0.10793516,-0.13854069,925000.01019622,0.04201935,0.04552404,0.05174848,-0.12822248,0.07966089,0.01656884,0.39443368,0.06640502,0.01149783,0.33528581,-0.06357494,-0.10055065,-0.1155758,-0.12578405,-0.13495888,-0.07692815,-0.09496047,-0.16133738,0.04047881,-0.15742373,-0.2434548,0.10726207,-0.14267349,926000.008814,0.04267484,0.04603424,0.05363266,-0.13682429,0.08230076,0.01713065,0.39372754,0.06604507,0.00847234,0.33496895,-0.0640591,-0.09878395,-0.10962039,-0.12927002,-0.13489567,-0.0787726,-0.08619011,-0.16103879,0.041356,-0.14020938,-0.24336727,0.1097858,-0.13554962,927000.01161329,0.04502873,0.04453063,0.05432332,-0.13816699,0.08605082,0.01555815,0.39179984,0.06750064,0.00490234,0.3384147,-0.06313896,-0.10632182,-0.11429525,-0.13173977,-0.13556297,-0.07364862,-0.08141914,-0.16024666,0.03975305,-0.14653392,-0.245114,0.1067017,-0.13673019,928000.01254483,0.0470469,0.04530745,0.05680153,-0.13731351,0.0833059,0.0169015,0.39439291,0.06676611,0.00192307,0.33525601,-0.06378369,-0.11670371,-0.11377297,-0.13163187,-0.13378367,-0.07814869,-0.09870587,-0.15736915,0.04989859,-0.15087551,-0.24572843,0.11125816,-0.14510895,929000.01451947,0.04602745,0.04621817,0.05404949,-0.13006493,0.08538765,0.01465802,0.39270121,0.06927006,0.00558488,0.3350037,-0.06098991,-0.11628191,-0.120428,-0.13473141,-0.13525257,-0.08141433,-0.08820182,-0.16044019,0.04421222,-0.14757451,-0.24586748,0.10857578,-0.13460974,930000.00944394,0.03772328,0.04345694,0.04925195,-0.11887213,0.08005723,0.0233986,0.39409104,0.07153779,0.01782821,0.33577672,-0.0561462,-0.10409955,-0.10882024,-0.1301619,-0.13559663,-0.07218145,-0.09134793,-0.15925227,0.04309656,-0.15319797,-0.24324638,0.10867875,-0.13739969,931000.00971771,0.04234511,0.04434318,0.04766884,-0.12209327,0.08169092,0.02006752,0.39475769,0.06937181,0.01602475,0.33222821,-0.05991361,-0.10257699,-0.10579166,-0.12988816,-0.13360052,-0.07112431,-0.0945242,-0.15898581,0.0386864,-0.15673351,-0.24384752,0.1059969,-0.13033296,932000.01197339,0.04326573,0.04364569,0.05146562,-0.12948865,0.08084709,0.01973392,0.39414647,0.06777536,0.01236905,0.33553183,-0.06048152,-0.10784277,-0.11302229,-0.13051096,-0.13444966,-0.07219199,-0.09119144,-0.15934347,0.0402385,-0.15721273,-0.24636148,0.10177456,-0.14071922,933000.00985133,0.04284911,0.04201009,0.05261559,-0.13057138,0.07881781,0.01919578,0.3948797,0.06671095,0.0111086,0.33340529,-0.05937025,-0.10048654,-0.11341494,-0.12707004,-0.13548793,-0.07226077,-0.08812755,-0.16181517,0.04286784,-0.15751931,-0.24734284,0.10714103,-0.14657687,934000.00992895,0.04346541,0.04241218,0.05226023,-0.12717842,0.08115306,0.01865287,0.39512172,0.06687171,0.00917758,0.33692017,-0.06161457,-0.10507219,-0.11208501,-0.12859012,-0.13474648,-0.07564967,-0.0843071,-0.16310002,0.04409447,-0.15913126,-0.24704282,0.1050213,-0.13972682,935000.01036648,0.04364908,0.04697338,0.05599965,-0.13750017,0.0858685,0.02105455,0.39504659,0.067682,0.0067148,0.34281358,-0.06479357,-0.10864977,-0.11205479,-0.12968403,-0.13377587,-0.07148584,-0.0827334,-0.16102357,0.04197935,-0.15066163,-0.24767888,0.11058827,-0.1470385,936000.01226982,0.04723882,0.04576542,0.0554301,-0.13659917,0.0827985,0.0172198,0.3954533,0.06687035,0.00410223,0.33801812,-0.06483539,-0.10184013,-0.11476027,-0.13158239,-0.13424444,-0.07052372,-0.08496084,-0.16184178,0.04953889,-0.15465371,-0.24813753,0.11594763,-0.14755091,937000.0137783,0.04757046,0.04957425,0.05588493,-0.13568382,0.08378378,0.01597404,0.39353907,0.07017276,0.0021528,0.33846116,-0.06845785,-0.09933301,-0.1112974,-0.1331958,-0.1338563,-0.07181008,-0.08768217,-0.15847588,0.0392023,-0.15465449,-0.24910763,0.11298148,-0.13698113,938000.00946534,0.04455805,0.04466126,0.05109157,-0.11891264,0.07846437,0.02357901,0.39528662,0.07141468,0.01296877,0.33805847,-0.05735687,-0.10864302,-0.11018646,-0.13027985,-0.1342871,-0.06459163,-0.09315623,-0.15406558,0.04419892,-0.14871687,-0.24857789,0.10248902,-0.13911267,939000.01112079,0.03953043,0.04139395,0.04933544,-0.11760078,0.07795324,0.02703746,0.39486828,0.07116541,0.01859858,0.34712124,-0.05132906,-0.08796445,-0.10709753,-0.12507305,-0.13305931,-0.06833445,-0.09177614,-0.16013543,0.04599585,-0.16203344,-0.24552619,0.10733037,-0.13690418,940000.00916811,0.04381556,0.04278757,0.05238077,-0.12649946,0.08187298,0.02339783,0.39570224,0.06842075,0.0137047,0.35296577,-0.06139673,-0.09850554,-0.11019912,-0.12973893,-0.13185929,-0.07012976,-0.07125678,-0.160909,0.03726151,-0.15348656,-0.24786983,0.10788339,-0.13898851,941000.0114166,0.0388281,0.04496064,0.05397068,-0.127323,0.08155859,0.01823438,0.39420193,0.06854992,0.01145244,0.35510841,-0.0654956,-0.10358868,-0.11113503,-0.12726022,-0.13167965,-0.06808809,-0.07424692,-0.15732066,0.04084987,-0.15168318,-0.24795964,0.10287766,-0.14126758,942000.00828024,0.04219974,0.044236,0.05185685,-0.12967327,0.08336769,0.01984888,0.39402381,0.06898365,0.01119264,0.3550311,-0.06360365,-0.10181556,-0.10955202,-0.12733471,-0.13371837,-0.06849016,-0.08917473,-0.15762256,0.04361986,-0.15600628,-0.24925725,0.10639078,-0.1380367,943000.01303141,0.05137605,0.04632963,0.05603009,-0.12956513,0.08290018,0.01282618,0.39204532,0.06723356,0.00810452,0.3453556,-0.05989739,-0.1052013,-0.11529454,-0.13074388,-0.13502145,-0.07159191,-0.08302419,-0.16002999,0.0440453,-0.1571704,-0.24889286,0.11099093,-0.1425412,944000.01240382,0.04790064,0.0471884,0.05684232,-0.13546388,0.08171168,0.01338044,0.38876134,0.06799908,0.00548436,0.35277069,-0.06372301,-0.09405214,-0.1080052,-0.13194051,-0.13505316,-0.07142818,-0.09216071,-0.15984201,0.04458547,-0.15773013,-0.24959803,0.10614153,-0.14274958,945000.01384249,0.05115401,0.04423553,0.05798347,-0.13521403,0.07959048,0.01703706,0.38833308,0.06620879,0.00380319,0.34172261,-0.06414997,-0.09634587,-0.11173036,-0.13180394,-0.13371165,-0.06965387,-0.07834484,-0.15903765,0.04087807,-0.1522038,-0.25091809,0.10867622,-0.14356782,946000.00894408,0.04455805,0.04230457,0.05538248,-0.12177162,0.08274699,0.02206746,0.38451678,0.06794617,0.01265356,0.34712189,-0.05440846,-0.10156368,-0.10691142,-0.12969337,-0.1320098,-0.06749346,-0.08585994,-0.15837723,0.044966,-0.15647608,-0.24976538,0.10384931,-0.1436464,947000.00947198,0.04253028,0.04407471,0.0496417,-0.11808886,0.07874791,0.02927966,0.38939688,0.07027319,0.02065083,0.35196191,-0.05577949,-0.1026206,-0.10305348,-0.12515701,-0.13002084,-0.06503464,-0.08579019,-0.15712899,0.04022776,-0.15221436,-0.24808392,0.10855801,-0.14396217,948000.01097242,0.04424468,0.04716258,0.05075431,-0.12292975,0.08151709,0.02654914,0.38851994,0.06925578,0.01547894,0.3491579,-0.0567167,-0.11049739,-0.10872664,-0.129026,-0.13256182,-0.06501394,-0.08611164,-0.15921707,0.0438063,-0.15388893,-0.24874817,0.10405993,-0.14266792,949000.01042262,0.04576627,0.04404818,0.05209123,-0.12548837,0.08068434,0.02030842,0.38609153,0.06946819,0.01365694,0.34899873,-0.05731249,-0.09782606,-0.10926479,-0.12772188,-0.13094522,-0.07268117,-0.08275625,-0.15929918,0.04413084,-0.15771402,-0.25054562,0.10795531,-0.14322495,950000.00916811,0.04280715,0.04547073,0.05126595,-0.12492478,0.08178199,0.01576594,0.38370913,0.06775694,0.01320918,0.35696235,-0.05850701,-0.1146016,-0.109509,-0.12888339,-0.13117057,-0.06887026,-0.08902035,-0.15857552,0.04444529,-0.15225355,-0.25240758,0.11198732,-0.14878933,951000.01234016,0.0507869,0.04579308,0.05122437,-0.12764156,0.08176128,0.01499104,0.3836751,0.06811351,0.00907589,0.34277621,-0.05995423,-0.11535756,-0.11472144,-0.12905133,-0.13339618,-0.07185189,-0.08119459,-0.15865418,0.04233011,-0.14889725,-0.25209796,0.1083597,-0.14789473,952000.0104011,0.04908011,0.05130222,0.05672543,-0.13359767,0.08214837,0.01468502,0.38251495,0.06789305,0.00546964,0.34526885,-0.06003056,-0.10421492,-0.10672979,-0.13046411,-0.13599093,-0.07746334,-0.08587933,-0.16057713,0.04704791,-0.15370315,-0.25257784,0.11168383,-0.14480783,953000.01105001,0.04773299,0.04721608,0.05894253,-0.13591504,0.08297131,0.0180638,0.38260862,0.06775941,0.0042794,0.34434453,-0.0614816,-0.09683284,-0.10544939,-0.1323746,-0.13383783,-0.07101653,-0.09097934,-0.15947185,0.04933136,-0.15731026,-0.25241974,0.1054363,-0.13443325,954000.00800714,0.04141757,0.04573888,0.0538848,-0.13102619,0.08152895,0.01942988,0.38098121,0.06838493,0.00720173,0.35074517,-0.0602442,-0.10483319,-0.10835258,-0.13230711,-0.1325998,-0.07311501,-0.08184616,-0.15731484,0.04582299,-0.14240059,-0.25161335,0.10986912,-0.14617409,955000.00685929,0.03995526,0.04101821,0.0465912,-0.12029979,0.0785135,0.02002535,0.38026887,0.07104789,0.01904585,0.35382146,-0.04804311,-0.10329472,-0.1072779,-0.12925179,-0.13231029,-0.07151724,-0.07812688,-0.15987854,0.04740649,-0.15078932,-0.25032923,0.10709311,-0.14199671,956000.00917436,0.04105247,0.04230222,0.04957032,-0.12094532,0.08124261,0.01694222,0.37842876,0.06902845,0.01723126,0.34670269,-0.05254931,-0.10818847,-0.11053044,-0.12781018,-0.13250113,-0.07198917,-0.07589837,-0.15888606,0.03955783,-0.1498083,-0.25120765,0.10948721,-0.13814425,957000.00771483,0.03672549,0.04573895,0.05013053,-0.12656009,0.07698481,0.01722269,0.38084042,0.06949157,0.01231973,0.34043667,-0.0594678,-0.10785659,-0.10871129,-0.12421227,-0.13432401,-0.07177105,-0.08101697,-0.15624972,0.04412742,-0.15485919,-0.25312164,0.10806388,-0.14404692,958000.00820864,0.04201032,0.04512081,0.05090745,-0.1324077,0.0801236,0.01526536,0.37669581,0.06895836,0.01057313,0.34791118,-0.0595158,-0.10458995,-0.11454759,-0.12901406,-0.13299504,-0.07451209,-0.07653693,-0.16111921,0.04492341,-0.15123346,-0.25436023,0.10575493,-0.15041088,959000.00927994,0.04358995,0.04093342,0.05027652,-0.13303408,0.08095627,0.01600601,0.37899271,0.06704389,0.00887534,0.34783483,-0.06364877,-0.10885965,-0.11024779,-0.13008836,-0.13276911,-0.07635742,-0.08467833,-0.16182788,0.04508366,-0.15225311,-0.25477117,0.10199853,-0.14303088,960000.01238962,0.04491227,0.04286393,0.05317542,-0.13855515,0.08168667,0.0147695,0.37873664,0.06722721,0.00500936,0.33787152,-0.06386157,-0.11147501,-0.11080144,-0.13041283,-0.13495901,-0.07678521,-0.08061586,-0.16136421,0.03925608,-0.15508077,-0.25559631,0.1090322,-0.15512633,961000.01163477,0.04669768,0.0509027,0.0543813,-0.13978864,0.08303181,0.01051356,0.37567484,0.06619039,0.00282397,0.33255193,-0.06643271,-0.11461287,-0.1090067,-0.13245331,-0.13339244,-0.08206637,-0.08278948,-0.16228938,0.04019042,-0.1507982,-0.25437775,0.10739975,-0.14633536,962000.00816854,0.05043625,0.04495998,0.05424818,-0.14468476,0.07819733,0.01530694,0.37331754,0.06529479,0.00107866,0.34115407,-0.06302325,-0.11507035,-0.11763774,-0.13280451,-0.13329503,-0.07826634,-0.09792583,-0.16241936,0.04158458,-0.15361111,-0.25436997,0.10515229,-0.15124847,963000.00994393,0.04233308,0.04227645,0.05127269,-0.13194892,0.07920346,0.01340102,0.3719016,0.06896804,0.00842584,0.33928624,-0.05759423,-0.10918506,-0.11467303,-0.134965,-0.13306279,-0.07637771,-0.08342034,-0.16324918,0.04419183,-0.1495849,-0.25349185,0.11466043,-0.14160521,964000.00619442,0.03742802,0.04192654,0.04559279,-0.1248298,0.07547209,0.0217348,0.37154835,0.06812011,0.01673401,0.34718665,-0.05264792,-0.11140252,-0.11095051,-0.12659049,-0.13177994,-0.08447794,-0.07949602,-0.16061501,0.04232984,-0.15168558,-0.25160581,0.10601893,-0.14006449,965000.00348247,0.04067931,0.04385597,0.04676152,-0.13005182,0.07519865,0.01513962,0.37333727,0.06821959,0.0128188,0.3442502,-0.05882603,-0.10791054,-0.10663985,-0.1260024,-0.1329122,-0.07663656,-0.0786724,-0.15961339,0.03945154,-0.14670137,-0.25273708,0.1026042,-0.14418375,966000.00693788,0.03802752,0.04772764,0.04902079,-0.13757859,0.07773727,0.01362057,0.37428737,0.0691316,0.00915345,0.34098867,-0.05785676,-0.11316613,-0.10525548,-0.13016121,-0.13324401,-0.08634624,-0.0876799,-0.1614345,0.03597219,-0.15681797,-0.25396487,0.10881163,-0.14248082,967000.00434713,0.03697647,0.04466152,0.0473408,-0.13802783,0.07830042,0.01448916,0.37292624,0.06855253,0.00838262,0.33581653,-0.06342227,-0.11084776,-0.11269335,-0.12832431,-0.13139142,-0.0784015,-0.08580219,-0.16519274,0.04143462,-0.15122102,-0.25495508,0.10582473,-0.1439736,968000.00803133,0.03507694,0.04570979,0.04948107,-0.14263356,0.08034681,0.01253224,0.37179381,0.06811094,0.00613626,0.3288064,-0.05890138,-0.11389147,-0.11253141,-0.12596108,-0.13274047,-0.08365977,-0.09260146,-0.16750945,0.04950777,-0.15283358,-0.25565985,0.10748293,-0.14922248,969000.01048517,0.03956367,0.04705488,0.05177064,-0.1434567,0.08284832,0.00789183,0.37126356,0.0680977,0.0040809,0.32939297,-0.05951532,-0.12481589,-0.11161467,-0.12809859,-0.13381346,-0.08506779,-0.08449648,-0.16279942,0.0452255,-0.15359986,-0.25678554,0.10893132,-0.14580789,970000.00981407,0.04124655,0.04390904,0.05116906,-0.14764449,0.0834486,0.01393466,0.36894712,0.0682197,0.0021622,0.32973033,-0.05896702,-0.11887714,-0.11046467,-0.13097088,-0.13244103,-0.0872893,-0.08380287,-0.15814549,0.03952022,-0.1616022,-0.2572093,0.10457126,-0.14278509,971000.00747604,0.0422464,0.04323986,0.05019438,-0.14166254,0.07801341,0.01461134,0.36954322,0.06835222,0.00420689,0.3311736,-0.0572359,-0.12111276,-0.09904289,-0.13149746,-0.13273555,-0.0812445,-0.08318113,-0.16516414,0.04334031,-0.15775061,-0.25468871,0.11141561,-0.14434414,972000.00251774,0.03565554,0.04211221,0.04496488,-0.13174364,0.07435944,0.01591922,0.36761788,0.06989104,0.01478174,0.33131924,-0.05274674,-0.11058196,-0.10132548,-0.12808402,-0.12973513,-0.08171815,-0.07678472,-0.15785199,0.0429874,-0.15494387,-0.25425196,0.11044659,-0.1375394,973000.00481845,0.03560105,0.04818378,0.04653567,-0.13983299,0.07359667,0.01602254,0.36721766,0.0714886,0.01356771,0.34410048,-0.04872445,-0.10637398,-0.09721757,-0.13161166,-0.13148515,-0.08639557,-0.07994561,-0.15806301,0.04279632,-0.15063399,-0.25451255,0.10846753,-0.14033695,974000.00348732,0.03572524,0.04866763,0.04669285,-0.14415276,0.07120258,0.01059436,0.36563092,0.06903626,0.01035372,0.32970154,-0.04899625,-0.10786138,-0.10214032,-0.13008317,-0.13060208,-0.08680715,-0.09274638,-0.16072135,0.04473951,-0.14670232,-0.2556785,0.10412067,-0.14666946,975000.0043747,0.03793696,0.0440959,0.04650622,-0.14374635,0.07349256,0.01764178,0.36719099,0.0687324,0.00976294,0.32480696,-0.04930402,-0.11244709,-0.10473121,-0.13181439,-0.13079052,-0.08718711,-0.09122618,-0.15808213,0.04753948,-0.15164796,-0.25531894,0.10705418,-0.14585774,976000.00476324,0.04155508,0.04627362,0.04804861,-0.14644676,0.07830857,0.01357619,0.36620855,0.07103574,0.0080217,0.32625467,-0.05185574,-0.12612757,-0.1014222,-0.13254051,-0.13134478,-0.08864626,-0.08637122,-0.16100548,0.04794876,-0.15167668,-0.2551499,0.11253852,-0.15304495,977000.00604455,0.0382891,0.0450077,0.04896142,-0.15124908,0.07780291,0.0125795,0.3623324,0.06861419,0.00530533,0.32047027,-0.05564504,-0.12247281,-0.10068935,-0.13394997,-0.13122106,-0.08730342,-0.08697057,-0.16412194,0.04669726,-0.14351225,-0.25544763,0.10337719,-0.15175289,978000.00795364,0.03754266,0.04353004,0.05085541,-0.15223595,0.07558339,0.00900536,0.36208788,0.07003631,0.00352411,0.31883848,-0.0515816,-0.12608705,-0.10306824,-0.13664813,-0.12947471,-0.08970107,-0.09475322,-0.16189246,0.04298219,-0.15245339,-0.2542977,0.10517823,-0.14312214,979000.00794187,0.03647812,0.04347857,0.04944797,-0.14921573,0.07637637,0.01241619,0.3653366,0.07071096,0.00432148,0.32160056,-0.05058663,-0.11405148,-0.10261458,-0.13726005,-0.12952879,-0.0840812,-0.09204397,-0.16210186,0.04577098,-0.14162746,-0.25420216,0.11221967,-0.1487518,980000.00357761,0.03375595,0.04415137,0.04367976,-0.14012004,0.07739604,0.01531736,0.36315972,0.071872,0.01665999,0.32362175,-0.03884345,-0.11533999,-0.09546464,-0.13042954,-0.12819771,-0.08057291,-0.08464887,-0.15982565,0.03128577,-0.1345581,-0.25275382,0.10394414,-0.13950552,981000.00076717,0.03334026,0.04412097,0.04403177,-0.1393114,0.07346341,0.02199815,0.36209184,0.07313719,0.01903547,0.32298288,-0.03600626,-0.10534509,-0.09729235,-0.13114537,-0.1265287,-0.08875614,-0.07789303,-0.16065215,0.03671835,-0.13474226,-0.25261515,0.11178201,-0.14810723,982000.00367029,0.03057489,0.04793954,0.04448336,-0.14572084,0.07169893,0.01808043,0.36275971,0.07342018,0.01497232,0.32592639,-0.03796747,-0.10936379,-0.09716812,-0.13152315,-0.12670961,-0.09014092,-0.0745449,-0.15955418,0.04587606,-0.14436887,-0.25308713,0.1102629,-0.13912381,983000.00622764,0.03223902,0.04261199,0.04393308,-0.14820533,0.07065412,0.01378813,0.35889289,0.07334163,0.01340663,0.31950742,-0.03937903,-0.11449169,-0.09865364,-0.13427009,-0.12725744,-0.0843821,-0.08218671,-0.16155754,0.03994999,-0.13878311,-0.25441304,0.10235822,-0.14229979,984000.00476833,0.03015602,0.04185472,0.04785233,-0.15358362,0.07619967,0.01271967,0.35856882,0.07127416,0.01222927,0.31619513,-0.04080999,-0.11433765,-0.09500824,-0.13608454,-0.12753575,-0.08433668,-0.08312627,-0.16416323,0.03557942,-0.13264915,-0.25404993,0.10504004,-0.14857805,985000.00552819,0.03085222,0.04384657,0.04895266,-0.15358275,0.07898273,0.0088623,0.36038303,0.0714086,0.0100382,0.32593831,-0.03679856,-0.11147705,-0.0986126,-0.1327168,-0.1260027,-0.08622406,-0.08621988,-0.16528928,0.03977413,-0.14635299,-0.25483701,0.10602042,-0.1546369,986000.00717101,0.03768345,0.04237127,0.04898052,-0.15423745,0.07785929,0.00990483,0.3585524,0.07394996,0.00649647,0.32007134,-0.03459375,-0.12340004,-0.09487113,-0.13704884,-0.12697884,-0.08396379,-0.0943899,-0.16263345,0.0448393,-0.14157882,-0.25521591,0.11695784,-0.14879385,987000.00716539,0.03721392,0.04188986,0.0507471,-0.15586975,0.07353722,0.01727227,0.35617813,0.07352659,0.00537512,0.31430501,-0.03945939,-0.11560023,-0.08946201,-0.13956739,-0.12582837,-0.08391747,-0.09007715,-0.16505347,0.0479216,-0.13918325,-0.25462398,0.11447635,-0.14640819,988000.00501325,0.03559093,0.04468808,0.04727997,-0.1452065,0.07444611,0.01007491,0.35554928,0.07568325,0.01220222,0.3100751,-0.03419595,-0.10663067,-0.08555579,-0.13938828,-0.12615791,-0.08238661,-0.0778439,-0.16241634,0.03626577,-0.1405161,-0.2529093,0.11141743,-0.14163603,989000.00572297,0.03195297,0.04253671,0.04300068,-0.14200032,0.07526778,0.02394474,0.35410082,0.07718259,0.02205183,0.31963971,-0.0285399,-0.10236312,-0.08310981,-0.13477755,-0.12399595,-0.07884998,-0.08896544,-0.16044042,0.03940152,-0.14801289,-0.25105935,0.10650409,-0.14568464,990000.00418669,0.02952637,0.04140228,0.0420277,-0.1480362,0.07602867,0.01700384,0.35294333,0.07644649,0.01944913,0.32042256,-0.02708826,-0.10439125,-0.08123614,-0.12972832,-0.12325265,-0.08243858,-0.08498206,-0.1599756,0.040201,-0.13544381,-0.25301516,0.10617883,-0.14721413,991000.00330437,0.02743493,0.04438689,0.04567083,-0.15030345,0.07562108,0.02108692,0.35274449,0.07486154,0.01699547,0.30961239,-0.03253657,-0.10582422,-0.08092036,-0.13428883,-0.12199292,-0.08400937,-0.07649825,-0.16095708,0.04277037,-0.13193898,-0.25550178,0.10838896,-0.14304806,992000.00508429,0.02956113,0.04503105,0.04618151,-0.15056026,0.07743045,0.01408468,0.35048428,0.07669846,0.01477401,0.30924797,-0.03413798,-0.11344785,-0.09112295,-0.13290976,-0.12350031,-0.08374175,-0.07018027,-0.15870197,0.04030114,-0.13332157,-0.25632736,0.11139023,-0.14476879,993000.00455772,0.03319729,0.04414408,0.04841264,-0.1543238,0.07614002,0.01790961,0.35145968,0.0773347,0.01245863,0.31748065,-0.02941029,-0.11928193,-0.0858955,-0.13751112,-0.12265716,-0.08626794,-0.07803962,-0.16299625,0.04394781,-0.14060542,-0.25601408,0.10496289,-0.15384956,994000.00633304,0.03449598,0.04089037,0.04812718,-0.15711655,0.08074197,0.01020935,0.35311696,0.07622617,0.01020409,0.31355137,-0.03979154,-0.10857613,-0.07734758,-0.14024897,-0.12327807,-0.08389326,-0.08243876,-0.16309907,0.04174083,-0.14548346,-0.25616965,0.11371961,-0.15169862,995000.00769276,0.03563668,0.04551816,0.05108322,-0.15771399,0.07948426,0.01535746,0.35287175,0.07570408,0.00717289,0.29957107,-0.03665243,-0.11717931,-0.07423925,-0.13888921,-0.12292172,-0.08345346,-0.08813857,-0.1653741,0.03885217,-0.13628514,-0.25619647,0.1092339,-0.14744887,996000.00737057,0.03417425,0.04409451,0.05237959,-0.15768518,0.07734061,0.01448618,0.34876308,0.07474186,0.0056004,0.29531446,-0.03780338,-0.11488085,-0.06953245,-0.14150409,-0.12254716,-0.0785717,-0.08852917,-0.16312557,0.03805545,-0.13928029,-0.25753549,0.10735033,-0.14802854,997000.00496331,0.03263788,0.04251032,0.05224796,-0.15685937,0.07920091,0.01639131,0.34812123,0.07618265,0.0076403,0.30285388,-0.03528546,-0.11480365,-0.07819254,-0.13873817,-0.12278976,-0.08041056,-0.0891447,-0.16509758,0.03818537,-0.13497344,-0.25581047,0.10923088,-0.14133775,998000.00378285,0.03159212,0.04503782,0.04615219,-0.14253709,0.07698048,0.02331744,0.35390222,0.0777889,0.01976547,0.30160961,-0.03153526,-0.12144232,-0.07487811,-0.12982838,-0.12115295,-0.0837881,-0.08641968,-0.16148002,0.03820529,-0.13558133,-0.25356421,0.10685655,-0.14751352,999000.00558988,0.03062199,0.03920084,0.04400248,-0.14443427,0.07599884,0.02206623,0.35405481,0.0756087,0.02039878,0.30693042,-0.02795229,-0.10445236,-0.07142191,-0.13352595,-0.12023913,-0.082016,-0.08688676,-0.15986219,0.03936017,-0.13901703,-0.25393838,0.1063946,-0.15383224,1000000.00342738,0.03348278,0.04255733,0.04703665,-0.15007538,0.07586566,0.01954305,0.35347185,0.0768626,0.01672764,0.30378953,-0.02914376,-0.11557875,-0.07252806,-0.13616054,-0.12151986,-0.08048838,-0.08522128,-0.15912759,0.04011159,-0.13678299,-0.25700822,0.11035658,-0.15132241,1001000.00525161,0.03167553,0.04481794,0.04807817,-0.1485386,0.07880258,0.02058447,0.34947604,0.0761984,0.01445183,0.2939302,-0.03857746,-0.10585231,-0.0736917,-0.13399154,-0.12149153,-0.07954569,-0.0876799,-0.16158868,0.03693097,-0.14119121,-0.25851718,0.11282314,-0.15634932,1002000.0054623,0.03487045,0.04277579,0.04755699,-0.15268706,0.07722919,0.01739312,0.34942251,0.07699372,0.01426104,0.3051644,-0.03855933,-0.10163241,-0.07627477,-0.13550517,-0.12013998,-0.08187144,-0.08386549,-0.16267803,0.03688975,-0.14765462,-0.25877088,0.11190129,-0.14904225,1003000.00284621,0.03648696,0.04508715,0.04793917,-0.15199961,0.08381448,0.01827558,0.35257268,0.07573716,0.01048005,0.29148972,-0.04302097,-0.11622564,-0.07304163,-0.14451945,-0.11992832,-0.08154666,-0.08654201,-0.16414633,0.03697475,-0.14146291,-0.26055852,0.10802709,-0.14247511,1004000.00355,0.04204153,0.04317843,0.05060892,-0.1541971,0.08229907,0.01477144,0.35033542,0.07437667,0.00741356,0.2876699,-0.04738345,-0.12064189,-0.07509806,-0.14468029,-0.12133431,-0.07946385,-0.0753605,-0.16644165,0.04357121,-0.14185277,-0.25985134,0.11069746,-0.14629903,1005000.00642161,0.03958303,0.04482079,0.0513027,-0.158527,0.08274608,0.02086016,0.34777793,0.0751686,0.0074306,0.2949321,-0.04802573,-0.11881955,-0.07371618,-0.14580399,-0.12273863,-0.07674064,-0.08918012,-0.16591324,0.03828838,-0.13584143,-0.25826746,0.11543643,-0.1417173,1006000.00578925,0.03544094,0.04315802,0.04905225,-0.14900322,0.07895668,0.02055153,0.34747925,0.07562176,0.01020588,0.29032934,-0.0430061,-0.11603051,-0.06875054,-0.14199787,-0.12032615,-0.08057206,-0.09189436,-0.1599149,0.04097887,-0.13783915,-0.25835484,0.11295713,-0.15024443,1007000.0031843,0.03518875,0.0386491,0.04403276,-0.14099211,0.07069384,0.02678173,0.34676665,0.07736681,0.02061709,0.29343858,-0.03173651,-0.10100263,-0.06515186,-0.14066035,-0.11850397,-0.07531859,-0.0836167,-0.15923351,0.04403545,-0.13385712,-0.25698617,0.10445673,-0.15006603,1008000.00271345,0.03679788,0.04157022,0.04520039,-0.14427184,0.07777785,0.02353023,0.3483142,0.07761037,0.01930288,0.28756428,-0.03664606,-0.11628392,-0.07192962,-0.14080553,-0.11875151,-0.07618065,-0.08233479,-0.16395135,0.0391835,-0.14395648,-0.25830385,0.1063358,-0.15095842,1009000.00581704,0.03358337,0.04578964,0.04699592,-0.14600851,0.08057271,0.01878109,0.34840018,0.07733217,0.01493127,0.28507689,-0.04241222,-0.10904226,-0.07134183,-0.14146923,-0.11922163,-0.07677314,-0.07857748,-0.16445069,0.0373792,-0.13977359,-0.25979683,0.10856597,-0.15337783,1010000.00521836,0.03213731,0.04299368,0.0477908,-0.14798723,0.08032856,0.02451182,0.34761688,0.07791357,0.01337278,0.28742158,-0.04059332,-0.12133069,-0.0704814,-0.14172339,-0.11951334,-0.08095359,-0.08399975,-0.15925603,0.04254052,-0.13812967,-0.26036635,0.11247617,-0.14875562,1011000.00615517,0.03301622,0.04095368,0.04927253,-0.15180363,0.0795319,0.01811012,0.34900844,0.07809595,0.01281586,0.28539869,-0.04530535,-0.11255071,-0.07217267,-0.13893443,-0.11960865,-0.07621987,-0.08360907,-0.15916108,0.03734513,-0.14071295,-0.26047137,0.11367264,-0.14745241,1012000.00578925,0.03970464,0.0456565,0.05354345,-0.14980976,0.07724576,0.01863387,0.34412798,0.07749764,0.0096033,0.27616236,-0.04686608,-0.10831641,-0.07271747,-0.14197388,-0.11936335,-0.07291696,-0.0749524,-0.16380818,0.03716452,-0.1484744,-0.26102054,0.10905023,-0.14157908,1013000.00659872,0.04122391,0.04589941,0.05516965,-0.15504032,0.08136358,0.01976424,0.34366432,0.07497338,0.00755032,0.2775161,-0.05131178,-0.12017272,-0.0705651,-0.1476295,-0.11922303,-0.07579695,-0.07701406,-0.16359052,0.03654192,-0.14005941,-0.25923556,0.10878178,-0.14654633,1014000.00841634,0.04131434,0.04310603,0.0538848,-0.1518445,0.08128421,0.02084526,0.34488258,0.07661505,0.0076112,0.27198726,-0.04796585,-0.12024333,-0.07768419,-0.15071966,-0.11948775,-0.07235791,-0.08677343,-0.16433518,0.03518312,-0.14393751,-0.25977468,0.10643072,-0.14646129,1015000.00540556,0.03537305,0.0415244,0.04588366,-0.13562874,0.07882915,0.02548639,0.34786263,0.07704805,0.0182311,0.27752748,-0.04303373,-0.11640254,-0.06710079,-0.14715567,-0.11753178,-0.07033755,-0.08259024,-0.16239974,0.03607995,-0.14162058,-0.25629011,0.10814057,-0.14578702,1016000.00560047,0.03841282,0.03841085,0.04715279,-0.1347006,0.0774473,0.03111989,0.34892344,0.07975064,0.0213452,0.27888221,-0.04581243,-0.11624399,-0.0706084,-0.14472373,-0.1193044,-0.06819168,-0.08376697,-0.16248076,0.04044658,-0.13736832,-0.25651047,0.11243024,-0.14810114,1017000.00591658,0.03969824,0.03932124,0.04986224,-0.13800335,0.07636806,0.02760751,0.34763801,0.07733046,0.01655614,0.27602443,-0.04372052,-0.12301791,-0.07265402,-0.1472365,-0.11884651,-0.07038082,-0.07482988,-0.15581165,0.03491171,-0.14192422,-0.25942835,0.11333641,-0.14664368,1018000.00879545,0.03951763,0.03872985,0.05106073,-0.14104821,0.07677511,0.02727773,0.34838346,0.0782671,0.01472565,0.27516067,-0.04693307,-0.11930325,-0.07040185,-0.1433216,-0.11793482,-0.07022389,-0.08320239,-0.1590945,0.03555142,-0.14312598,-0.26027253,0.11633284,-0.13941559,1019000.00729668,0.04041393,0.03964048,0.05187448,-0.1444933,0.07677511,0.0232521,0.35043755,0.07697892,0.01537376,0.26645574,-0.0516658,-0.11366741,-0.0701966,-0.14468968,-0.11980323,-0.07254723,-0.06941006,-0.15725465,0.04285988,-0.14154544,-0.25990653,0.10643642,-0.1466513,1020000.00939443,0.04165947,0.04541573,0.05241089,-0.14708081,0.08097953,0.01959315,0.34866485,0.0764686,0.01141554,0.26767331,-0.049142,-0.11724827,-0.08027188,-0.14694376,-0.11953222,-0.06709179,-0.07471848,-0.16143858,0.0396625,-0.14373247,-0.26188475,0.10814591,-0.14413668,1021000.01083186,0.04690738,0.04697516,0.05420541,-0.14670427,0.08091693,0.02456883,0.34813085,0.07658651,0.00926779,0.26568088,-0.05224125,-0.11703729,-0.07876151,-0.14861968,-0.12051591,-0.07266282,-0.07309888,-0.16388024,0.04060346,-0.14299004,-0.26127869,0.11694636,-0.1466437,1022000.00794477,0.04333167,0.04471803,0.05682886,-0.15037584,0.08546207,0.02596118,0.34663281,0.07557496,0.00635293,0.26587376,-0.05127654,-0.12008978,-0.08021478,-0.15092261,-0.12197135,-0.06931745,-0.08829439,-0.1623552,0.03861383,-0.14398406,-0.26078105,0.10826722,-0.14474435,1023000.00838163,0.03853406,0.04267933,0.05130285,-0.13657001,0.07970204,0.02764432,0.35038766,0.07692356,0.01448453,0.26257727,-0.04897394,-0.11392847,-0.08253338,-0.15014268,-0.11842854,-0.06320925,-0.09022775,-0.15983705,0.03682533,-0.13482706,-0.25847739,0.10944629,-0.14817311,1024000.00483528,0.03914304,0.04257147,0.04726929,-0.12621443,0.07817905,0.03042244,0.35164553,0.07830597,0.02360971,0.26893583,-0.04516096,-0.11549076,-0.0758433,-0.14878856,-0.11872326,-0.06213252,-0.08744997,-0.16242294,0.04185124,-0.13819328,-0.25644928,0.10896628,-0.1477087,1025000.00463628,0.04017495,0.044422,0.0505604,-0.13590853,0.07775638,0.03338885,0.35331857,0.07815973,0.01934494,0.25866374,-0.04609469,-0.12025962,-0.07133264,-0.1467399,-0.11946892,-0.06497731,-0.0787648,-0.1605143,0.03543356,-0.14240836,-0.25840399,0.10156198,-0.14238255,1026000.00576145,0.04129966,0.04396433,0.04960819,-0.13326991,0.07724576,0.02388713,0.34858498,0.07579163,0.01490344,0.26997757,-0.05318807,-0.12115851,-0.08298813,-0.14757796,-0.11813471,-0.06669576,-0.08917005,-0.15979549,0.03609871,-0.13724743,-0.26105732,0.11294591,-0.14614552,1027000.00685929,0.04132549,0.04361584,0.05189757,-0.13621381,0.07808221,0.02958683,0.3523711,0.0754976,0.01364532,0.26404825,-0.05167706,-0.11936333,-0.07886092,-0.14778675,-0.11900236,-0.06296847,-0.08696666,-0.15886284,0.03930865,-0.14616144,-0.26064119,0.11235167,-0.13885444,1028000.01171995,0.04315117,0.04815818,0.0552677,-0.13769314,0.08150756,0.02298592,0.35182443,0.07469208,0.01217539,0.26574758,-0.05525723,-0.11606508,-0.08509542,-0.15046413,-0.11831473,-0.06501511,-0.08361692,-0.16141264,0.03627346,-0.14318839,-0.26050657,0.11253852,-0.14354952,1029000.00863392,0.04689069,0.04369556,0.05722097,-0.14250778,0.07952321,0.0258686,0.34916073,0.07585578,0.00956438,0.26158285,-0.05818125,-0.12092794,-0.0815654,-0.14898038,-0.11833089,-0.06711078,-0.08617075,-0.15995558,0.04266993,-0.14214249,-0.26066577,0.11555723,-0.14710853,1030000.00998663,0.05166866,0.04654499,0.05852091,-0.14203627,0.08714198,0.01774805,0.34876618,0.07595586,0.00739921,0.26241738,-0.05693524,-0.12636572,-0.08267181,-0.15422186,-0.11935888,-0.06409094,-0.09109523,-0.15678272,0.04064615,-0.14502829,-0.25990084,0.1164736,-0.14943048,1031000.01529448,0.04932301,0.04845391,0.05679467,-0.14119005,0.08231093,0.02058895,0.35090822,0.07590322,0.00558896,0.26380366,-0.05779166,-0.12768532,-0.08393911,-0.15141617,-0.11969812,-0.06277979,-0.09482851,-0.15808365,0.04186133,-0.14460635,-0.26018608,0.1120479,-0.14710991,1032000.00881821,0.04380031,0.04528285,0.05147756,-0.12360699,0.08225991,0.03395666,0.35098004,0.07734865,0.0186232,0.26453874,-0.05114725,-0.11412459,-0.08923975,-0.14871781,-0.1196541,-0.06099339,-0.08244045,-0.15622866,0.03970131,-0.13981679,-0.25943604,0.10764495,-0.14190184,1033000.00849384,0.04653938,0.04614193,0.05011962,-0.12482162,0.08578832,0.0361505,0.35351992,0.07760983,0.02059446,0.26990154,-0.04974288,-0.1121681,-0.08401213,-0.14809479,-0.11853771,-0.06162176,-0.08469271,-0.15816671,0.04281432,-0.14538634,-0.25802931,0.1092042,-0.1489514,1034000.01043732,0.04779513,0.04484856,0.04994379,-0.1295865,0.08383506,0.02300976,0.35469013,0.07660288,0.01476428,0.26727563,-0.05065806,-0.10706452,-0.08362415,-0.14968337,-0.12031212,-0.06003196,-0.08096755,-0.15702182,0.0426203,-0.14241172,-0.25858295,0.11945277,-0.14718534,1035000.00904965,0.04106008,0.04189348,0.04823392,-0.13225681,0.08374371,0.02547012,0.35432675,0.0761646,0.01343248,0.26722947,-0.05408223,-0.11312956,-0.08912751,-0.15100871,-0.12013,-0.06011468,-0.08769244,-0.15625167,0.04020891,-0.1402836,-0.26043341,0.1203612,-0.13895944,1036000.00664842,0.04051797,0.04627447,0.0521628,-0.13615519,0.0860022,0.02486729,0.35380146,0.07515507,0.01236292,0.26644564,-0.05611815,-0.12944476,-0.08406768,-0.14953378,-0.12076467,-0.05965319,-0.08210971,-0.15797427,0.04509782,-0.14118244,-0.26030773,0.11649432,-0.13871224,1037000.00923276,0.04326648,0.04678585,0.05297683,-0.13572334,0.08295803,0.02583611,0.35311085,0.07621919,0.00960491,0.26889893,-0.05719454,-0.12741356,-0.09225099,-0.1507566,-0.12106919,-0.05745105,-0.07994781,-0.15947321,0.03986267,-0.14089507,-0.26127493,0.11529877,-0.14351645,1038000.01076861,0.04841426,0.04885741,0.05619008,-0.13738073,0.08313031,0.01892701,0.35593054,0.07399534,0.00613579,0.26614806,-0.06017589,-0.11790781,-0.08680809,-0.15438324,-0.12154274,-0.06184332,-0.09183501,-0.16059674,0.03376728,-0.14772737,-0.26198795,0.11734995,-0.14139652,1039000.00909242,0.05261072,0.04426133,0.05611675,-0.13718545,0.08328412,0.01834164,0.35240057,0.07381107,0.00445101,0.25520179,-0.06232425,-0.12792198,-0.0916959,-0.15318252,-0.12210414,-0.05947336,-0.09161776,-0.15915368,0.03944938,-0.14173572,-0.26056764,0.11412288,-0.14548244,1040000.00861401,0.04311914,0.04458396,0.05088768,-0.13158603,0.07931501,0.02668852,0.35596511,0.07551955,0.01260677,0.25339946,-0.05543687,-0.12012774,-0.0904107,-0.15312529,-0.12052941,-0.06066416,-0.07046559,-0.16115168,0.04131528,-0.13870257,-0.2594147,0.11454005,-0.14421737,1041000.00728387,0.04061398,0.04503951,0.04931331,-0.12246611,0.07607695,0.03579387,0.35723379,0.07655565,0.01983783,0.26827019,-0.04914984,-0.11781229,-0.09296203,-0.14871392,-0.12061247,-0.06220578,-0.08069425,-0.15443543,0.03887415,-0.13834356,-0.25768426,0.10588887,-0.13819495,1042000.00546128,0.04183566,0.04347857,0.05145682,-0.12756778,0.0843531,0.03037841,0.35862607,0.07579163,0.01610834,0.26799205,-0.0535139,-0.11834422,-0.09496375,-0.14775674,-0.12080953,-0.05974046,-0.0747132,-0.15749417,0.0382859,-0.14793541,-0.25996447,0.1101933,-0.14124082,1043000.00883188,0.04148037,0.04584469,0.05004117,-0.12989469,0.08498423,0.02595899,0.35723224,0.07587057,0.01357008,0.25205895,-0.05775338,-0.13324794,-0.09081158,-0.14767735,-0.1217401,-0.05959986,-0.08443322,-0.1545403,0.03723365,-0.14791624,-0.25964963,0.11457304,-0.13316639,1044000.00929675,0.04439586,0.04683987,0.05100475,-0.13580567,0.08273449,0.01833613,0.35761368,0.07562374,0.01310044,0.2515415,-0.06206068,-0.12175865,-0.097987,-0.15299371,-0.12296428,-0.0622171,-0.08281967,-0.15791529,0.04477374,-0.13604158,-0.2604087,0.11384073,-0.13844213,1045000.00762829,0.0475268,0.04560318,0.05258486,-0.13834399,0.07797414,0.01828205,0.35962105,0.07552452,0.01074903,0.26619044,-0.05843568,-0.12241649,-0.09784631,-0.15313387,-0.12256428,-0.05917682,-0.0833041,-0.15825289,0.03431123,-0.13285248,-0.26192895,0.11015815,-0.14991076,1046000.01040229,0.04716427,0.04737743,0.05445965,-0.13638569,0.07739508,0.01841247,0.35862848,0.07280254,0.00672532,0.26172006,-0.0636364,-0.12490766,-0.09434965,-0.15175758,-0.12214021,-0.06036833,-0.08382043,-0.15751454,0.04292136,-0.14661808,-0.26082021,0.11190303,-0.13340874,1047000.00932487,0.04698776,0.04544167,0.05429621,-0.14073047,0.08304153,0.0170403,0.35802972,0.07112532,0.00576071,0.25362659,-0.06396513,-0.12615693,-0.1007015,-0.15378967,-0.12448531,-0.06067588,-0.08306757,-0.15796474,0.03761621,-0.14791417,-0.26076746,0.11460056,-0.12883426,1048000.00615213,0.04237628,0.04439534,0.05136271,-0.12911603,0.07847152,0.02396968,0.35526979,0.0748122,0.01758862,0.26146275,-0.05731079,-0.11763787,-0.10198715,-0.15469292,-0.12279313,-0.05849976,-0.08420785,-0.16211157,0.03691988,-0.13675462,-0.2614589,0.11514086,-0.13546577,1049000.01047978,0.03995164,0.04605957,0.04988424,-0.12594418,0.07869968,0.02688675,0.35935548,0.07415862,0.02004324,0.25986007,-0.05505579,-0.11484241,-0.09216717,-0.14858305,-0.12155915,-0.05516999,-0.09176438,-0.16110539,0.03652824,-0.13524121,-0.25907561,0.11590625,-0.14174727,1050000.01160712,0.04268888,0.04339632,0.05159505,-0.13128586,0.08307897,0.0255665,0.35612205,0.07527271,0.01623063,0.25605303,-0.05584845,-0.11576937,-0.09356745,-0.14741071,-0.12355425,-0.0554402,-0.07808611,-0.1611151,0.0337667,-0.14855304,-0.2603935,0.11790227,-0.14069515,1051000.00900013,0.04095029,0.04387988,0.05013053,-0.13430144,0.08260166,0.02088063,0.35364059,0.07240908,0.01474213,0.25559291,-0.05726497,-0.12959228,-0.10003199,-0.15179043,-0.12585331,-0.05445547,-0.08593125,-0.16406821,0.0406661,-0.14648788,-0.26182011,0.11385243,-0.14039209,1052000.00790163,0.04252062,0.04511639,0.0535909,-0.13436748,0.08096527,0.01966289,0.35720831,0.07171122,0.01359919,0.26021081,-0.05971859,-0.12844586,-0.10161785,-0.15358643,-0.12494243,-0.05797499,-0.09695543,-0.16269824,0.03582004,-0.14151575,-0.26193526,0.11432699,-0.14186779,1053000.00891604,0.04088489,0.03950306,0.05338058,-0.13879733,0.07738705,0.01775216,0.35590586,0.07264458,0.01096449,0.25367001,-0.05790565,-0.12381994,-0.09770107,-0.15518801,-0.12595819,-0.06109179,-0.08753647,-0.16292839,0.03815797,-0.1482787,-0.26131096,0.11175217,-0.13355514,1054000.00875438,0.04913285,0.04519596,0.05687735,-0.14148474,0.07631655,0.0220811,0.35564116,0.07157782,0.00865235,0.26259947,-0.05706361,-0.11795274,-0.10488223,-0.15511858,-0.1275183,-0.05926206,-0.08818919,-0.16315466,0.0366124,-0.1482908,-0.26070631,0.11833937,-0.14150925,1055000.00974727,0.04943707,0.04538754,0.05363974,-0.13953893,0.07955664,0.01557492,0.3556892,0.07022,0.01024967,0.26208135,-0.05857757,-0.13055316,-0.10301583,-0.15614846,-0.12573175,-0.0597156,-0.08768459,-0.16041888,0.03917122,-0.15054555,-0.26028201,0.11894308,-0.1376594,1056000.00605317,0.03957899,0.04146639,0.04582818,-0.12753673,0.07741719,0.02708161,0.35685003,0.07453074,0.02266138,0.26184043,-0.05173079,-0.12321412,-0.0924397,-0.15484247,-0.12607336,-0.05813663,-0.08422364,-0.1613631,0.03985713,-0.14281437,-0.26025057,0.11645967,-0.13665842,1057000.006819,0.04013912,0.04449873,0.04739992,-0.12704264,0.07762337,0.0251441,0.36049053,0.07302301,0.02224233,0.2677629,-0.05468244,-0.10664854,-0.09558769,-0.15301058,-0.12672053,-0.0583113,-0.08381349,-0.15897612,0.04064358,-0.14343546,-0.26010063,0.11007882,-0.13922159,1058000.00792958,0.03821562,0.04600224,0.04908012,-0.13820305,0.08078956,0.02333526,0.35986194,0.07197402,0.01802354,0.26727507,-0.05530873,-0.11769087,-0.09796759,-0.14706844,-0.12536192,-0.06364271,-0.08201876,-0.16236047,0.04283136,-0.1410712,-0.26149321,0.10827526,-0.13610069,1059000.00623275,0.04032402,0.04495176,0.04797004,-0.13597074,0.08039455,0.01788913,0.35695177,0.07160224,0.01587624,0.26482728,-0.05479847,-0.11927863,-0.10254395,-0.15106581,-0.12697218,-0.06205974,-0.08057133,-0.1651635,0.04502115,-0.13890067,-0.26146954,0.11343242,-0.13625747,1060000.00698652,0.04184041,0.04248043,0.04931572,-0.1433946,0.07957882,0.01480978,0.35874599,0.06922782,0.01349225,0.25760183,-0.06002161,-0.12462494,-0.1024779,-0.15109476,-0.12800376,-0.06192362,-0.09516827,-0.16201669,0.04275284,-0.1560327,-0.26211512,0.11787283,-0.1373761,1061000.01007095,0.04202308,0.04261399,0.05108322,-0.14459975,0.07634084,0.01404093,0.35871682,0.06947743,0.01101415,0.25406459,-0.05675678,-0.1214743,-0.09994271,-0.15253827,-0.1267879,-0.06541843,-0.08756661,-0.16833834,0.04470336,-0.14626609,-0.26200446,0.11474625,-0.13734077,1062000.00840126,0.04396279,0.04659503,0.05333224,-0.14490251,0.07905567,0.01768528,0.35849395,0.06852188,0.0093849,0.26150298,-0.05666137,-0.1159054,-0.10164693,-0.15582231,-0.12857462,-0.06537309,-0.08300298,-0.167432,0.03712054,-0.15044284,-0.26256675,0.11172777,-0.14145093,1063000.00805028,0.04235566,0.04705353,0.05025418,-0.1400961,0.07823635,0.01645725,0.35715023,0.06891686,0.01001982,0.26107755,-0.05595334,-0.12497125,-0.09954838,-0.15450786,-0.13051358,-0.0635759,-0.09847345,-0.16455206,0.043182,-0.15607959,-0.26243716,0.11803354,-0.13651165,1064000.00507374,0.03657157,0.03915355,0.04498422,-0.13057664,0.07564018,0.0186584,0.3564873,0.07242469,0.0231936,0.25708491,-0.0453322,-0.11235794,-0.10231286,-0.15266103,-0.12965755,-0.06697349,-0.09132355,-0.16762084,0.04371884,-0.14465715,-0.26066148,0.11264965,-0.13446747,1065000.00576145,0.03748618,0.04454703,0.04618151,-0.13581489,0.07931734,0.02234468,0.35929686,0.07068262,0.02132063,0.26589179,-0.04766901,-0.11765826,-0.10034342,-0.1512229,-0.12872006,-0.06835499,-0.09143002,-0.16423595,0.0386213,-0.1492608,-0.26119292,0.10958122,-0.14657713,1066000.00479706,0.03489875,0.04279341,0.04596548,-0.13970044,0.07712051,0.01739514,0.36314479,0.07153249,0.01703771,0.25566989,-0.05354244,-0.12473246,-0.10521137,-0.14604159,-0.12927166,-0.06831177,-0.08145011,-0.16579172,0.0361111,-0.15484372,-0.26400903,0.1145227,-0.14355342,1067000.0047749,0.03942116,0.04424746,0.04674161,-0.14262265,0.07804755,0.01584122,0.36132136,0.07091974,0.01556287,0.26360491,-0.0570905,-0.11274982,-0.10468341,-0.15104233,-0.12962769,-0.06907132,-0.09805105,-0.16674134,0.04113865,-0.15013701,-0.26449022,0.11840672,-0.14322686,1068000.00544537,0.03847695,0.04343936,0.04805867,-0.14501426,0.07882799,0.01347738,0.36052972,0.06950141,0.01359951,0.25519723,-0.05687665,-0.11966813,-0.0956001,-0.15166883,-0.13112034,-0.07051285,-0.08952855,-0.16830838,0.04023778,-0.15324186,-0.26599383,0.11652373,-0.14450416,1069000.00625463,0.04213268,0.04292684,0.04849032,-0.14998177,0.0754509,0.01221508,0.35979411,0.06980573,0.01143288,0.26698065,-0.05656788,-0.12845424,-0.10623093,-0.15144537,-0.12998708,-0.06882226,-0.08854122,-0.16886181,0.03953781,-0.1441689,-0.26487154,0.11997985,-0.14221074,1070000.00633218,0.04286228,0.04718161,0.05106444,-0.15248272,0.07886607,0.01558622,0.36415812,0.06876044,0.00885097,0.26129118,-0.06082826,-0.12148657,-0.1048791,-0.15395579,-0.13177179,-0.07217665,-0.09709882,-0.17423967,0.04304594,-0.15844139,-0.26582146,0.11605062,-0.13838322,1071000.00747968,0.04238714,0.04731854,0.05141565,-0.15129565,0.07824878,0.01815361,0.36307302,0.06826304,0.00813949,0.2585358,-0.05831987,-0.11320352,-0.09885672,-0.15239958,-0.1336156,-0.06841222,-0.10238606,-0.17103535,0.04707134,-0.15119593,-0.26535946,0.11611705,-0.14069113,1072000.00652429,0.03606639,0.04376937,0.04431734,-0.14014804,0.07947762,0.01879618,0.36187941,0.07187667,0.01756418,0.24927674,-0.04986001,-0.11699216,-0.1035598,-0.14834177,-0.13215189,-0.06789347,-0.09165667,-0.16980377,0.03893842,-0.14132246,-0.26449895,0.10740865,-0.1412586,1073000.00303537,0.03308405,0.04591839,0.04366795,-0.13740139,0.08512698,0.02300899,0.36255822,0.07202625,0.02268097,0.25738421,-0.04599817,-0.11367281,-0.10017001,-0.14923187,-0.13006087,-0.06417879,-0.08976428,-0.17062366,0.04095357,-0.14911835,-0.26275432,0.10824963,-0.14651607,1074000.00643759,0.03618715,0.04456495,0.04365663,-0.14529771,0.07990517,0.016398,0.36673626,0.07224118,0.01882772,0.25792471,-0.04516654,-0.12740901,-0.1088662,-0.14643908,-0.13122782,-0.06593934,-0.09929827,-0.17168057,0.03368622,-0.1575084,-0.26392856,0.11696099,-0.14331768,1075000.00482479,0.03442646,0.03910458,0.0425375,-0.14796814,0.08003829,0.01901494,0.36653146,0.0721645,0.01711979,0.26067278,-0.05091496,-0.1300648,-0.10162198,-0.14966713,-0.13335402,-0.06937471,-0.10036609,-0.16864397,0.04018166,-0.1543273,-0.26720282,0.1171348,-0.13503623,1076000.00607169,0.03626588,0.04246366,0.04559219,-0.14749745,0.08039455,0.01802944,0.36456311,0.06995092,0.01661068,0.25824267,-0.04950643,-0.11820601,-0.10302974,-0.14672914,-0.13423364,-0.07067303,-0.09655613,-0.17253546,0.04198534,-0.15842973,-0.26797074,0.1139271,-0.13926129,1077000.00679736,0.03770124,0.04233318,0.04840261,-0.15088457,0.0775065,0.01428003,0.36342153,0.07003503,0.01375733,0.25414893,-0.05278559,-0.12248757,-0.10365117,-0.14734508,-0.13296258,-0.07251427,-0.09722038,-0.17544352,0.04080396,-0.15414087,-0.26908487,0.1111329,-0.14513195,1078000.00828278,0.03564432,0.04114856,0.0505149,-0.15526664,0.07832441,0.01592892,0.36672345,0.07168537,0.01115509,0.26197881,-0.05365646,-0.12620729,-0.10240357,-0.15375103,-0.13247699,-0.07663456,-0.10684946,-0.17490159,0.04073505,-0.15227334,-0.2689459,0.11740977,-0.14511728,1079000.00952912,0.03675739,0.04408315,0.05131859,-0.1545027,0.08067308,0.01382603,0.36593044,0.07073019,0.00833779,0.25809667,-0.05621897,-0.12473998,-0.10200076,-0.15157838,-0.13379587,-0.07316124,-0.09786364,-0.17467588,0.03739418,-0.15569511,-0.26727715,0.12075827,-0.13703074,1080000.00615213,0.03572056,0.04102365,0.04329743,-0.14168382,0.07904695,0.02070387,0.3638576,0.07130654,0.01676867,0.26199949,-0.04855175,-0.1184106,-0.09834905,-0.14760941,-0.13324466,-0.07197598,-0.100091,-0.17331815,0.03531557,-0.14830378,-0.26686817,0.12109449,-0.14301479,1081000.00540556,0.03137134,0.04212392,0.0397952,-0.13851406,0.07802216,0.02874199,0.3631258,0.07614945,0.02475168,0.26818445,-0.04356284,-0.119264,-0.09845585,-0.14834157,-0.13135238,-0.06764662,-0.08230659,-0.1743166,0.03841176,-0.15024742,-0.26608434,0.11095991,-0.13906711,1082000.00520094,0.03582798,0.04160617,0.0446992,-0.14294268,0.07951044,0.02063441,0.3632471,0.07393063,0.02184903,0.26669422,-0.04938218,-0.12267004,-0.09924953,-0.14722912,-0.13209003,-0.06995353,-0.08974348,-0.17694663,0.03943312,-0.16473813,-0.26643384,0.11593793,-0.1405901,1083000.00446967,0.03493674,0.04429779,0.04600522,-0.14565991,0.0804932,0.02424117,0.36282012,0.07297709,0.01857699,0.26135951,-0.04620139,-0.11705791,-0.09109353,-0.14813921,-0.133797,-0.07209805,-0.08533499,-0.17515606,0.04005051,-0.16572754,-0.26846167,0.11266863,-0.13793477,1084000.0033731,0.03182293,0.04429779,0.04750802,-0.14350218,0.07883617,0.02338745,0.36358827,0.07451417,0.0173253,0.25667128,-0.04962391,-0.11927337,-0.09244101,-0.14690907,-0.1353492,-0.06530291,-0.09234415,-0.17504713,0.0420877,-0.16308935,-0.26929352,0.11814275,-0.14495918,1085000.00624235,0.03620925,0.04295303,0.04989504,-0.14879373,0.07818311,0.01630689,0.36497572,0.07316557,0.01633115,0.25201932,-0.05170644,-0.12421072,-0.09190686,-0.15008725,-0.13418671,-0.06909949,-0.09694773,-0.17646462,0.03602076,-0.16603149,-0.26863909,0.1086968,-0.14028813,1086000.00812118,0.04242266,0.04602414,0.05150539,-0.15230843,0.07441173,0.02187257,0.36466748,0.07369208,0.01302497,0.25922045,-0.05679338,-0.12423404,-0.09838218,-0.15274036,-0.13498676,-0.06913531,-0.10365527,-0.17590064,0.0337416,-0.16337708,-0.26926458,0.11556956,-0.1549817,1087000.00798085,0.04056683,0.04481258,0.05269985,-0.1504467,0.07577743,0.01664232,0.36582124,0.07320245,0.01232514,0.26170722,-0.05148213,-0.12004727,-0.09729051,-0.15297265,-0.13508061,-0.07353923,-0.10022854,-0.17916594,0.03636743,-0.16225465,-0.26906487,0.11914679,-0.15139163,1088000.00482928,0.03341592,0.04051673,0.04760426,-0.13483801,0.07797075,0.02447996,0.36457238,0.07313661,0.02214878,0.26128274,-0.04732816,-0.12311914,-0.09456334,-0.14863068,-0.13338935,-0.07380138,-0.1054097,-0.17618831,0.04181716,-0.1587519,-0.26646566,0.11706094,-0.15418117,1089000.00340082,0.03127654,0.04465252,0.04740022,-0.13554253,0.08159611,0.03429018,0.36495146,0.07915222,0.02759251,0.26630196,-0.04485695,-0.13508929,-0.09079534,-0.15117592,-0.13220876,-0.07147579,-0.09332203,-0.17667401,0.04175321,-0.1635827,-0.2656343,0.11749744,-0.14770339,1090000.00543342,0.03729518,0.04268364,0.04618213,-0.13867588,0.08108141,0.02654117,0.36622775,0.07717256,0.02296487,0.26728779,-0.04485859,-0.1278998,-0.0863995,-0.14727041,-0.13414805,-0.06674019,-0.09586534,-0.17599191,0.0412389,-0.15816583,-0.26617369,0.11857557,-0.14603944,1091000.00671357,0.03792021,0.04147293,0.04763552,-0.14079608,0.08206496,0.02717376,0.36431986,0.07757728,0.0211523,0.26547325,-0.04981319,-0.12351817,-0.08887487,-0.14757729,-0.13501549,-0.07009738,-0.09881252,-0.17415455,0.03762514,-0.15383443,-0.26741606,0.11000296,-0.14706914,1092000.00397107,0.0380807,0.04282204,0.04627033,-0.14066271,0.07760379,0.02652499,0.36719522,0.07883763,0.0204774,0.26485872,-0.045774,-0.12519203,-0.09476183,-0.14489885,-0.13223968,-0.07053506,-0.10352895,-0.18325002,0.03763497,-0.15562299,-0.26743445,0.1111372,-0.14303435,1093000.00498421,0.03770748,0.0407519,0.04876414,-0.14200638,0.07203881,0.02043853,0.36618495,0.07577842,0.01782831,0.27079999,-0.0515657,-0.13035566,-0.09384704,-0.15159042,-0.13448273,-0.07411692,-0.08780251,-0.1775023,0.03109716,-0.15844502,-0.26623753,0.1179752,-0.14305145,1094000.00644683,0.03956928,0.04403486,0.05146413,-0.14822987,0.07434551,0.02591006,0.36634031,0.07508808,0.01370922,0.25864857,-0.05437949,-0.13189518,-0.0921464,-0.15002955,-0.13366775,-0.0697841,-0.09557974,-0.17680325,0.03488541,-0.15459973,-0.26620802,0.11371411,-0.14690994,1095000.00807828,0.04452258,0.04325334,0.04831762,-0.14406645,0.08188481,0.02122767,0.36618942,0.08064524,0.01091822,0.26621863,-0.04359652,-0.12559861,-0.09138419,-0.15262935,-0.13463825,-0.07165258,-0.10383937,-0.17720017,0.04449617,-0.15947568,-0.26583159,0.11304851,-0.15127276,1096000.00443591,0.03881121,0.04066801,0.02699738,-0.12785408,0.07859131,0.02147571,0.36449769,0.0808415,0.02174322,0.27746856,-0.03582668,-0.12297885,-0.09918933,-0.14679091,-0.1310975,-0.07033755,-0.09473847,-0.17576401,0.04140332,-0.15245773,-0.26215178,0.10250413,-0.1521837,1097000.00110366,0.03626188,0.03918901,0.0210392,-0.12309425,0.07786406,0.02033784,0.36871141,0.07986948,0.02877619,0.27818796,-0.03644217,-0.12436345,-0.09039868,-0.14391826,-0.12937237,-0.06613292,-0.08554002,-0.17430848,0.04259406,-0.15019128,-0.25901976,0.10733581,-0.13203436,1098000.00331764,0.03682425,0.03859552,0.02707714,-0.12858513,0.07368293,0.02033419,0.36858907,0.07790103,0.02425134,0.28041634,-0.04040489,-0.1295699,-0.08886694,-0.14692655,-0.13222897,-0.06622075,-0.09424289,-0.17144275,0.03992195,-0.14956559,-0.25884283,0.1045313,-0.14808427,1099000.00071093,0.03881099,0.04153064,0.03036978,-0.12952667,0.07360373,0.01944605,0.3698684,0.07583557,0.02235485,0.27476907,-0.04525769,-0.13164647,-0.08720711,-0.15158707,-0.13208684,-0.07269707,-0.08687638,-0.17273204,0.03659851,-0.15445343,-0.26003247,0.10940863,-0.14336754,1100000.00359975,0.04260571,0.04164037,0.0326737,-0.13637859,0.08094399,0.02523085,0.37295544,0.07710721,0.02120288,0.27072367,-0.05577684,-0.13073502,-0.0921319,-0.15065578,-0.13164127,-0.07207332,-0.10052686,-0.17614844,0.04277037,-0.16063842,-0.26064944,0.11525297,-0.1421591,1101000.00688349,0.04428438,0.0421525,0.03993792,-0.13779235,0.0776398,0.02036716,0.36958817,0.07682829,0.0177947,0.27813059,-0.05508484,-0.12748495,-0.09109722,-0.15248048,-0.13348871,-0.07182624,-0.09817586,-0.17398137,0.0410906,-0.15409769,-0.26122761,0.11163868,-0.14354293,1102000.00667919,0.04493372,0.04519454,0.04220895,-0.14290689,0.08025287,0.02192396,0.36921918,0.07600138,0.01297244,0.28182995,-0.05207294,-0.12708995,-0.08600084,-0.1585526,-0.1343791,-0.06965154,-0.09561011,-0.17475517,0.03887109,-0.15902525,-0.26113096,0.11321959,-0.1388271,1103000.00641237,0.04292579,0.04694513,0.04308869,-0.1427847,0.08884353,0.01919001,0.36973795,0.07637621,0.01094702,0.2786572,-0.05394685,-0.13233466,-0.09572159,-0.15876499,-0.13266201,-0.06981482,-0.09151869,-0.17657599,0.03465914,-0.15930358,-0.26117349,0.11560632,-0.13641296,1104000.0067994,0.04132549,0.04471464,0.04169812,-0.13212121,0.08445559,0.02582859,0.3673228,0.07832311,0.01751573,0.28043705,-0.0490904,-0.11573704,-0.09709734,-0.15420505,-0.13331468,-0.06971847,-0.10635055,-0.17333251,0.03866905,-0.15829584,-0.25981009,0.11641688,-0.14212589,1105000.00268061,0.03937795,0.04234496,0.03612253,-0.12294167,0.08285924,0.03264327,0.37288013,0.0813932,0.02649326,0.27987385,-0.05079438,-0.12083833,-0.0847841,-0.15057638,-0.12997591,-0.07090575,-0.09550167,-0.1736564,0.04540259,-0.14953627,-0.2575416,0.11888374,-0.14326802,1106000.0036772,0.04131207,0.04201908,0.03837047,-0.1256306,0.08161402,0.02681679,0.37632465,0.07859679,0.02398088,0.28392908,-0.05257962,-0.12072901,-0.08693223,-0.15198699,-0.12903705,-0.07055385,-0.08812343,-0.17463544,0.0484875,-0.15587083,-0.25601783,0.11958235,-0.14442036,1107000.00312917,0.03905801,0.03890022,0.03989836,-0.13350809,0.08139939,0.02426853,0.36921835,0.07767405,0.02009961,0.27812669,-0.0552791,-0.1261946,-0.08454613,-0.1515671,-0.1315406,-0.07202338,-0.09376529,-0.1747665,0.04315036,-0.15160865,-0.25783816,0.1205762,-0.14339483,1108000.0044298,0.04040084,0.04287903,0.04175895,-0.13387351,0.08123618,0.02655836,0.3708829,0.07756178,0.0183432,0.28641975,-0.05629504,-0.11540405,-0.08418671,-0.15325487,-0.13098297,-0.070971,-0.09930597,-0.1735619,0.04661432,-0.16112852,-0.25775409,0.10801853,-0.14201356,1109000.00609617,0.04315907,0.04408948,0.04193524,-0.13502006,0.07822697,0.02077655,0.37172648,0.07653763,0.01579248,0.29038006,-0.05658894,-0.11250132,-0.08240279,-0.15802667,-0.13141774,-0.0755877,-0.10205715,-0.17221756,0.0394518,-0.15428992,-0.25798088,0.11044539,-0.13913037,1110000.00705962,0.04691355,0.04688851,0.04313934,-0.13816413,0.08270996,0.02034978,0.36872232,0.07555159,0.01150762,0.29418239,-0.06273384,-0.1375301,-0.08773162,-0.15616444,-0.13219149,-0.07203165,-0.09576251,-0.17615041,0.04050768,-0.15510185,-0.2573975,0.11313836,-0.14084013,1111000.00878301,0.04647299,0.0461109,0.048242,-0.13860996,0.07922244,0.02123812,0.37102056,0.07430039,0.00873891,0.29416779,-0.06275325,-0.1334908,-0.08478516,-0.1579302,-0.13271305,-0.07232305,-0.09057713,-0.17917232,0.04004065,-0.16190904,-0.25748011,0.11182494,-0.14290057,1112000.00545056,0.04438147,0.04570882,0.04627822,-0.13795063,0.08271341,0.01968033,0.36994827,0.07564886,0.01008257,0.30503032,-0.06022853,-0.1194853,-0.08945785,-0.1619245,-0.13288797,-0.07000905,-0.10532644,-0.17688216,0.04161905,-0.15351188,-0.25740749,0.10959615,-0.1358539,1113000.00715123,0.03739655,0.03878017,0.03819724,-0.12569852,0.0795054,0.02961542,0.37038797,0.07966964,0.02151171,0.306546,-0.05413667,-0.11146116,-0.08296401,-0.15336491,-0.13032457,-0.0681137,-0.09543137,-0.17579825,0.03673866,-0.15129843,-0.25493598,0.11201089,-0.13787638,1114000.00671524,0.03800459,0.04186356,0.03904779,-0.1244517,0.0776398,0.02935098,0.37302288,0.07861598,0.02213498,0.30265516,-0.05048442,-0.12950461,-0.08176786,-0.15146333,-0.13084027,-0.06823233,-0.08391554,-0.17490564,0.03824573,-0.15999188,-0.25347653,0.10861577,-0.13831376,1115000.0051544,0.04185119,0.04438853,0.04066211,-0.13166507,0.08169144,0.0175985,0.37393206,0.07816174,0.01888829,0.30611369,-0.05411183,-0.12530142,-0.0740025,-0.15760437,-0.13255738,-0.06604028,-0.09031194,-0.17568533,0.03975718,-0.15273285,-0.25497925,0.11251432,-0.14185993,1116000.00705962,0.04099819,0.04199706,0.04116104,-0.13487773,0.08439071,0.0197416,0.37205783,0.07472535,0.01726005,0.30443016,-0.06196537,-0.12225539,-0.07906295,-0.15539287,-0.13295753,-0.0701464,-0.1026104,-0.17463683,0.0420114,-0.15322973,-0.25573477,0.11180077,-0.1382236,1117000.00856472,0.04163489,0.04326104,0.04279486,-0.13668723,0.08070797,0.02100304,0.37204796,0.07425393,0.01479822,0.30374306,-0.06293224,-0.12565643,-0.08794855,-0.15518193,-0.13277853,-0.07169563,-0.09317838,-0.17363368,0.04195817,-0.15985774,-0.25624669,0.11061345,-0.14179276,1118000.00616012,0.04385756,0.04436485,0.04519142,-0.14063552,0.0839221,0.01734795,0.37153363,0.07336881,0.01248717,0.3013168,-0.06282583,-0.12467108,-0.08358376,-0.15732002,-0.13109046,-0.06999873,-0.08685757,-0.17214079,0.03783248,-0.15961075,-0.25598276,0.11039272,-0.13594608,1119000.0121597,0.04549135,0.04627447,0.04626657,-0.14611635,0.0851648,0.01965623,0.36886713,0.07390787,0.00976779,0.31193483,-0.06486898,-0.12739719,-0.08541907,-0.16153105,-0.13359483,-0.06862037,-0.09261619,-0.17512715,0.04165758,-0.1624632,-0.25556639,0.11224981,-0.13710564,1120000.01016739,0.04329101,0.0444744,0.04610484,-0.13901743,0.08511668,0.01842759,0.36949512,0.07415534,0.00862681,0.29905015,-0.06414682,-0.12207314,-0.07917058,-0.15935232,-0.1328546,-0.06904962,-0.10534554,-0.17227344,0.0417388,-0.15473193,-0.25562641,0.11134839,-0.14031225,1121000.00867621,0.04186814,0.04211221,0.04135361,-0.12963243,0.083449,0.03363216,0.37141785,0.07665111,0.0206289,0.29871038,-0.06132411,-0.12434846,-0.08471362,-0.15256569,-0.13133223,-0.06442858,-0.09308851,-0.17221721,0.04360268,-0.15385495,-0.25292528,0.10586846,-0.14288707,1122000.00753781,0.04039061,0.04310242,0.04297012,-0.12724009,0.08458763,0.02779168,0.36815688,0.07383393,0.02246839,0.31248918,-0.05835622,-0.12419468,-0.08810815,-0.15546456,-0.12991139,-0.06655745,-0.08376878,-0.17196277,0.04098784,-0.14720322,-0.25291935,0.11265191,-0.14553495,1123000.0058159,0.04409897,0.04858826,0.0450166,-0.13000788,0.07839519,0.02548175,0.37194684,0.07380173,0.0163473,0.30648378,-0.06354586,-0.1208837,-0.08212989,-0.15673904,-0.13213849,-0.06059926,-0.09982765,-0.16838709,0.04531805,-0.15518317,-0.25487709,0.11060222,-0.14208768,1124000.0088666,0.04180988,0.04562984,0.04333116,-0.13226058,0.08425201,0.02275465,0.37289825,0.07524007,0.01643486,0.30818021,-0.06184399,-0.1250425,-0.08541416,-0.15621452,-0.13261676,-0.06090859,-0.08739649,-0.16955169,0.04188136,-0.15602702,-0.25463343,0.10664928,-0.13950063,1125000.01021627,0.04343798,0.04313027,0.04615855,-0.14019841,0.08685727,0.0201114,0.37168393,0.07487476,0.01566735,0.30790478,-0.064745,-0.12633955,-0.07877593,-0.15537134,-0.13400359,-0.06580624,-0.1041352,-0.17331676,0.03598026,-0.15646458,-0.25349641,0.10832696,-0.14175588,1126000.01285513,0.04701125,0.04651681,0.04731132,-0.14031877,0.08349594,0.01794836,0.36984783,0.07465417,0.01193297,0.30932733,-0.06473268,-0.11337348,-0.08391451,-0.16191438,-0.13326849,-0.06307002,-0.09822535,-0.17216027,0.04290425,-0.16167916,-0.25431949,0.11350649,-0.14045191,1127000.01322125,0.04651392,0.04850773,0.0501394,-0.14493889,0.08627661,0.01843463,0.36746588,0.0763972,0.00921465,0.30767277,-0.06453124,-0.11685827,-0.08079886,-0.16353625,-0.13288143,-0.06147462,-0.10122092,-0.17361909,0.03734726,-0.16215494,-0.25425106,0.11677079,-0.14159529,1128000.01410812,0.04367894,0.04759344,0.0500052,-0.14617063,0.08732587,0.02005127,0.36747035,0.07529049,0.00778604,0.30796155,-0.06035947,-0.1282367,-0.08758795,-0.16380091,-0.13411577,-0.06100979,-0.09795984,-0.17276105,0.04389265,-0.15127657,-0.25437728,0.1077515,-0.13519366,1129000.00764932,0.03842718,0.04622285,0.04405386,-0.13040599,0.0840473,0.02501228,0.36911851,0.07582194,0.01958557,0.31648487,-0.05436194,-0.12438478,-0.09074857,-0.15537359,-0.13332522,-0.05938313,-0.09300227,-0.17417137,0.04458151,-0.15625438,-0.25311098,0.1077515,-0.135002,1130000.00783958,0.04254643,0.04337468,0.04121626,-0.12595412,0.08433341,0.03115544,0.37276673,0.07689612,0.02666132,0.32101834,-0.05202442,-0.11900408,-0.08728763,-0.15389174,-0.13284272,-0.05801007,-0.08375436,-0.17392085,0.03807715,-0.15159887,-0.25227031,0.11070225,-0.14040999,1131000.00677863,0.04699189,0.0437752,0.04302634,-0.12909566,0.08549331,0.02972797,0.37148264,0.07686097,0.02206677,0.3267335,-0.05253319,-0.11618903,-0.09078676,-0.15425,-0.13320573,-0.05801906,-0.0903618,-0.172941,0.04112703,-0.15676096,-0.25231278,0.11066179,-0.14086999,1132000.01026015,0.04332919,0.04522688,0.04462191,-0.12907106,0.08472001,0.02630672,0.36892191,0.07614546,0.01941986,0.31592461,-0.05323666,-0.11329755,-0.09219914,-0.15608968,-0.13446498,-0.06095526,-0.08709536,-0.17429674,0.04744836,-0.16102032,-0.25451264,0.11052424,-0.14183091,1133000.0126601,0.04497797,0.04487723,0.04647083,-0.13518322,0.08607323,0.02343013,0.3704378,0.07774065,0.01813859,0.30888036,-0.05665886,-0.1134047,-0.09088893,-0.15976317,-0.13327551,-0.05644934,-0.0871522,-0.17137296,0.04901403,-0.15040801,-0.25466156,0.11165006,-0.13991043,1134000.01227751,0.04575475,0.04683987,0.0494977,-0.1386337,0.08818202,0.02152351,0.37148327,0.0783592,0.01644699,0.31457186,-0.05981723,-0.11273164,-0.09182207,-0.15552714,-0.13490355,-0.0565942,-0.0986197,-0.17421803,0.0419992,-0.16357274,-0.25592211,0.11161993,-0.14025499,1135000.01621998,0.05032318,0.0473239,0.05242271,-0.13866289,0.08598176,0.02489582,0.37268445,0.075061,0.01273829,0.312361,-0.05701581,-0.11313502,-0.09391531,-0.15521291,-0.13581321,-0.05518944,-0.09220043,-0.17462207,0.04622573,-0.15576561,-0.25594178,0.11722779,-0.14137204,1136000.01546745,0.05005978,0.0502027,0.05234839,-0.1420736,0.09243861,0.02212303,0.37163389,0.07422467,0.01021249,0.31330681,-0.05801725,-0.1176419,-0.09402833,-0.15614571,-0.13668109,-0.05707761,-0.0832225,-0.17255506,0.04085956,-0.15710145,-0.25541162,0.11419838,-0.14297816,1137000.01376188,0.04793179,0.04557797,0.04954193,-0.13660334,0.08852463,0.02086314,0.37288806,0.07670695,0.01227271,0.31034759,-0.0546471,-0.10468701,-0.0929494,-0.15517992,-0.13471459,-0.05123987,-0.09152442,-0.1748687,0.04155818,-0.15603033,-0.255723,0.10967261,-0.14522105,1138000.010448,0.04194529,0.04055789,0.04557682,-0.12542708,0.08774797,0.03383842,0.37163797,0.07960966,0.02552832,0.31395572,-0.0446875,-0.10433299,-0.0878249,-0.15216382,-0.13405435,-0.05443464,-0.09932029,-0.172116,0.04603326,-0.15361942,-0.25460002,0.11511917,-0.1423052,1139000.01090701,0.04519922,0.04568392,0.0444099,-0.12582499,0.08332691,0.02932894,0.37348053,0.08021919,0.0245183,0.31554067,-0.04178601,-0.10075723,-0.08625815,-0.1550757,-0.13302268,-0.04796274,-0.08514532,-0.17197603,0.04488457,-0.15560512,-0.25436258,0.1154314,-0.14134355,1140000.00950008,0.04432541,0.04869587,0.04453649,-0.12905838,0.0845561,0.03276514,0.37605888,0.07797686,0.02126238,0.31495792,-0.04783508,-0.10207415,-0.08983662,-0.15223975,-0.13505717,-0.04484001,-0.07800572,-0.17334895,0.04216686,-0.15925255,-0.2548556,0.10525208,-0.13967256,1141000.01355546,0.04590464,0.04918001,0.04737706,-0.13045958,0.0874585,0.02418392,0.37872118,0.07672804,0.01978366,0.31833756,-0.04657225,-0.11003722,-0.08900739,-0.15217398,-0.13460107,-0.05072366,-0.08198967,-0.17375754,0.04364215,-0.15386911,-0.25744227,0.11291632,-0.14087056,1142000.0127659,0.04713949,0.04552059,0.04925795,-0.13558468,0.08678554,0.02424996,0.37630525,0.07760462,0.01837109,0.32422233,-0.04799269,-0.11179974,-0.0888005,-0.15420909,-0.13708808,-0.05329149,-0.08278473,-0.17389372,0.04656702,-0.16242816,-0.25820807,0.11708361,-0.12817867,1143000.01504128,0.04711699,0.04896474,0.05042405,-0.13803156,0.08585913,0.01938272,0.37668002,0.07616916,0.01423734,0.3164264,-0.05171805,-0.10701878,-0.08891095,-0.15315478,-0.13463825,-0.0530761,-0.08475307,-0.17141452,0.04776351,-0.16334422,-0.25938576,0.11154596,-0.13592364,1144000.01386473,0.05154925,0.04896517,0.05460917,-0.13734141,0.09257437,0.02413958,0.37640369,0.07554467,0.01231962,0.31774151,-0.04980708,-0.10618211,-0.09563299,-0.15089513,-0.13523374,-0.05169449,-0.07937071,-0.17487749,0.05172193,-0.15854615,-0.2602098,0.11756803,-0.13665928,1145000.01453168,0.052223,0.05106457,0.05425645,-0.14318304,0.09575247,0.02046595,0.37537494,0.07707415,0.01063278,0.3271468,-0.04798909,-0.10610158,-0.08871293,-0.15812235,-0.13568886,-0.05027105,-0.08379307,-0.1741337,0.04916189,-0.15524317,-0.26017043,0.12425107,-0.13539191,1146000.01505254,0.04904202,0.0483464,0.05349702,-0.1342369,0.09189594,0.02385452,0.37763399,0.07748261,0.01286073,0.31811565,-0.04453946,-0.11215426,-0.09128474,-0.15079628,-0.13727444,-0.04991306,-0.07792273,-0.17454742,0.04752892,-0.15936403,-0.25970295,0.11823998,-0.14166254,1147000.01170825,0.04489022,0.04598059,0.04702917,-0.12495326,0.08660182,0.02901186,0.378443,0.08241754,0.02567119,0.31527153,-0.03901315,-0.10874768,-0.08725332,-0.14914124,-0.13302863,-0.0477457,-0.08984338,-0.17151037,0.04760052,-0.14578716,-0.25798577,0.11226849,-0.13349254,1148000.0113014,0.04798945,0.05238554,0.04591016,-0.12471832,0.08611351,0.03246358,0.38282835,0.08118699,0.02565814,0.32487357,-0.04018926,-0.09731235,-0.08046468,-0.14770293,-0.13347277,-0.04829209,-0.08658884,-0.17082182,0.05257597,-0.15748221,-0.2562812,0.11412288,-0.13169563,1149000.01421091,0.04871976,0.04904462,0.04895093,-0.12383021,0.0872623,0.02797573,0.37797102,0.07955842,0.02129418,0.31517363,-0.03475073,-0.10208602,-0.0887186,-0.14806332,-0.13550547,-0.0441659,-0.08145385,-0.16873649,0.05153653,-0.15498467,-0.25808623,0.11148249,-0.13641079,1150000.01419064,0.04950214,0.04767114,0.04890264,-0.13159922,0.08338068,0.02422729,0.37976596,0.08085288,0.02031969,0.32523525,-0.04037873,-0.09912246,-0.08576506,-0.14547183,-0.13476896,-0.04813604,-0.07960013,-0.17388473,0.04540799,-0.15204419,-0.25925347,0.11582723,-0.13500029,1151000.01316876,0.04932211,0.0480221,0.04881278,-0.13038661,0.08458086,0.02581675,0.38230968,0.08061078,0.01836654,0.32751447,-0.03739039,-0.10322752,-0.08249896,-0.14534388,-0.13246709,-0.0428424,-0.07465918,-0.17407054,0.0447386,-0.15266758,-0.25992045,0.11127157,-0.14043789,1152000.01323795,0.0528103,0.04853257,0.05060496,-0.13373026,0.08762152,0.02783169,0.38310793,0.07956786,0.01612712,0.32889378,-0.03895731,-0.1073444,-0.08099718,-0.14505827,-0.1352932,-0.04560871,-0.07800551,-0.17516771,0.05165107,-0.15860717,-0.26124555,0.11219923,-0.13060755,1153000.01587152,0.05471041,0.05103803,0.05263115,-0.13527669,0.09152657,0.02193151,0.38005432,0.07919518,0.01412867,0.31610674,-0.04181433,-0.10773355,-0.08601031,-0.14973094,-0.13492382,-0.04314143,-0.08598021,-0.17627539,0.05330493,-0.15332554,-0.261381,0.1146322,-0.13558389,1154000.01838054,0.05397274,0.05386808,0.05509421,-0.13645108,0.09534389,0.02159299,0.37903628,0.07897031,0.01218491,0.32618418,-0.03655107,-0.10612874,-0.08999594,-0.15132923,-0.13512722,-0.04225937,-0.07627112,-0.17832939,0.04526623,-0.15865974,-0.26083606,0.11768671,-0.13987169,1155000.01279801,0.0517827,0.04788882,0.05217157,-0.12895103,0.09245386,0.02828805,0.38272032,0.08015169,0.01687938,0.32538527,-0.03742345,-0.11425625,-0.08754486,-0.14995886,-0.13340247,-0.04086278,-0.07668518,-0.1711515,0.04109666,-0.14685097,-0.26168051,0.11967696,-0.14236638,1156000.01236305,0.0435387,0.04778126,0.04750337,-0.12254626,0.08689757,0.02837424,0.38250598,0.08282571,0.02765334,0.32784218,-0.02532291,-0.10888181,-0.08398647,-0.15009119,-0.13153832,-0.04119078,-0.08384383,-0.16637741,0.04754308,-0.1481511,-0.25906664,0.11185034,-0.13828488,1157000.01360425,0.04931751,0.05041812,0.04951023,-0.12176554,0.08843464,0.03129292,0.38489449,0.08425406,0.02659456,0.32482529,-0.02763459,-0.09925217,-0.0796115,-0.14597985,-0.13220614,-0.03534111,-0.08486111,-0.17092381,0.04505758,-0.14656422,-0.2593677,0.11416754,-0.13941072,1158000.01347813,0.0523776,0.04694513,0.04907739,-0.12179378,0.08289052,0.03059081,0.38278276,0.08119339,0.02311625,0.33330092,-0.02958079,-0.10519491,-0.07743277,-0.14731604,-0.13419245,-0.03883946,-0.06798223,-0.16966005,0.05080408,-0.15140635,-0.26083055,0.11413015,-0.13670684,1159000.01279438,0.05143648,0.04699934,0.05190493,-0.12625523,0.08757745,0.03020617,0.3843087,0.08143473,0.02286926,0.33240342,-0.02770041,-0.10796983,-0.08672199,-0.14907548,-0.13269767,-0.04197402,-0.0725801,-0.17054006,0.04955899,-0.1547913,-0.2614018,0.11744928,-0.13704811,1160000.01386473,0.05192614,0.04904462,0.05074338,-0.12911771,0.08639639,0.02844891,0.38322139,0.0811804,0.02162664,0.32502592,-0.02806359,-0.11740854,-0.08389546,-0.1475081,-0.13228965,-0.04278728,-0.07810523,-0.1758194,0.0466042,-0.15162516,-0.26192081,0.10817756,-0.14294195,1161000.01174477,0.05218762,0.0495834,0.05267424,-0.12958908,0.09406718,0.02410661,0.38216209,0.08018185,0.01760032,0.32376742,-0.02851955,-0.11315931,-0.08567954,-0.14754263,-0.13328485,-0.03879442,-0.0700213,-0.17278454,0.04026463,-0.15429598,-0.26122943,0.11121798,-0.13699044,1162000.01927824,0.05466406,0.05160401,0.05435786,-0.13126348,0.09630921,0.02485518,0.38618699,0.08074274,0.01477106,0.33246905,-0.03152495,-0.10137961,-0.08261814,-0.14887463,-0.13293056,-0.03836876,-0.07012285,-0.17670435,0.0501281,-0.15389764,-0.26227885,0.12155858,-0.14140941,1163000.01592007,0.05599409,0.04974562,0.05398855,-0.12805869,0.09029135,0.02782392,0.38468453,0.08348505,0.01780044,0.32511532,-0.02755708,-0.09413901,-0.08109355,-0.15164256,-0.1311519,-0.03801344,-0.06980396,-0.17233427,0.05381524,-0.14982556,-0.26318449,0.12097659,-0.13026668,1164000.01028081,0.0524688,0.04700084,0.04907162,-0.11315003,0.08756009,0.03354631,0.38223517,0.08552973,0.02969052,0.33402142,-0.02082232,-0.09226003,-0.08093505,-0.14733993,-0.12948199,-0.03733464,-0.07349363,-0.17364182,0.04426695,-0.15355815,-0.2618072,0.11839331,-0.13342716,1165000.0108658,0.05194984,0.04567994,0.04952191,-0.11444304,0.09101783,0.03244243,0.38563976,0.08432599,0.02852053,0.34061724,-0.02461618,-0.10524876,-0.08105192,-0.145188,-0.13149025,-0.03754495,-0.07530297,-0.17142701,0.05267745,-0.15017067,-0.26111689,0.12006407,-0.1321079,1166000.01387302,0.05473777,0.04977142,0.05043623,-0.12104753,0.08621188,0.02071777,0.3852562,0.0827202,0.02336211,0.33237162,-0.02354874,-0.09770277,-0.08415093,-0.1495644,-0.13215551,-0.04183001,-0.07008631,-0.17442399,0.05679714,-0.15254202,-0.26233634,0.11837131,-0.1355374,1167000.01531887,0.05057141,0.05020218,0.04990654,-0.12237305,0.08473156,0.02871757,0.38454857,0.08291458,0.02340865,0.33349311,-0.02359438,-0.09890672,-0.08424275,-0.1465452,-0.12992129,-0.03562219,-0.07405391,-0.17284553,0.05073217,-0.15152253,-0.2625722,0.11795182,-0.14073323,1168000.01471185,0.05208712,0.04659259,0.0505928,-0.12524791,0.08642671,0.02933476,0.38537619,0.08031815,0.02094298,0.32829884,-0.02641194,-0.10013415,-0.08491764,-0.14564367,-0.12945072,-0.03539563,-0.07098178,-0.17270741,0.0495015,-0.14814354,-0.26373556,0.11941592,-0.13571787,1169000.0170952,0.05845613,0.04777769,0.05445769,-0.12795894,0.09371021,0.02714145,0.38599634,0.08142066,0.01820645,0.32430497,-0.02981477,-0.10735948,-0.08080032,-0.15105884,-0.12867339,-0.0375355,-0.07078478,-0.17009751,0.0581254,-0.14246187,-0.26519918,0.12479603,-0.13890883,1170000.01732722,0.05815539,0.05362625,0.05534803,-0.13024889,0.09429219,0.02700724,0.38708076,0.08007269,0.01339996,0.33486235,-0.02956055,-0.11097041,-0.08116463,-0.15254408,-0.13004118,-0.03675718,-0.06967141,-0.17128545,0.04828693,-0.14275388,-0.26514801,0.12299182,-0.14232183,1171000.01334378,0.05549381,0.04872107,0.05208438,-0.12787063,0.09137239,0.02745953,0.3843703,0.08155111,0.01588349,0.328114,-0.02848322,-0.11124808,-0.08210118,-0.15227644,-0.12942554,-0.03540263,-0.06990782,-0.16833088,0.0454149,-0.14727449,-0.26650515,0.12983938,-0.14358059,1172000.00950008,0.04905294,0.04667687,0.04536258,-0.11614231,0.08609375,0.03380667,0.38476124,0.08360898,0.02863461,0.33317667,-0.02139971,-0.10240234,-0.086745,-0.1498123,-0.12967263,-0.03211833,-0.07005336,-0.16956027,0.05903431,-0.14694659,-0.26671019,0.12051391,-0.1398188,1173000.00852969,0.05073752,0.05198092,0.04622909,-0.11551353,0.0897931,0.03320732,0.38558343,0.08375795,0.02713624,0.33780789,-0.01952,-0.1107062,-0.0787659,-0.14413621,-0.12785347,-0.03377275,-0.07405122,-0.17119944,0.05745413,-0.14382575,-0.26533017,0.11774439,-0.13617617,1174000.01322568,0.05057446,0.04974237,0.04812337,-0.12078935,0.0853252,0.02833684,0.38798428,0.08195063,0.02277317,0.33196554,-0.0237838,-0.10084593,-0.08085683,-0.14324059,-0.12892583,-0.0343844,-0.07191804,-0.1739419,0.05014118,-0.14444292,-0.26770419,0.11738469,-0.14189838,1175000.01285932,0.05021697,0.04672351,0.04749616,-0.12081253,0.08953725,0.02602581,0.38902435,0.08159097,0.02098419,0.33900046,-0.02517354,-0.10238461,-0.07886066,-0.14678995,-0.13138393,-0.03973856,-0.08042523,-0.17349216,0.05492735,-0.15680958,-0.26901078,0.12287404,-0.12964697,1176000.01354319,0.05409338,0.05044286,0.05163938,-0.12593618,0.08854404,0.02379347,0.38882622,0.07994309,0.01876384,0.3438687,-0.02682597,-0.10259662,-0.08552098,-0.14394376,-0.12972672,-0.04030759,-0.06769024,-0.17493863,0.05856276,-0.14892632,-0.27055332,0.11926793,-0.14514041,1177000.01379568,0.0571381,0.05152036,0.05053772,-0.12978798,0.08668105,0.02067805,0.38809651,0.07950892,0.01542965,0.34244606,-0.02944535,-0.11253794,-0.09292318,-0.14659306,-0.13102259,-0.03789464,-0.06085055,-0.17487384,0.05746571,-0.14696881,-0.27142337,0.12194984,-0.14216691,1178000.01503792,0.05487345,0.05009209,0.05301915,-0.12974182,0.09155872,0.02156231,0.38752136,0.07810838,0.01142594,0.33268338,-0.02858401,-0.10793909,-0.09071924,-0.14408851,-0.13129559,-0.04146956,-0.05988123,-0.17673315,0.05402577,-0.1458295,-0.27220064,0.12169762,-0.13943411,1179000.01314831,0.05793227,0.0506324,0.05512649,-0.12601137,0.09283512,0.02602206,0.38764721,0.07817287,0.01107118,0.33648708,-0.032044,-0.11585704,-0.08961594,-0.1480206,-0.13247199,-0.04054585,-0.06823231,-0.17657587,0.05429151,-0.14969237,-0.27372104,0.12042303,-0.14197269,1180000.01039411,0.05233153,0.04909811,0.04901083,-0.11657271,0.08639921,0.02761469,0.38980997,0.08142096,0.02118617,0.33756697,-0.02530035,-0.10558669,-0.08870423,-0.1452564,-0.1298769,-0.03720975,-0.07216839,-0.1757202,0.05429206,-0.1526016,-0.27417117,0.11691422,-0.14708307,1181000.00923346,0.0522524,0.04653499,0.04677979,-0.11583701,0.08576642,0.02954189,0.38764799,0.08264495,0.02468052,0.33748731,-0.01661623,-0.10052358,-0.09691764,-0.14357305,-0.12837306,-0.04312644,-0.07924542,-0.17714164,0.04649318,-0.1459527,-0.27327871,0.11659167,-0.1382158,1182000.00858591,0.0521048,0.04820245,0.04922663,-0.11938486,0.08662617,0.0257697,0.3903088,0.07996344,0.01994878,0.33773649,-0.02603084,-0.10180418,-0.09260655,-0.14336422,-0.12961511,-0.04111476,-0.07478664,-0.17974272,0.05221345,-0.14502391,-0.27425107,0.11768551,-0.13552219,1183000.010205,0.0482704,0.04925204,0.04720314,-0.12079205,0.08508414,0.02107196,0.38703766,0.07840487,0.01723287,0.33971143,-0.0245428,-0.11482732,-0.09137738,-0.14618559,-0.13039544,-0.04210886,-0.06701747,-0.17871854,0.06138932,-0.14772357,-0.27764478,0.12074482,-0.13818884,1184000.01300908,0.05281023,0.05149036,0.04787108,-0.12148544,0.08490658,0.02581505,0.38934237,0.07931153,0.01513864,0.33623901,-0.02409417,-0.11251975,-0.09631985,-0.14636867,-0.13141786,-0.04837731,-0.06528737,-0.17320138,0.05984008,-0.15821376,-0.27931476,0.11870891,-0.14376411,1185000.01285417,0.05238742,0.05240854,0.0501603,-0.13090381,0.08521236,0.02660348,0.39105806,0.07853569,0.01282787,0.33905455,-0.03061113,-0.12149379,-0.09557482,-0.14508975,-0.13247168,-0.04969164,-0.07107595,-0.17773628,0.0583665,-0.15907295,-0.28064689,0.12453128,-0.15336119,1186000.0147853,0.0573572,0.05378615,0.05121026,-0.13194163,0.08819857,0.02143421,0.38763157,0.07863942,0.00939979,0.32645428,-0.03386094,-0.12231167,-0.09601504,-0.14887892,-0.1315465,-0.04814878,-0.08522086,-0.18230017,0.0628276,-0.15632339,-0.28105608,0.12826206,-0.14956534,1187000.01571414,0.05653646,0.05181372,0.05240466,-0.13297024,0.08380169,0.01961536,0.38734859,0.08024616,0.00672909,0.33474103,-0.03219082,-0.1112963,-0.10141891,-0.14965524,-0.13376272,-0.05051042,-0.07611319,-0.17853008,0.05417706,-0.1560577,-0.28120741,0.12766242,-0.15279341,1188000.01120352,0.05206348,0.05254505,0.04881736,-0.12792978,0.08445612,0.02189073,0.39125293,0.07691021,0.01000521,0.3397516,-0.03299789,-0.11670863,-0.09618372,-0.1441052,-0.13504498,-0.04571845,-0.06415205,-0.17690301,0.05246545,-0.15120402,-0.28185526,0.12095683,-0.15106048,1189000.00800207,0.05063714,0.0499807,0.04447429,-0.11669728,0.08388824,0.03134908,0.38710442,0.08012562,0.02039643,0.33972147,-0.03025196,-0.11819761,-0.09364897,-0.14232156,-0.131366,-0.04809409,-0.06691864,-0.17855552,0.05816596,-0.15535206,-0.2823433,0.11634441,-0.14280809,1190000.00796623,0.05072366,0.04816831,0.04555341,-0.12320481,0.08226079,0.03271003,0.38535398,0.08028913,0.0184988,0.33663231,-0.0279957,-0.11262316,-0.09653156,-0.13814124,-0.13233514,-0.05081987,-0.06926329,-0.17860527,0.0598131,-0.16167532,-0.28252405,0.11658847,-0.14757138,1191000.00995157,0.04890602,0.04792219,0.04677143,-0.12875059,0.08211755,0.02590052,0.38952795,0.0809376,0.01426066,0.33762121,-0.03036816,-0.10935979,-0.09841862,-0.14259368,-0.1332134,-0.05407342,-0.07466274,-0.17988068,0.05407885,-0.16036126,-0.28628787,0.11619604,-0.15639608,1192000.01138844,0.04801124,0.05086383,0.04690896,-0.13333289,0.08217005,0.02328998,0.38889191,0.0832923,0.01383792,0.33898044,-0.03116145,-0.12252613,-0.10315646,-0.14559707,-0.13379596,-0.05245455,-0.07678903,-0.18263982,0.05779242,-0.15333483,-0.28816172,0.12371211,-0.15319109,1193000.01104307,0.04961192,0.05143272,0.04868735,-0.13306227,0.08277434,0.02051536,0.38859645,0.08012079,0.01195268,0.3391186,-0.03401529,-0.11061181,-0.10713703,-0.14517762,-0.13498676,-0.05610202,-0.07282506,-0.18357694,0.05058749,-0.15617846,-0.28786364,0.12318716,-0.15356052,1194000.01470787,0.05308163,0.05375522,0.05048513,-0.13416968,0.08751801,0.01844921,0.38914645,0.07557307,0.00933449,0.33975819,-0.03781033,-0.11568179,-0.1030825,-0.14567935,-0.13666107,-0.06176264,-0.07326847,-0.18341714,0.05501582,-0.15175985,-0.289588,0.12050959,-0.15823023,1195000.01590589,0.05741392,0.04913671,0.05008981,-0.13397208,0.0892776,0.01755824,0.38624689,0.07735696,0.0067987,0.32527319,-0.03766206,-0.12257162,-0.10426687,-0.14819482,-0.13442563,-0.06304591,-0.07469993,-0.18528973,0.05045225,-0.16410848,-0.28998679,0.12388007,-0.15628187,1196000.01233824,0.05288761,0.05227289,0.04785847,-0.13277209,0.08452465,0.02000703,0.38826156,0.08085335,0.00858952,0.33018604,-0.03248206,-0.12165128,-0.10969067,-0.14502445,-0.13514666,-0.06033393,-0.06994825,-0.18241368,0.04897341,-0.16041887,-0.29158306,0.11472698,-0.1532055,1197000.01006386,0.04749879,0.05051769,0.04217862,-0.12484811,0.08314691,0.03322475,0.3897388,0.08192912,0.01885594,0.33437103,-0.02813518,-0.11250895,-0.10660521,-0.1441104,-0.13548131,-0.05710894,-0.06882556,-0.18390858,0.05684732,-0.15061614,-0.29009095,0.12126756,-0.14822786,1198000.00971217,0.04546174,0.05091672,0.04351067,-0.12450024,0.0810166,0.0246891,0.38742816,0.0810692,0.01770116,0.3383688,-0.02759584,-0.13419555,-0.10053349,-0.14498509,-0.13277234,-0.05999656,-0.06770945,-0.18311818,0.05382012,-0.1513913,-0.29144436,0.12148197,-0.15665346,1199000.0101065,0.04751199,0.05329559,0.04393308,-0.1329035,0.07865361,0.0221076,0.38672692,0.08027196,0.01316357,0.33129701,-0.02932077,-0.13344972,-0.10601351,-0.14570554,-0.13620391,-0.06487691,-0.08447278,-0.18147103,0.05161935,-0.16605182,-0.29304147,0.11909653,-0.15138681,1200000.01091642,0.04823172,0.05121353,0.04681065,-0.13121518,0.08046528,0.02182531,0.38527045,0.08148792,0.01187138,0.33374003,-0.03748658,-0.12728433,-0.11034921,-0.14479902,-0.136857,-0.0622906,-0.08687603,-0.18594058,0.05732226,-0.1547423,-0.29489845,0.1205501,-0.1638526,1201000.01067684,0.04914448,0.04943101,0.04921798,-0.13772731,0.08248427,0.0240314,0.3877995,0.07825431,0.00966166,0.3266727,-0.03685245,-0.1234606,-0.1139062,-0.14662302,-0.13636592,-0.06322498,-0.08191101,-0.18535885,0.04611357,-0.15529238,-0.29591307,0.12084966,-0.16438176,1202000.00968401,0.04983805,0.0549986,0.04964881,-0.13270949,0.08560813,0.01942929,0.385465,0.07969232,0.0076472,0.3198005,-0.03854612,-0.1213564,-0.11163154,-0.14833693,-0.13710542,-0.06746983,-0.09320349,-0.18391241,0.04847656,-0.16047205,-0.29687601,0.1197647,-0.16373582,1203000.01314326,0.05413738,0.0518108,0.05300688,-0.14036183,0.08185876,0.01903122,0.3851499,0.07870688,0.00559255,0.32299277,-0.04192697,-0.13125625,-0.11230711,-0.1512104,-0.13561299,-0.06149809,-0.09382442,-0.18781422,0.05353961,-0.15743615,-0.29683825,0.12077956,-0.16097942,1204000.01078251,0.04910593,0.0501399,0.04919413,-0.13191231,0.08249824,0.02195841,0.38893354,0.07758585,0.01014424,0.32661536,-0.03480001,-0.12096746,-0.11206213,-0.149193,-0.13773908,-0.06537042,-0.08014265,-0.18419529,0.04828929,-0.158728,-0.29661527,0.12216743,-0.15785733,1205000.01009937,0.04429505,0.04900483,0.04170728,-0.12383977,0.08240017,0.0317711,0.38618365,0.08077612,0.01904202,0.33606738,-0.02717324,-0.12713178,-0.1073919,-0.14797108,-0.13694124,-0.06864263,-0.07956124,-0.18423219,0.05198485,-0.1600976,-0.29504147,0.11846963,-0.16051009,1206000.00776177,0.04952075,0.04567695,0.04358931,-0.12704824,0.08653133,0.02955233,0.38561168,0.08152365,0.01568538,0.33532494,-0.03215726,-0.12445548,-0.11120805,-0.14455992,-0.13676532,-0.06465287,-0.07972888,-0.18689771,0.05006291,-0.15729105,-0.29676211,0.11788753,-0.15782766,1207000.00737421,0.04798405,0.04812627,0.04409033,-0.13062191,0.08566806,0.02715526,0.38776264,0.08259732,0.01335358,0.33178145,-0.03598133,-0.11532281,-0.10827806,-0.15019913,-0.13760364,-0.07178922,-0.08513245,-0.18593669,0.04826948,-0.16693743,-0.29932883,0.12321037,-0.15997818,1208000.00943726,0.04593804,0.05021106,0.04475784,-0.133737,0.08129226,0.02533468,0.38845944,0.08219045,0.01092522,0.3233906,-0.03697874,-0.12794848,-0.11083548,-0.1494745,-0.13774373,-0.07574661,-0.08568866,-0.18550706,0.05620451,-0.16818899,-0.30020341,0.1256901,-0.16465855,1209000.00689649,0.04867278,0.05145551,0.04738044,-0.13188268,0.08230566,0.01993272,0.38543755,0.08004186,0.00919244,0.33931127,-0.0390314,-0.1337631,-0.11643796,-0.14874882,-0.1385984,-0.07576211,-0.08881422,-0.18816407,0.05208659,-0.16237432,-0.299245,0.12055868,-0.16624853,1210000.00769917,0.04909773,0.05269824,0.04911842,-0.13970433,0.08283465,0.02084714,0.38869005,0.08028421,0.00575222,0.32879752,-0.04601191,-0.13111992,-0.11936732,-0.15223321,-0.13831766,-0.07526646,-0.09378943,-0.18643473,0.04863999,-0.163855,-0.30087379,0.11821945,-0.16571304,1211000.01245935,0.05181282,0.05277958,0.05077699,-0.14134157,0.08080152,0.02138178,0.38778156,0.07878633,0.00264626,0.33523148,-0.04271297,-0.13374658,-0.12440684,-0.15445976,-0.13771035,-0.07520877,-0.0911649,-0.18765929,0.05177634,-0.16341956,-0.30090323,0.12187542,-0.16768479,1212000.00967688,0.05119862,0.05151225,0.04903733,-0.13310602,0.08266184,0.02099226,0.38706407,0.079697,0.00774871,0.32988077,-0.03879635,-0.13247308,-0.12034521,-0.15324138,-0.1381349,-0.07615288,-0.09083646,-0.18791375,0.04621606,-0.16317734,-0.29897264,0.12340949,-0.16995151,1213000.00566586,0.04236881,0.04732688,0.04271756,-0.12162238,0.08252012,0.03131035,0.38551193,0.08487682,0.0166459,0.33399168,-0.03720157,-0.13364199,-0.11742588,-0.15304093,-0.1375871,-0.07413245,-0.07553367,-0.18976988,0.04938716,-0.16568786,-0.29805434,0.12107598,-0.16077831,1214000.00640972,0.04596419,0.04845198,0.04316688,-0.13113326,0.08398951,0.02716062,0.38693228,0.08128939,0.0150232,0.33167797,-0.03791877,-0.12928818,-0.12285102,-0.14591816,-0.13839258,-0.08027251,-0.08677854,-0.1877823,0.04383495,-0.16350466,-0.30123734,0.12491427,-0.16456898,1215000.00640358,0.04458408,0.05163804,0.04358931,-0.13746245,0.08622,0.02518465,0.3874236,0.07925949,0.01116327,0.33274409,-0.04378279,-0.11537201,-0.1187499,-0.14707902,-0.14021909,-0.0877226,-0.08886378,-0.18677342,0.0424431,-0.16659261,-0.30355448,0.11520007,-0.16481705,1216000.0098316,0.04478767,0.04914995,0.04462986,-0.13388579,0.07972038,0.02351079,0.3869504,0.08162082,0.0089904,0.32015213,-0.04145236,-0.13225421,-0.12498922,-0.14861333,-0.13867265,-0.08424585,-0.07419153,-0.18583605,0.04834511,-0.16926014,-0.30409256,0.12012901,-0.16635512,1217000.00836027,0.04584557,0.04901616,0.04421826,-0.13766038,0.08121026,0.02633893,0.38965386,0.07903858,0.00716556,0.32142645,-0.0463854,-0.13237704,-0.13623472,-0.15046415,-0.14115338,-0.08877234,-0.09188115,-0.1867952,0.04319996,-0.1650175,-0.30493692,0.11613578,-0.17284627,1218000.00888129,0.04702507,0.05110154,0.04814656,-0.14215663,0.08094143,0.01892919,0.38721871,0.07527528,0.004055,0.32280147,-0.04960131,-0.13511784,-0.12798722,-0.15543003,-0.14024411,-0.09094642,-0.10205115,-0.18944669,0.04713732,-0.17005214,-0.30556694,0.11863237,-0.16409677,1219000.00804371,0.05001209,0.05218365,0.05066103,-0.14279202,0.07981842,0.01803531,0.3849892,0.0771876,0.00082934,0.32879323,-0.05320911,-0.13308366,-0.13340738,-0.15234701,-0.14242038,-0.08617452,-0.08980574,-0.19027193,0.04789205,-0.16990209,-0.30437553,0.12133056,-0.16822609,1220000.00741733,0.04738605,0.05110577,0.04853707,-0.14198348,0.08174705,0.02208847,0.38508373,0.07879726,0.00067235,0.3251321,-0.05373289,-0.13737468,-0.13648692,-0.15719001,-0.14143804,-0.08982185,-0.09444574,-0.18958668,0.047063,-0.16995357,-0.30285108,0.11358191,-0.16777045,1221000.00795956,0.04291004,0.04757078,0.04159053,-0.13103458,0.08047391,0.03097101,0.38628927,0.08102044,0.01130375,0.32265544,-0.04575054,-0.13895918,-0.13058035,-0.15383781,-0.14119962,-0.09099022,-0.09723116,-0.19099963,0.03873632,-0.16729152,-0.30394232,0.11748576,-0.17438807,1222000.00371654,0.04469165,0.04691424,0.04060682,-0.12928066,0.08094814,0.02954055,0.38648111,0.08121938,0.01435203,0.32514846,-0.03876726,-0.13245787,-0.12887152,-0.1512326,-0.14200014,-0.09094632,-0.08854518,-0.19053462,0.04136935,-0.16421646,-0.30178165,0.11511071,-0.16945648,1223000.00478558,0.0416448,0.04855344,0.04170445,-0.13578309,0.08381718,0.02637543,0.38707709,0.08019858,0.00973046,0.32279354,-0.04621771,-0.13480943,-0.13159555,-0.15091865,-0.14108421,-0.08985551,-0.07922298,-0.19046177,0.03966112,-0.16663015,-0.30434319,0.11463145,-0.17058,1224000.00548913,0.04197429,0.04728558,0.04143938,-0.13824204,0.08666149,0.02370579,0.38837194,0.0793385,0.00775739,0.32230866,-0.05097723,-0.13881467,-0.13148619,-0.15219274,-0.14145401,-0.09639762,-0.10166774,-0.19212286,0.03942882,-0.16506633,-0.30488324,0.12198126,-0.16560163,1225000.00566586,0.04177395,0.04863494,0.04321634,-0.14178562,0.08662387,0.02163398,0.3888222,0.07789817,0.00566668,0.31701195,-0.05731326,-0.14495139,-0.13613777,-0.15010157,-0.14308256,-0.09922652,-0.09591192,-0.18968597,0.04442108,-0.17295425,-0.3037194,0.11977958,-0.16572341,1226000.00830417,0.04571787,0.05036622,0.04571062,-0.14655407,0.08742233,0.01908025,0.38762268,0.07714011,0.00289259,0.31675944,-0.05750786,-0.14111014,-0.13601165,-0.15510674,-0.14484796,-0.09985477,-0.10431884,-0.19157639,0.04050275,-0.17040378,-0.30615878,0.11746312,-0.16717827,1227000.00965584,0.0468891,0.05247866,0.05010075,-0.1470383,0.0836914,0.01739015,0.38693091,0.0774065,0.00028174,0.32326654,-0.05672701,-0.14092626,-0.1369054,-0.15486552,-0.1442724,-0.10347758,-0.10224222,-0.18948446,0.04337126,-0.16987969,-0.30596337,0.11882453,-0.17482309,1228000.00879007,0.04812008,0.05169751,0.04911574,-0.15062121,0.08290877,0.02076689,0.38533634,0.07570852,-0.00023731,0.32214159,-0.05797697,-0.1419884,-0.13894728,-0.15306485,-0.14502917,-0.10333694,-0.1074927,-0.19268672,0.05166899,-0.16900112,-0.30542606,0.12467668,-0.17369999,1229000.00909971,0.04394983,0.05113221,0.04450317,-0.14149182,0.08292405,0.01864442,0.38637352,0.07795635,0.00353401,0.3178269,-0.05215235,-0.14672428,-0.13959372,-0.1533431,-0.14399917,-0.10461216,-0.11324257,-0.18952997,0.04440051,-0.16972521,-0.30274534,0.11775821,-0.16933997,1230000.00546393,0.04003821,0.04883277,0.03985638,-0.13696894,0.07874604,0.02949357,0.38664535,0.07921008,0.01347574,0.33343264,-0.04862482,-0.13462815,-0.13361537,-0.15008856,-0.14189316,-0.10542262,-0.10291931,-0.18793164,0.04040584,-0.16604885,-0.30128112,0.11677077,-0.16472019,1231000.00786846,0.04113576,0.04936814,0.04141325,-0.14107984,0.08059666,0.02817387,0.38964731,0.07748574,0.01011827,0.32990313,-0.05240285,-0.13437901,-0.13993756,-0.15611747,-0.14272353,-0.10197647,-0.11105478,-0.18913823,0.04152786,-0.16927315,-0.30169767,0.11360088,-0.16759151,1232000.00538656,0.04042728,0.04739958,0.04079617,-0.14630778,0.08314628,0.0277213,0.38598755,0.0770541,0.00794744,0.31761885,-0.04798952,-0.1389697,-0.13934366,-0.15589245,-0.14500199,-0.10639405,-0.11409315,-0.19249375,0.03841959,-0.17536159,-0.30277559,0.11755718,-0.15857284,1233000.00805135,0.04199364,0.04788502,0.04070871,-0.14324625,0.07863627,0.023321,0.38459098,0.07692548,0.00603153,0.31406248,-0.05431102,-0.1409004,-0.14065391,-0.14999644,-0.14617832,-0.11092999,-0.10362563,-0.19151533,0.03873669,-0.16767594,-0.30248404,0.11661387,-0.16797686,1234000.00779107,0.04009561,0.04942606,0.04376787,-0.14606626,0.08401973,0.02138878,0.38680398,0.0782268,0.00462478,0.31509471,-0.05196417,-0.12847652,-0.13874379,-0.15302815,-0.14655662,-0.10972346,-0.11778554,-0.18746088,0.03368799,-0.17093016,-0.30326638,0.11479267,-0.17536233,1235000.01073941,0.04037492,0.04850721,0.04564173,-0.14895517,0.08337852,0.02065885,0.38798043,0.07815351,0.00212927,0.31304967,-0.05785315,-0.1379818,-0.13902478,-0.15880091,-0.14608286,-0.11242776,-0.11250014,-0.19130856,0.03959876,-0.17804089,-0.3025049,0.11410556,-0.17316264,1236000.00964138,0.0388802,0.05253555,0.04666124,-0.15284833,0.08350542,0.02253537,0.3856239,0.07779405,-0.00063538,0.32343978,-0.06449169,-0.14182772,-0.14089444,-0.15820152,-0.14610234,-0.11216097,-0.10953683,-0.19435443,0.04579226,-0.16712818,-0.30147764,0.1165752,-0.17064267,1237000.00900785,0.03763324,0.05107932,0.04429629,-0.14626704,0.08055582,0.02723924,0.38436082,0.07778426,0.00223687,0.32361484,-0.06013124,-0.14540458,-0.14170912,-0.1557806,-0.14455585,-0.11176726,-0.12043269,-0.19266027,0.03965813,-0.16683035,-0.29994798,0.11579826,-0.16977307,1238000.00580141,0.03954411,0.04695193,0.03939883,-0.13608389,0.08246016,0.02939942,0.38565755,0.08111744,0.01426765,0.32533693,-0.04721303,-0.14522989,-0.13097776,-0.15244754,-0.14287125,-0.10790306,-0.11497651,-0.19172263,0.04148885,-0.16904432,-0.29727656,0.12105035,-0.16716062,1239000.00784034,0.03967409,0.0515612,0.0415229,-0.13967255,0.08179916,0.02448842,0.38569993,0.07981484,0.01329803,0.32413512,-0.05262809,-0.13812608,-0.14338975,-0.1504278,-0.14181124,-0.11164647,-0.10918742,-0.18665582,0.03973576,-0.16672252,-0.29574108,0.11624479,-0.16905154,1240000.00786846,0.03711783,0.04961511,0.04306206,-0.14520919,0.08042873,0.02383861,0.38569885,0.07978547,0.00993604,0.32815757,-0.05769335,-0.14449677,-0.13938893,-0.15427843,-0.14269173,-0.11720929,-0.10821594,-0.18925977,0.04475844,-0.16434854,-0.29634866,0.11627665,-0.16397989,1241000.00958488,0.03885142,0.05083329,0.0428955,-0.14128552,0.07934941,0.02794549,0.38645768,0.07829164,0.00779908,0.31811565,-0.05278047,-0.14563067,-0.13961323,-0.15241066,-0.14524283,-0.10646036,-0.11805433,-0.19301286,0.04378249,-0.16787787,-0.29688555,0.1171265,-0.15795945,1242000.00785427,0.04078833,0.05161817,0.04532686,-0.14721024,0.08374371,0.02570085,0.38805059,0.0772041,0.00614176,0.31866565,-0.0546901,-0.14655887,-0.15045935,-0.15338971,-0.1436934,-0.11196723,-0.11123915,-0.18918389,0.03743303,-0.17176273,-0.29461509,0.11535494,-0.16692598,1243000.01010549,0.04192785,0.05161817,0.04760159,-0.15138826,0.08568207,0.0228333,0.38491753,0.07578497,0.00379475,0.32586181,-0.0561583,-0.1400061,-0.14192553,-0.15516363,-0.14361866,-0.11765083,-0.11355534,-0.1877493,0.0425023,-0.16802286,-0.29339442,0.11595197,-0.16275463,1244000.01067509,0.04477179,0.05162176,0.0486978,-0.15573442,0.08519606,0.02004679,0.38497448,0.07742351,0.00059219,0.32678175,-0.06025487,-0.14118168,-0.13898911,-0.15360066,-0.14353646,-0.11784931,-0.11660797,-0.18626168,0.04145225,-0.16016659,-0.2927337,0.12037153,-0.16538441,1245000.0110616,0.04138993,0.05129999,0.04794755,-0.14933196,0.08419724,0.02154056,0.38339424,0.0775378,-0.00028507,0.32331303,-0.0572327,-0.1399419,-0.14225021,-0.15360825,-0.14333491,-0.11520299,-0.12338235,-0.18994595,0.04267947,-0.17274351,-0.29240495,0.11651362,-0.16092893,1246000.00807883,0.03902519,0.04771383,0.04049559,-0.14078167,0.08349594,0.02786949,0.38234898,0.07934423,0.01091357,0.32204378,-0.0496422,-0.13609238,-0.14372757,-0.15274887,-0.14210059,-0.1127267,-0.10606581,-0.18572658,0.04137908,-0.17244911,-0.28958088,0.11371493,-0.16542223,1247000.00887405,0.03941491,0.05024585,0.04080873,-0.13442215,0.08071112,0.02836543,0.3869122,0.08083844,0.01555203,0.32241473,-0.04545734,-0.14675954,-0.13938762,-0.14973046,-0.138909,-0.11294369,-0.11093944,-0.18388723,0.0367893,-0.18117495,-0.28680998,0.11521151,-0.15482661,1248000.00822715,0.03827346,0.05118708,0.04094571,-0.14065139,0.07941739,0.03028382,0.38500187,0.07892238,0.0130247,0.33524343,-0.0488864,-0.13705494,-0.14410751,-0.15468495,-0.13999033,-0.11470339,-0.10403112,-0.18906072,0.03140537,-0.17110299,-0.28589341,0.11453532,-0.15519895,1249000.00635637,0.0401523,0.04255451,0.04245454,-0.14325388,0.08351225,0.03033392,0.38340089,0.08054908,0.01042608,0.32988036,-0.04947151,-0.13249682,-0.14074135,-0.15056731,-0.14038625,-0.11693634,-0.10785521,-0.18489783,0.03547586,-0.16603903,-0.28738764,0.11214359,-0.15956739,1250000.00793878,0.04225894,0.04891673,0.04401251,-0.14643796,0.08597136,0.02374707,0.38787237,0.07868148,0.00781393,0.32655898,-0.05153695,-0.13595316,-0.13527194,-0.15371539,-0.14070901,-0.11631965,-0.10995903,-0.18853986,0.04155736,-0.16935687,-0.28765318,0.11427528,-0.16253681,1251000.0092681,0.04181959,0.04875892,0.04418839,-0.14527218,0.08664759,0.02355584,0.38818452,0.07788081,0.00510464,0.32492343,-0.05911443,-0.13525371,-0.14306541,-0.15458904,-0.14267559,-0.12099035,-0.11160675,-0.18616511,0.03820631,-0.17289886,-0.28677297,0.11264978,-0.15914656,1252000.00908519,0.04250679,0.05078618,0.04748244,-0.15397348,0.08600146,0.02017108,0.38912219,0.07747232,0.00178727,0.31922528,-0.05671074,-0.13593689,-0.140081,-0.15501389,-0.14343119,-0.11597867,-0.1203322,-0.18455212,0.0413833,-0.17317666,-0.28515166,0.11736414,-0.15942754,1253000.01278619,0.04584391,0.04868199,0.0501359,-0.15561117,0.08644096,0.01989803,0.38684294,0.07863285,-0.0011564,0.32429689,-0.05255499,-0.1396171,-0.14540695,-0.15258223,-0.1431347,-0.11811464,-0.12045944,-0.18578824,0.04210479,-0.17107378,-0.28260347,0.12164111,-0.16330414,1254000.0106309,0.04572348,0.05127605,0.04853074,-0.15165427,0.08576904,0.01723764,0.38746721,0.07811663,0.00034246,0.31923896,-0.05369272,-0.12896129,-0.14097668,-0.15585153,-0.14009775,-0.11580318,-0.11942861,-0.18565655,0.03793547,-0.1654073,-0.28190759,0.12548654,-0.15123615,1255000.00790925,0.03791211,0.04693672,0.04268705,-0.14007379,0.08363799,0.02657542,0.38624007,0.08093221,0.01163941,0.32544136,-0.04842333,-0.13245672,-0.14503384,-0.15209681,-0.14132077,-0.11469566,-0.11317915,-0.18230321,0.04223923,-0.16835043,-0.27930912,0.12032164,-0.15325166,1256000.00573167,0.04326446,0.04860277,0.0420919,-0.135573,0.08917984,0.02451841,0.3898505,0.08165319,0.01466035,0.32990313,-0.0415574,-0.11731151,-0.13329397,-0.15110348,-0.13726722,-0.1167168,-0.11085156,-0.1805011,0.0464852,-0.1784568,-0.27710161,0.11303788,-0.15416364,1257000.00959809,0.04266439,0.05302513,0.04420897,-0.14284469,0.08645777,0.02947826,0.38765037,0.08207724,0.01092333,0.3296012,-0.04879701,-0.1328027,-0.13539125,-0.14952578,-0.13751657,-0.11767764,-0.10010134,-0.18027222,0.03554738,-0.16606258,-0.27712089,0.11597132,-0.15517364,1258000.00950008,0.04269846,0.05021551,0.04626921,-0.14010771,0.08314691,0.02436786,0.38738218,0.08082539,0.00808761,0.32217321,-0.05030296,-0.13196425,-0.13680309,-0.15100643,-0.13905491,-0.11354396,-0.09941665,-0.18110918,0.03943697,-0.17082928,-0.27602378,0.11796512,-0.15667364,1259000.01014682,0.04343427,0.05216078,0.04477806,-0.14393695,0.08375138,0.02265026,0.38951409,0.08023933,0.00588065,0.33107531,-0.04807965,-0.11796902,-0.1301975,-0.15536171,-0.13991429,-0.11020333,-0.10862094,-0.18344256,0.03662644,-0.16627888,-0.27656314,0.12234838,-0.15984535,1260000.01084225,0.04703873,0.04819232,0.04567844,-0.14841723,0.08378123,0.02256444,0.39039972,0.07812068,0.00340006,0.3260541,-0.05273553,-0.12769017,-0.13995191,-0.15017962,-0.13996992,-0.11110116,-0.10695834,-0.18079993,0.04103823,-0.16793798,-0.27587959,0.12155651,-0.15780875,1261000.01032191,0.046415,0.05472915,0.04966668,-0.15258992,0.0805333,0.01969063,0.39074135,0.07969547,0.00037787,0.32436952,-0.05561092,-0.1257704,-0.13625535,-0.15275377,-0.13711488,-0.11221969,-0.11058101,-0.18142462,0.04617766,-0.17268538,-0.27626488,0.12100316,-0.15800132,1262000.01094793,0.04416701,0.05627092,0.05339023,-0.150708,0.08506235,0.02073622,0.39105806,0.07761077,-0.00196281,0.32851112,-0.0541551,-0.12237553,-0.13444999,-0.15315937,-0.13786781,-0.11206464,-0.10906852,-0.18405692,0.0441852,-0.17048077,-0.27711752,0.12049793,-0.1609837,1263000.0125663,0.04780914,0.05292113,0.04988274,-0.14930572,0.08643234,0.02060861,0.39121798,0.07850371,-0.00268005,0.33455896,-0.05353168,-0.12314258,-0.13149385,-0.15176646,-0.13585159,-0.11129236,-0.11735891,-0.1848747,0.03886697,-0.17211793,-0.27490348,0.11731271,-0.15328884,1264000.00952576,0.04402717,0.05111497,0.04276524,-0.13655208,0.08272175,0.02772496,0.3892585,0.08388679,0.00915818,0.33063149,-0.04040666,-0.1251885,-0.1280124,-0.15069108,-0.13381346,-0.1077576,-0.11420057,-0.17833225,0.04392115,-0.16933858,-0.27245432,0.1146775,-0.15032123,1265000.01073657,0.04586894,0.05483812,0.04538416,-0.13662909,0.08665995,0.02657762,0.39153287,0.08256469,0.01086627,0.33556473,-0.0450591,-0.12447621,-0.125671,-0.1482079,-0.13343205,-0.10218956,-0.0901629,-0.17745553,0.04046429,-0.1720434,-0.27074167,0.11700478,-0.1513956,1266000.01125691,0.04808233,0.05167646,0.04477668,-0.14393851,0.08653397,0.02234085,0.39078858,0.08286951,0.00695201,0.32637623,-0.04697279,-0.1245649,-0.12528543,-0.14564487,-0.1345014,-0.10599416,-0.0934929,-0.17751905,0.03847133,-0.16745086,-0.27188674,0.11428147,-0.14768422,1267000.00976537,0.04425136,0.05156866,0.0455218,-0.14104821,0.0851383,0.0217267,0.39109573,0.08010732,0.00723825,0.32609397,-0.0496475,-0.13066351,-0.13284042,-0.14684287,-0.13479953,-0.10613506,-0.10487617,-0.17505942,0.03673888,-0.17130183,-0.27286828,0.12181029,-0.15555541,1268000.01017987,0.04774522,0.05275621,0.04816096,-0.14705423,0.08605601,0.01974683,0.39505494,0.07911294,0.00464131,0.32700014,-0.04996986,-0.11687712,-0.13264509,-0.1458381,-0.13520166,-0.10592864,-0.10929191,-0.17965409,0.04364333,-0.15949675,-0.27353674,0.12673245,-0.16025224,1269000.00983455,0.05236531,0.05092208,0.04782112,-0.1483863,0.08392292,0.0173806,0.39231148,0.08101858,0.0011914,0.32516426,-0.05105713,-0.11677647,-0.1260325,-0.14675215,-0.13331079,-0.10350682,-0.10304697,-0.17734466,0.04011152,-0.16984035,-0.27393252,0.1209375,-0.15421399,1270000.01160606,0.05205698,0.0503818,0.05097788,-0.14881222,0.08720354,0.02284254,0.39245799,0.08044375,-0.00071317,0.33237004,-0.0534119,-0.11269566,-0.12005652,-0.14992087,-0.13278934,-0.104657,-0.10421783,-0.17712872,0.03866832,-0.16455281,-0.27297774,0.1242674,-0.15613343,1271000.01383029,0.05168126,0.05105929,0.05244465,-0.14808285,0.09603657,0.0226954,0.39204398,0.08079642,-0.00289029,0.32677928,-0.04995982,-0.11287977,-0.12665328,-0.14863576,-0.13437048,-0.10870643,-0.11139692,-0.17884938,0.04264635,-0.16488917,-0.27195397,0.12241993,-0.15927278,1272000.0112318,0.05056256,0.05405748,0.04793581,-0.13596083,0.08858859,0.02242938,0.395888,0.08228968,0.00726148,0.33034456,-0.04161584,-0.10783206,-0.12630305,-0.14699689,-0.13214202,-0.10170337,-0.10552446,-0.17375056,0.03683992,-0.15702359,-0.27105689,0.11470726,-0.15133549,1273000.00782436,0.04706459,0.04841588,0.04641283,-0.129706,0.08553652,0.02841726,0.39463449,0.0840745,0.01343128,0.32331157,-0.03853284,-0.1100712,-0.12310904,-0.14572878,-0.1283761,-0.09621605,-0.09254562,-0.17664751,0.03261175,-0.15294571,-0.27066338,0.11841699,-0.15206884,1274000.01276944,0.05009969,0.05075967,0.04516824,-0.13255979,0.08787131,0.02234465,0.39257008,0.08375795,0.00904853,0.33585212,-0.04183356,-0.12012086,-0.12320387,-0.14435357,-0.1307041,-0.0989152,-0.08615971,-0.17529617,0.04262031,-0.161164,-0.26982212,0.12348851,-0.15052553,1275000.01286666,0.05164206,0.05175768,0.04782543,-0.13935015,0.08821039,0.02374011,0.39324349,0.08346059,0.00604333,0.33501545,-0.04215086,-0.12380435,-0.11461435,-0.14736888,-0.13148063,-0.09866101,-0.08128247,-0.17373411,0.04297532,-0.16288638,-0.26973879,0.11725849,-0.15028739,1276000.0125092,0.0524886,0.05084087,0.04846298,-0.13702194,0.08781075,0.02892565,0.39355993,0.08221845,0.00581881,0.32787767,-0.03910335,-0.11512437,-0.11873401,-0.14861155,-0.13122135,-0.10001178,-0.09232194,-0.17194374,0.04363437,-0.15782902,-0.27135015,0.11825747,-0.14700358,1277000.01238328,0.0562878,0.05205595,0.05142342,-0.13936742,0.08348233,0.02308127,0.39560455,0.08177005,0.00361362,0.32717854,-0.0414549,-0.11087751,-0.11676311,-0.14949417,-0.13028641,-0.0954917,-0.09238507,-0.17590371,0.04059198,-0.15606666,-0.27090859,0.12163031,-0.15363568,1278000.01488922,0.05530383,0.0549476,0.05379378,-0.14091925,0.0888411,0.02108147,0.39293769,0.08060846,0.00089917,0.32207265,-0.03822562,-0.12137901,-0.11788918,-0.14703184,-0.13005404,-0.0951999,-0.09952203,-0.17587958,0.04692354,-0.16217135,-0.27262381,0.12440605,-0.15323855,1279000.0164032,0.05368131,0.05373256,0.05373728,-0.14442851,0.09073019,0.02222186,0.39481866,0.08037908,-0.00132542,0.32537705,-0.04371629,-0.12108869,-0.11876591,-0.14548522,-0.13175611,-0.09595471,-0.1125024,-0.17769127,0.03988192,-0.15949465,-0.27132368,0.1246625,-0.14748624,1280000.01347509,0.05278032,0.05135913,0.05050723,-0.13129792,0.08731366,0.03081576,0.39166197,0.08061168,0.00489163,0.33046433,-0.03774721,-0.11414773,-0.11713883,-0.14458241,-0.13154714,-0.09301639,-0.10376818,-0.1757075,0.0395688,-0.15836187,-0.27079856,0.12796365,-0.14861913,1281000.0102121,0.0517471,0.05014425,0.04367647,-0.12210315,0.08259366,0.03523045,0.3937012,0.08761829,0.01697308,0.32734248,-0.03333684,-0.10647896,-0.11734056,-0.14615133,-0.12791018,-0.09047844,-0.09740615,-0.17609926,0.04482663,-0.15872797,-0.26916537,0.11997827,-0.14208768,1282000.01039917,0.05501722,0.05175915,0.04821679,-0.12421308,0.08349621,0.03171571,0.39572477,0.08656096,0.01367869,0.32506639,-0.03362119,-0.11028355,-0.10917327,-0.14277892,-0.12655061,-0.08388457,-0.09509823,-0.1727531,0.04006623,-0.16041803,-0.26926425,0.12372346,-0.14049514,1283000.01119995,0.05529657,0.04816601,0.04710967,-0.12941326,0.08635414,0.02443361,0.39324993,0.08660178,0.00967787,0.32693425,-0.0338398,-0.10991966,-0.10474361,-0.14166978,-0.12830704,-0.08445963,-0.09245422,-0.17434931,0.04232387,-0.15861298,-0.26948199,0.12269706,-0.15305011,1284000.01126502,0.05374219,0.04881385,0.04841456,-0.13396731,0.08454636,0.02570085,0.39238361,0.08541309,0.00862034,0.33259854,-0.03370288,-0.11112438,-0.10137042,-0.14247862,-0.12810363,-0.08521298,-0.10541625,-0.17564969,0.0471897,-0.15884297,-0.27040589,0.11567649,-0.15458991,1285000.01167978,0.0588605,0.05232618,0.05165223,-0.13142852,0.08267774,0.02677948,0.39367902,0.08467665,0.00676288,0.32904363,-0.03441495,-0.10831595,-0.11612258,-0.14551771,-0.12894939,-0.08840431,-0.09613317,-0.17406443,0.05022579,-0.15877703,-0.27126363,0.12041659,-0.15292561,1286000.01298949,0.05871201,0.05243402,0.054879,-0.13434066,0.08738897,0.02564076,0.39604273,0.08442023,0.00266786,0.33040726,-0.03771634,-0.10485446,-0.10945211,-0.14566791,-0.12925275,-0.08849166,-0.10084702,-0.17738296,0.0471315,-0.15191898,-0.27076885,0.12473256,-0.14899997,1287000.01626837,0.06064693,0.05291999,0.0567983,-0.1386179,0.08823792,0.02325773,0.39497736,0.08273304,0.00049761,0.33087444,-0.0399288,-0.10158248,-0.10925627,-0.1461999,-0.12986761,-0.08924106,-0.09129059,-0.17274812,0.05083746,-0.15832521,-0.27080753,0.1233259,-0.1463802,1288000.01312685,0.0573461,0.05203058,0.05737849,-0.14118759,0.08942311,0.02414947,0.39580113,0.08149423,-0.00003456,0.32202858,-0.03241218,-0.10673065,-0.11339008,-0.14114967,-0.12978511,-0.08807759,-0.09903532,-0.1734724,0.04583923,-0.15211923,-0.27103788,0.120853,-0.14687864,1289000.01173181,0.05096411,0.05308578,0.04952787,-0.12843727,0.0855098,0.03377545,0.39197108,0.08654054,0.00956331,0.33167884,-0.02311607,-0.11246538,-0.10390666,-0.14613464,-0.12613468,-0.08059058,-0.11505501,-0.17157891,0.04316984,-0.15189321,-0.27010086,0.12125697,-0.15049808,1290000.01173181,0.05436287,0.048414,0.04509813,-0.11631486,0.08474006,0.03357755,0.39342371,0.08871267,0.01730765,0.33101925,-0.02057903,-0.10686228,-0.10638741,-0.14702767,-0.12433258,-0.07811122,-0.08896474,-0.17351027,0.04218876,-0.15137462,-0.26822442,0.11804911,-0.15362328,1291000.01182597,0.05710021,0.05108447,0.04466875,-0.12046187,0.08744931,0.03050867,0.39519456,0.08745611,0.01271558,0.33676231,-0.02264984,-0.09938146,-0.10129577,-0.14277895,-0.1255898,-0.07863487,-0.09097276,-0.17437042,0.05992978,-0.15342927,-0.26719633,0.12008303,-0.14818555,1292000.00879463,0.0563876,0.05299994,0.04692331,-0.13029337,0.08559681,0.02641555,0.39494166,0.08632945,0.01093486,0.31915945,-0.02719686,-0.10377052,-0.10037348,-0.14183715,-0.12356444,-0.07905108,-0.08271876,-0.17285554,0.04747846,-0.15506278,-0.26890084,0.11635759,-0.14864944,1293000.01200892,0.05610319,0.05035165,0.05138736,-0.13051327,0.08482187,0.02355379,0.39633897,0.08484658,0.00963917,0.32630581,-0.03001139,-0.12285345,-0.10531422,-0.14254661,-0.12319551,-0.0820356,-0.08702612,-0.17539448,0.04410774,-0.14798133,-0.2701396,0.12182067,-0.14703427,1294000.01395363,0.05718149,0.05002652,0.05202548,-0.12761007,0.08615182,0.02605727,0.39794031,0.08600587,0.00649226,0.32591841,-0.02860829,-0.09923419,-0.10037562,-0.14420913,-0.12382019,-0.08594645,-0.09208779,-0.17640007,0.05023779,-0.14899118,-0.27078459,0.12404298,-0.14115791,1295000.0135959,0.05851115,0.05207774,0.05437948,-0.13556957,0.08671187,0.02653397,0.39605433,0.08464819,0.0029713,0.33050796,-0.03814565,-0.10625715,-0.10256348,-0.14047016,-0.12659177,-0.08219981,-0.09057251,-0.17873518,0.05116688,-0.15493204,-0.27010414,0.12980309,-0.15355514,1296000.01507237,0.0570002,0.05656832,0.05619039,-0.13684674,0.08921701,0.02407214,0.39243072,0.08446534,0.00018475,0.33096203,-0.02891785,-0.11607961,-0.10263769,-0.13851404,-0.12633575,-0.0803475,-0.09146831,-0.17558782,0.04730618,-0.15784311,-0.2705774,0.12064252,-0.15573403,1297000.01553564,0.06087146,0.0537853,0.05722241,-0.13835093,0.09189322,0.02593421,0.39065975,0.08399829,-0.00080419,0.3333838,-0.03086701,-0.10337705,-0.10562634,-0.13977957,-0.12479643,-0.07925464,-0.098036,-0.17492336,0.04187099,-0.14564566,-0.26982173,0.11999765,-0.14536986,1298000.01781138,0.05815751,0.05178831,0.05033349,-0.12492339,0.08986259,0.02701687,0.39345732,0.08665465,0.00852795,0.33009008,-0.02271009,-0.09951618,-0.09659457,-0.13731073,-0.12425121,-0.07905208,-0.09444507,-0.17161214,0.05050099,-0.14776108,-0.26858678,0.12395076,-0.13785389,1299000.01204904,0.0535042,0.05089553,0.04728491,-0.11833726,0.0867167,0.03067048,0.39602014,0.08924738,0.01617475,0.3352364,-0.01843422,-0.09318135,-0.09392542,-0.13934839,-0.11939854,-0.07446906,-0.0863948,-0.17351319,0.05405395,-0.14620303,-0.26611245,0.11492426,-0.14374475,1300000.01122843,0.05676781,0.05467345,0.04804168,-0.12264545,0.08561599,0.02841864,0.39717162,0.08768099,0.01268515,0.33242911,-0.0212728,-0.08931996,-0.09563895,-0.1376355,-0.12226994,-0.0753894,-0.08605599,-0.1730992,0.05134176,-0.1428528,-0.26659113,0.12121293,-0.14788412,1301000.01096008,0.0558553,0.05142907,0.04931704,-0.12838924,0.0864277,0.03052522,0.3984431,0.08769153,0.00972535,0.33432958,-0.02397598,-0.10099352,-0.09751007,-0.13846192,-0.12240779,-0.07731671,-0.08288198,-0.17223431,0.04647772,-0.15102409,-0.2690455,0.12016281,-0.13998157,1302000.01114297,0.05285219,0.05399902,0.04942525,-0.13139488,0.09156542,0.02589206,0.39761668,0.08966642,0.00884521,0.32716763,-0.02698812,-0.10283499,-0.09399753,-0.14146392,-0.12302595,-0.07644071,-0.0808106,-0.17355326,0.04631647,-0.14472535,-0.2691308,0.12857522,-0.14076899,1303000.01419639,0.05688402,0.05113415,0.05120675,-0.1344426,0.08890685,0.02614455,0.39430737,0.08687207,0.00569322,0.32428914,-0.02603428,-0.09795713,-0.09898575,-0.13900851,-0.12236706,-0.08248209,-0.08936583,-0.17200613,0.04945341,-0.14412905,-0.26811743,0.12594578,-0.1460315,1304000.01311808,0.05893663,0.05032321,0.05302981,-0.13915408,0.08753441,0.02283871,0.39602235,0.08574609,0.00320129,0.32986727,-0.03339425,-0.09728583,-0.09359004,-0.13749965,-0.12090721,-0.08005986,-0.08923572,-0.171955,0.05314683,-0.14244077,-0.26860192,0.12446018,-0.14475112,1305000.01402402,0.0593938,0.05540493,0.05465301,-0.1410363,0.0936005,0.02477745,0.39235654,0.08832192,0.00170338,0.32465959,-0.03083674,-0.10487993,-0.08619516,-0.1354173,-0.12249792,-0.07701698,-0.09778056,-0.17768076,0.05540293,-0.1454021,-0.26705852,0.13340141,-0.15045199,1306000.01314851,0.0573079,0.05486573,0.05218462,-0.13418375,0.09185338,0.0261691,0.39495635,0.09056214,0.00491276,0.32950756,-0.0269825,-0.09380873,-0.091327,-0.13780889,-0.12155683,-0.07647786,-0.0907274,-0.17552514,0.04957581,-0.14580362,-0.26828748,0.12240645,-0.14309104,1307000.01130893,0.05144742,0.0496015,0.04576111,-0.12123661,0.0836694,0.02873075,0.39621884,0.09178671,0.0159904,0.32643604,-0.02243141,-0.09310578,-0.09245525,-0.13419218,-0.11936615,-0.07788114,-0.08090796,-0.1700916,0.05026496,-0.14162254,-0.26530558,0.1194252,-0.14004591,1308000.01386977,0.05545998,0.04916305,0.05014141,-0.12917057,0.08360215,0.02778021,0.39735866,0.09119235,0.01513668,0.32724458,-0.02038942,-0.09881515,-0.08726054,-0.13445136,-0.1178263,-0.07493328,-0.08528259,-0.17172766,0.04537682,-0.14340656,-0.26448998,0.1251009,-0.14311305,1309000.0120976,0.05784217,0.04789341,0.04955187,-0.13500299,0.08463079,0.02966391,0.39716482,0.08966642,0.01083875,0.3373163,-0.02070534,-0.08735224,-0.08734754,-0.13836667,-0.11969665,-0.07697247,-0.08291738,-0.17349465,0.04494605,-0.13777839,-0.26514694,0.12935683,-0.14725284,1310000.00797872,0.05508035,0.04991884,0.04994318,-0.13483955,0.0887256,0.02744862,0.39702007,0.08875203,0.01019356,0.33156794,-0.02903481,-0.09451669,-0.09023266,-0.13560732,-0.11952987,-0.07569981,-0.08896508,-0.17297877,0.04828929,-0.14575328,-0.26547703,0.12405618,-0.14298727,1311000.0138985,0.05657421,0.0532409,0.05206136,-0.13328347,0.09126785,0.02390273,0.39562571,0.08859827,0.00854392,0.32595697,-0.032701,-0.09482013,-0.09015488,-0.13542993,-0.11861366,-0.07984553,-0.07986822,-0.17123221,0.04850571,-0.14333361,-0.26622728,0.12052064,-0.13388994,1312000.01266621,0.05578768,0.0523482,0.05164571,-0.13724491,0.0890016,0.02473352,0.39526689,0.08728831,0.00648477,0.32587892,-0.03351193,-0.09337224,-0.08935345,-0.13648203,-0.12044914,-0.07941674,-0.08968275,-0.17510319,0.0504581,-0.13941622,-0.26471305,0.12633757,-0.13847746,1313000.01216599,0.06089333,0.0525671,0.05200624,-0.14238338,0.09232379,0.02045389,0.39262936,0.08597089,0.00426517,0.32701716,-0.03309568,-0.09566565,-0.08897611,-0.13667436,-0.12078411,-0.0788706,-0.09459592,-0.17885941,0.05281908,-0.1490126,-0.26717657,0.12874553,-0.13922948,1314000.01326342,0.05902986,0.05313574,0.04944427,-0.13506961,0.08917761,0.02732931,0.39375252,0.08946465,0.00667086,0.33024925,-0.02970116,-0.09042365,-0.09363822,-0.13643497,-0.11942676,-0.07955378,-0.08661844,-0.17739955,0.05387176,-0.14180797,-0.26636541,0.12040138,-0.14288339,1315000.00857563,0.0539054,0.0479795,0.0447743,-0.12533711,0.08415899,0.03240115,0.3931163,0.09042997,0.01919827,0.3274025,-0.02371619,-0.09716174,-0.08758966,-0.13520305,-0.11711022,-0.07850643,-0.09133583,-0.17204493,0.05260358,-0.13817455,-0.26360747,0.1256554,-0.14806831,1316000.00939971,0.05026258,0.05218556,0.04822811,-0.12588593,0.08625554,0.03330466,0.39573625,0.09219421,0.01789818,0.33269674,-0.02778629,-0.09439929,-0.08945503,-0.13499269,-0.11710833,-0.07425757,-0.09480477,-0.17051393,0.05077515,-0.13987206,-0.26354027,0.12656955,-0.14169681,1317000.01286666,0.05208135,0.05326411,0.04793355,-0.13638516,0.08587597,0.02932149,0.39496574,0.09141571,0.01217132,0.32776132,-0.03124354,-0.09846052,-0.08634619,-0.13719301,-0.11727352,-0.07620953,-0.09191609,-0.17612462,0.0578049,-0.14437422,-0.26288196,0.12509461,-0.14033444,1318000.01006609,0.05353618,0.0520229,0.04774714,-0.13927326,0.08882487,0.02920947,0.39521277,0.08905294,0.01158868,0.32515505,-0.0375678,-0.08922035,-0.09211933,-0.134331,-0.11859381,-0.07462232,-0.09454859,-0.17337236,0.05294729,-0.14586531,-0.26335922,0.12497408,-0.13559271,1319000.01017173,0.05411588,0.05253734,0.05221212,-0.13935833,0.08744428,0.03001099,0.39742163,0.0884641,0.01024397,0.33594981,-0.03707234,-0.0923202,-0.08672955,-0.13083798,-0.11815415,-0.07891226,-0.09289861,-0.17234395,0.0501603,-0.14819376,-0.26470599,0.12493797,-0.1360168,1320000.0118947,0.05642181,0.0526452,0.05486152,-0.1427345,0.09099156,0.02723946,0.39469841,0.08793584,0.00745587,0.33445325,-0.03729879,-0.09329772,-0.08827617,-0.13316293,-0.11801229,-0.07706451,-0.08946902,-0.17700525,0.04860367,-0.14361164,-0.26561663,0.12463552,-0.14331968,1321000.01274333,0.05849555,0.0504858,0.05793294,-0.14332026,0.09504211,0.02595631,0.39659384,0.09002479,0.0039337,0.32060912,-0.04220901,-0.10410001,-0.08774825,-0.137766,-0.11817987,-0.07329345,-0.07735888,-0.17411892,0.05375187,-0.14328003,-0.26516816,0.1258478,-0.14702612,1322000.0148044,0.05746531,0.05003045,0.05399779,-0.14058621,0.09444091,0.02906337,0.39522961,0.08852708,0.00651588,0.32531056,-0.04023255,-0.09847837,-0.08282943,-0.13307099,-0.12041067,-0.07232305,-0.08948752,-0.17411649,0.0516683,-0.14736602,-0.26447284,0.13004914,-0.14011653,1323000.01251194,0.05233456,0.04994923,0.04778428,-0.12404454,0.08307898,0.03108597,0.39462161,0.09095877,0.01770387,0.32649878,-0.03679609,-0.09319679,-0.08265237,-0.13610376,-0.11740356,-0.07717997,-0.08512931,-0.17303644,0.05142636,-0.13866255,-0.26332626,0.12398376,-0.13704808,1324000.00808423,0.0549177,0.04978262,0.04636677,-0.12951571,0.08789764,0.03570306,0.39545578,0.08940652,0.01845661,0.31916687,-0.03623207,-0.08581004,-0.0810569,-0.13298231,-0.11697758,-0.07596187,-0.0807992,-0.17194146,0.05003078,-0.14756104,-0.26234332,0.12728296,-0.13464367,1325000.0102489,0.05707261,0.05383196,0.04969429,-0.13398844,0.0890016,0.02985419,0.39427641,0.08723351,0.01355657,0.32827958,-0.0382474,-0.08945148,-0.08486186,-0.13109149,-0.11872078,-0.07895153,-0.0738906,-0.17412752,0.05361445,-0.13974956,-0.26240975,0.13117492,-0.1367434,1326000.00853466,0.05094401,0.05466902,0.05036246,-0.14037175,0.08873431,0.0287074,0.39423454,0.08698738,0.01095108,0.33275658,-0.04559239,-0.09436021,-0.09026953,-0.1314494,-0.11811602,-0.07799391,-0.0820642,-0.1732921,0.05372502,-0.14934258,-0.26215079,0.1271258,-0.14031082,1327000.0100458,0.05363502,0.05291209,0.0510677,-0.14038396,0.09278031,0.02259663,0.39237574,0.08720572,0.00981916,0.32757077,-0.05022918,-0.10109822,-0.08218849,-0.13171223,-0.11744487,-0.07619684,-0.08186418,-0.17321812,0.04683459,-0.14702705,-0.26316926,0.12269706,-0.13746788,1328000.01265507,0.05750961,0.05337377,0.05217599,-0.14631566,0.09257675,0.02594788,0.39507243,0.08853805,0.00553247,0.32533714,-0.05578131,-0.09488167,-0.08170986,-0.13365163,-0.11929232,-0.07817817,-0.10074227,-0.17412041,0.05698849,-0.13461395,-0.26360047,0.12459967,-0.13496499,1329000.01145172,0.05621934,0.04991665,0.05289843,-0.14649108,0.09040428,0.02336003,0.39438328,0.08505769,0.0026042,0.32181543,-0.05692745,-0.10235827,-0.08339894,-0.13228612,-0.12032289,-0.07513045,-0.09988151,-0.17469898,0.05283581,-0.14418373,-0.26315796,0.12640516,-0.14492176,1330000.01358989,0.05831943,0.05234988,0.05565647,-0.14574105,0.09738965,0.02488569,0.39324403,0.08651404,0.00258226,0.31671718,-0.05723345,-0.10270496,-0.08920943,-0.13093078,-0.12002762,-0.07886489,-0.08813352,-0.17656332,0.05349941,-0.14837003,-0.26274636,0.12532771,-0.14125438,1331000.00833618,0.05208743,0.04725071,0.04575675,-0.13647275,0.09108799,0.0293368,0.39253879,0.08849527,0.01365987,0.32356772,-0.05248224,-0.0966427,-0.09007093,-0.13123941,-0.11744402,-0.07346827,-0.08469076,-0.17231359,0.05398194,-0.14293772,-0.26205352,0.12140791,-0.13883485,1332000.00900575,0.0519861,0.04948366,0.04723122,-0.13552026,0.08913119,0.03672365,0.39706993,0.08993278,0.0170895,0.32782623,-0.05319318,-0.09414473,-0.08326214,-0.12787296,-0.11771309,-0.0746249,-0.07820624,-0.1724489,0.05706234,-0.14366585,-0.26080263,0.11919266,-0.14103247,1333000.00955415,0.05386185,0.05042402,0.05105336,-0.14297374,0.09147112,0.02333018,0.39669678,0.08847833,0.01101125,0.32454473,-0.05696901,-0.09821074,-0.08218387,-0.12748097,-0.11692339,-0.07641226,-0.07165479,-0.17313048,0.05646893,-0.14671418,-0.26019996,0.12253301,-0.14463456,1334000.00853466,0.05150037,0.05472383,0.0502577,-0.14136495,0.09041744,0.02744234,0.39364406,0.08671669,0.00891461,0.32220396,-0.05902409,-0.09941787,-0.08846583,-0.12295902,-0.11739944,-0.07991742,-0.08514677,-0.17229703,0.04963249,-0.14658329,-0.26231104,0.12025231,-0.13898316,1335000.0089852,0.04847994,0.05575075,0.05033617,-0.14422072,0.08797633,0.02655707,0.39658573,0.08684278,0.00784441,0.32255909,-0.06224842,-0.1007956,-0.0856742,-0.12929471,-0.11744155,-0.07775068,-0.0896121,-0.17171675,0.04794474,-0.14730906,-0.26269835,0.12132217,-0.14252891,1336000.01249206,0.05411541,0.05426371,0.05193449,-0.15009356,0.08964313,0.02689789,0.39655045,0.08534678,0.00493363,0.32119372,-0.06826591,-0.09652948,-0.08251144,-0.12983701,-0.11963516,-0.0803819,-0.08919947,-0.17177573,0.04993254,-0.14194329,-0.26285151,0.12729387,-0.13956562,1337000.012772,0.05466908,0.05369381,0.0548211,-0.15025139,0.08799858,0.02480652,0.39674896,0.08371195,0.00199189,0.32256794,-0.07466265,-0.10528586,-0.09052669,-0.12872255,-0.12086844,-0.07514357,-0.08855835,-0.1761924,0.05411582,-0.14127779,-0.26235029,0.12534797,-0.13562301,1338000.01145446,0.05591774,0.05072087,0.05418769,-0.14782803,0.090927,0.02042956,0.39564154,0.08326297,0.00096302,0.32111952,-0.07532813,-0.11230236,-0.08778679,-0.12886852,-0.11942706,-0.0761021,-0.09608521,-0.17576696,0.05303074,-0.14240116,-0.26109946,0.12279407,-0.13870157,1339000.00851076,0.04738836,0.04999798,0.04790371,-0.13972451,0.08883331,0.0270006,0.39659274,0.08643988,0.00892057,0.31871071,-0.06872547,-0.10396098,-0.08980478,-0.12895191,-0.11672213,-0.08150879,-0.08630355,-0.17521217,0.04704018,-0.13983895,-0.2610794,0.1216849,-0.1343841,1340000.00633502,0.05235093,0.04980664,0.04619079,-0.14137203,0.08647485,0.02849148,0.39686409,0.08440372,0.0139943,0.31909153,-0.06610904,-0.09875783,-0.07985188,-0.12409284,-0.11852486,-0.07400602,-0.0708739,-0.17094843,0.05274493,-0.13796179,-0.25946847,0.12444877,-0.14112009,1341000.01022043,0.04971104,0.05263937,0.04758516,-0.14465714,0.08628801,0.02625891,0.39432487,0.08378577,0.00799789,0.3173002,-0.07449609,-0.09214266,-0.08418658,-0.12795247,-0.11739832,-0.07580039,-0.08188832,-0.17162383,0.05456118,-0.14306664,-0.25954053,0.12443048,-0.13602012,1342000.00823859,0.04938789,0.05142249,0.04813419,-0.14581189,0.08724395,0.02365167,0.3986313,0.08274417,0.00768568,0.32568327,-0.07286543,-0.10013603,-0.08177075,-0.12874524,-0.11633787,-0.07991271,-0.08421122,-0.16972381,0.04931765,-0.14789829,-0.25990906,0.12092403,-0.13962871,1343000.009932,0.04837732,0.05126202,0.04751518,-0.14429626,0.08752796,0.02186271,0.40013558,0.08350772,0.00659696,0.31479767,-0.08009969,-0.09189933,-0.08742505,-0.1278605,-0.11689014,-0.07552127,-0.09268947,-0.17225482,0.0501054,-0.14563137,-0.2605195,0.12229322,-0.14028797,1344000.01313788,0.05135386,0.05391333,0.05131434,-0.15348943,0.08913425,0.02119444,0.3956224,0.08112688,0.00408622,0.31564265,-0.0822865,-0.10403365,-0.09090046,-0.13062209,-0.11624204,-0.07498633,-0.07788011,-0.17057341,0.04527457,-0.14279419,-0.2598542,0.1254086,-0.13625704,1345000.01448667,0.05364203,0.05293651,0.0526096,-0.15277196,0.09077127,0.02213344,0.39298224,0.07958332,0.00217664,0.31678095,-0.08255008,-0.1056265,-0.08274221,-0.12968798,-0.11706426,-0.07555994,-0.08299195,-0.17214806,0.04475399,-0.14549232,-0.25978237,0.1260843,-0.13716941,1346000.01448667,0.0531566,0.05126641,0.05426595,-0.15395018,0.08932044,0.02314722,0.39458689,0.07978156,0.00104037,0.31965056,-0.08464847,-0.10057843,-0.08455922,-0.13275442,-0.11846755,-0.07266447,-0.0877837,-0.17339811,0.04996431,-0.14780696,-0.25878626,0.12000997,-0.13280505,1347000.00687515,0.04477048,0.05197169,0.04653177,-0.14350595,0.08329644,0.02999469,0.39488715,0.08113406,0.01117102,0.31534845,-0.07916593,-0.10999454,-0.07962526,-0.12548026,-0.11597701,-0.06793778,-0.07309298,-0.17161028,0.04819714,-0.14356929,-0.2576265,0.12392327,-0.13359,1348000.01098026,0.04815098,0.05134566,0.04576908,-0.14196034,0.08286445,0.03074531,0.39405784,0.08270722,0.01423593,0.31365842,-0.07645212,-0.09213376,-0.07629977,-0.12376824,-0.11377311,-0.0690557,-0.06683999,-0.17080162,0.0520414,-0.13977194,-0.25605607,0.12194948,-0.13065153,1349000.01086614,0.05143379,0.05340032,0.04653407,-0.14455886,0.08603392,0.0264672,0.39714593,0.08186511,0.0098587,0.32246158,-0.077795,-0.09639204,-0.07538763,-0.12239709,-0.11491925,-0.06815229,-0.07189953,-0.17076984,0.05545325,-0.13975595,-0.25509197,0.12562668,-0.14263509,1350000.00956646,0.05007555,0.04983296,0.04874256,-0.14403151,0.09216664,0.02233804,0.39708048,0.07986536,0.00783129,0.32339233,-0.08134466,-0.10424484,-0.0864637,-0.11996273,-0.11732168,-0.06842511,-0.08404586,-0.17250144,0.05056486,-0.13588384,-0.25591612,0.12306553,-0.14032084,1351000.01094328,0.04998048,0.05288363,0.05095242,-0.14986652,0.0886335,0.02285867,0.3956942,0.07903858,0.00666777,0.31611803,-0.08634418,-0.09671692,-0.08701199,-0.12089507,-0.11536124,-0.06831083,-0.07915455,-0.17415455,0.05418408,-0.14636882,-0.25499982,0.12941091,-0.13189438,1352000.01289757,0.05322483,0.0521002,0.05148937,-0.1525947,0.09027842,0.01933277,0.39694488,0.07819079,0.00486475,0.31625715,-0.08848491,-0.08654166,-0.08212735,-0.12681656,-0.11602001,-0.07099508,-0.09627847,-0.17217216,0.05540023,-0.13889076,-0.25508648,0.12943444,-0.12755446,1353000.01366846,0.0550107,0.05218365,0.0533445,-0.15461592,0.09186431,0.01840542,0.39393327,0.07686162,0.00187691,0.320925,-0.0911091,-0.09486757,-0.07867564,-0.12785091,-0.11673792,-0.06421796,-0.09012864,-0.16783354,0.05069914,-0.14168973,-0.25610507,0.11976846,-0.13574602,1354000.01226286,0.0530725,0.05529589,0.05301217,-0.1485381,0.09068075,0.01939717,0.39637056,0.07794073,0.0017282,0.3123911,-0.09081982,-0.09781209,-0.07795744,-0.12115731,-0.11671262,-0.06277405,-0.08152769,-0.16919957,0.0564528,-0.14657204,-0.2553848,0.12526681,-0.13874112,1355000.00939567,0.04811582,0.05264971,0.04555969,-0.13543008,0.08668653,0.02647136,0.39322329,0.08095469,0.01459233,0.31020001,-0.08185419,-0.09420658,-0.0777505,-0.11958295,-0.11424717,-0.06148918,-0.06425983,-0.16804363,0.06014654,-0.13631421,-0.25322628,0.11378347,-0.14463991,1356000.00737412,0.04970244,0.05277958,0.04508246,-0.13224617,0.08528017,0.02783405,0.39570937,0.08243953,0.01635479,0.32343388,-0.08587084,-0.09851197,-0.07618983,-0.12036262,-0.11322786,-0.06142763,-0.07801595,-0.17083728,0.05233953,-0.14177258,-0.25257874,0.11845639,-0.1377248,1357000.01072023,0.04888862,0.05385666,0.04659332,-0.14285739,0.08904921,0.02748039,0.39457223,0.07886329,0.01328648,0.32188538,-0.09176337,-0.07827542,-0.06797583,-0.11947963,-0.11441905,-0.05984757,-0.07233775,-0.1693207,0.0512706,-0.14006719,-0.25372863,0.11877876,-0.13689397,1358000.01061456,0.04813322,0.05102015,0.05016826,-0.14403202,0.08841486,0.02762956,0.39572588,0.07775921,0.01117009,0.31776553,-0.0917986,-0.07556562,-0.07368235,-0.12002306,-0.11559407,-0.06170592,-0.06263548,-0.16801867,0.05501563,-0.13771124,-0.25481448,0.12199501,-0.13566154,1359000.01105743,0.05084036,0.05578026,0.05155392,-0.14149588,0.08953656,0.0286256,0.39504099,0.07807609,0.01052844,0.31706712,-0.09281146,-0.09797842,-0.06715495,-0.12037161,-0.11372093,-0.0652081,-0.07049154,-0.17041151,0.05598736,-0.13534836,-0.25489661,0.12488946,-0.13168152,1360000.01493913,0.05204852,0.05889292,0.05062751,-0.14777943,0.0877298,0.02713962,0.39741197,0.07621599,0.00680138,0.31393275,-0.09391025,-0.09612182,-0.08088565,-0.12055299,-0.114522,-0.06101874,-0.07692689,-0.17348769,0.05428766,-0.15375042,-0.25557148,0.12036187,-0.13558026,1361000.0135038,0.05373114,0.05426537,0.05338679,-0.14738603,0.09225339,0.02022506,0.3959403,0.0754976,0.00379178,0.32853881,-0.09370889,-0.09610164,-0.07404412,-0.12276492,-0.11563611,-0.05975383,-0.0732448,-0.17532428,0.05121289,-0.14909141,-0.25699484,0.12205284,-0.13772638,1362000.01383187,0.05075312,0.05710739,0.0545007,-0.14893655,0.0929231,0.02345118,0.39357555,0.07708441,0.00307494,0.31480256,-0.09421644,-0.08790746,-0.06970109,-0.12042981,-0.11414104,-0.05985985,-0.06037808,-0.17262401,0.05823412,-0.14197871,-0.25675479,0.12573299,-0.13315736,1363000.01192584,0.0492557,0.05407902,0.04675571,-0.13417427,0.08846218,0.03017252,0.39479709,0.07858404,0.01240759,0.31984425,-0.08972441,-0.08325651,-0.07460183,-0.1146115,-0.11343447,-0.05698216,-0.07984876,-0.17660455,0.05281793,-0.14275965,-0.25605604,0.12514873,-0.13450696,1364000.01039488,0.05220054,0.05572687,0.04558265,-0.13124807,0.08709148,0.03225274,0.39222473,0.07780542,0.01901377,0.32763037,-0.08843838,-0.09143458,-0.07009549,-0.11501168,-0.11366868,-0.0514519,-0.06206244,-0.17426649,0.05313886,-0.13794035,-0.25474098,0.12266704,-0.14359796,1365000.00620139,0.04942207,0.05461415,0.04668212,-0.13596198,0.08278981,0.02900411,0.39372924,0.07766517,0.01735505,0.32659361,-0.09355866,-0.09486657,-0.06779356,-0.1123092,-0.11437549,-0.05015531,-0.06809898,-0.17608762,0.05466896,-0.13490804,-0.25684434,0.1248406,-0.14042918,1366000.011346,0.04829403,0.05158534,0.04683903,-0.14101116,0.08581771,0.02660451,0.39583188,0.07928591,0.01345907,0.31235874,-0.09765759,-0.08061042,-0.06547713,-0.11481553,-0.11236943,-0.0537646,-0.07184126,-0.17575879,0.05806632,-0.13723651,-0.2577993,0.12287687,-0.14061262,1367000.01207763,0.04830307,0.05123566,0.04797735,-0.14048636,0.08745235,0.02002043,0.40055242,0.07704595,0.01238299,0.31207833,-0.09677881,-0.0885407,-0.06763192,-0.11431587,-0.1137411,-0.05476055,-0.06993945,-0.17662051,0.05574571,-0.13215624,-0.26057607,0.12227897,-0.1439672,1368000.01290646,0.04978782,0.05575075,0.04938074,-0.14265151,0.08962693,0.0249442,0.39678568,0.07657109,0.01000873,0.30690667,-0.09969246,-0.07416486,-0.07270657,-0.11520211,-0.11678337,-0.05310987,-0.07072869,-0.17745957,0.05681361,-0.14308105,-0.26133272,0.12305995,-0.13917512,1369000.01379263,0.05338164,0.05680635,0.05445965,-0.14469758,0.09322629,0.01983304,0.3956084,0.07739587,0.00743489,0.31009778,-0.10231607,-0.08038644,-0.06148146,-0.11569495,-0.11633338,-0.05710472,-0.07549683,-0.17772676,0.05893091,-0.14945085,-0.26375952,0.12187808,-0.13424201,1370000.01316656,0.05352631,0.05827042,0.05842153,-0.14716201,0.09111645,0.02390122,0.3960062,0.07640772,0.004484,0.31192836,-0.10472033,-0.09475509,-0.06909707,-0.11714727,-0.11689198,-0.05247894,-0.0718543,-0.18090959,0.06051801,-0.14592144,-0.26282525,0.12289751,-0.13452102,1371000.01604732,0.05469194,0.05605219,0.05444483,-0.14409882,0.0925948,0.02654526,0.39456046,0.07600636,0.00401253,0.32150599,-0.10394368,-0.08959568,-0.06572533,-0.11591345,-0.11687111,-0.04737522,-0.08120238,-0.17862292,0.05761365,-0.14127725,-0.26393393,0.12112949,-0.13975634,1372000.01080041,0.0470291,0.05578257,0.04753818,-0.13191019,0.09452282,0.02865662,0.39461631,0.07684784,0.01667612,0.3233262,-0.09428814,-0.08174748,-0.0651534,-0.1153688,-0.11398534,-0.0464182,-0.07144825,-0.17521825,0.05485328,-0.14424253,-0.26358509,0.12082277,-0.14001822,1373000.00913587,0.04777725,0.05905638,0.04511094,-0.13221718,0.09261621,0.03370964,0.39626586,0.07895922,0.02141176,0.32370728,-0.09196441,-0.07979713,-0.06144119,-0.11229715,-0.11374673,-0.04419327,-0.06833439,-0.17625464,0.05050287,-0.14534695,-0.26099864,0.11912282,-0.14456341,1374000.00966383,0.04770129,0.05412745,0.04844781,-0.134817,0.09060701,0.02653566,0.39737865,0.07992665,0.01707505,0.30543211,-0.09638967,-0.07236954,-0.07405046,-0.11694813,-0.11518374,-0.0461484,-0.0700374,-0.17937911,0.0556679,-0.14542063,-0.26473883,0.12427362,-0.14171387,1375000.01120323,0.05059395,0.05372224,0.04876136,-0.13475201,0.08887985,0.02621552,0.3978698,0.07927865,0.01511198,0.31710362,-0.09481411,-0.0797741,-0.06260376,-0.11386968,-0.11525577,-0.04287119,-0.06172341,-0.17662275,0.05574625,-0.14730553,-0.2656666,0.12157581,-0.14392123,1376000.01206023,0.05378426,0.05345151,0.05061607,-0.13646805,0.09074943,0.03084054,0.39906046,0.07921655,0.01577639,0.32336375,-0.09580632,-0.07779726,-0.05581465,-0.11300186,-0.11754289,-0.03884161,-0.06374288,-0.1772823,0.05441822,-0.15201056,-0.26681584,0.12230631,-0.13966233,1377000.01286887,0.05150304,0.05450619,0.052706,-0.13929324,0.09701985,0.03059641,0.39944944,0.07684769,0.01405377,0.31455538,-0.09533139,-0.08690344,-0.06180149,-0.11245319,-0.11702426,-0.04164148,-0.06191716,-0.17777333,0.05668261,-0.14168805,-0.26980993,0.12345818,-0.14827281,1378000.01392845,0.05226775,0.05621374,0.05534365,-0.14311071,0.09738854,0.02990577,0.40218669,0.07685071,0.01089498,0.32417527,-0.09576818,-0.07841815,-0.05522199,-0.11533947,-0.11799691,-0.03639388,-0.06923664,-0.18104547,0.056178,-0.14962247,-0.26912999,0.12073278,-0.14777963,1379000.0141501,0.05647153,0.05889478,0.05494416,-0.13989834,0.09313542,0.02776431,0.40201581,0.07631354,0.00985674,0.31151119,-0.09800076,-0.08923026,-0.06271733,-0.11467825,-0.11740258,-0.03641483,-0.06756768,-0.17931092,0.06346031,-0.15474266,-0.26889214,0.12700571,-0.15271685,1380000.0126678,0.04987897,0.05608088,0.05194574,-0.13044304,0.08976552,0.0291996,0.39580458,0.08033586,0.01430573,0.31982452,-0.09401207,-0.0760937,-0.0639867,-0.10950671,-0.1170835,-0.03884962,-0.06854796,-0.17592858,0.06032974,-0.14279872,-0.26865852,0.13133574,-0.1427573,1381000.00957837,0.04805787,0.05597281,0.05048451,-0.1238366,0.08851001,0.0347179,0.39883676,0.08118124,0.02557259,0.32316595,-0.08383131,-0.07585064,-0.05569451,-0.1093988,-0.11388496,-0.03877821,-0.06709862,-0.18016152,0.05305877,-0.14425717,-0.26691264,0.12494949,-0.14351614,1382000.01106026,0.04893088,0.05567221,0.05217599,-0.13170636,0.09346695,0.03558515,0.40137434,0.0805486,0.02358531,0.32579571,-0.07989849,-0.08218774,-0.05010654,-0.11209062,-0.11554752,-0.0316574,-0.06234429,-0.17784469,0.05709929,-0.1413141,-0.26767763,0.13062486,-0.15356712,1383000.01190601,0.04875945,0.05421059,0.05171241,-0.13021001,0.09328412,0.03253125,0.39841455,0.08175101,0.0202553,0.32692853,-0.08869406,-0.07019966,-0.05746738,-0.11389672,-0.11663226,-0.03457484,-0.08370567,-0.17903891,0.0619376,-0.1466486,-0.26887739,0.12707068,-0.14067058,1384000.01474676,0.05423413,0.05799947,0.05303706,-0.13013731,0.09334511,0.03349014,0.40013963,0.08062898,0.02140529,0.3207162,-0.08540246,-0.07512364,-0.05397506,-0.11236905,-0.11863031,-0.03201697,-0.05794242,-0.1819676,0.05329236,-0.15369841,-0.27089709,0.12092403,-0.13849755,1385000.01637463,0.05311427,0.05634966,0.05419276,-0.13542838,0.09327249,0.03582449,0.39931276,0.08162399,0.01955571,0.32272592,-0.08645895,-0.06636089,-0.05746875,-0.11504254,-0.11905673,-0.02916059,-0.05889729,-0.17999913,0.06254445,-0.14899492,-0.27235985,0.12079296,-0.14607087,1386000.01665366,0.05347867,0.05705286,0.05581285,-0.13656121,0.09281067,0.02688162,0.39911011,0.07933223,0.01623251,0.31993824,-0.08587589,-0.07555846,-0.06244832,-0.11369731,-0.11792297,-0.02695981,-0.07722978,-0.18080288,0.05921308,-0.1498633,-0.27242222,0.12259512,-0.14859138,1387000.01585452,0.05692568,0.05848829,0.05972687,-0.13713807,0.0940386,0.03158821,0.39824668,0.07994244,0.01313155,0.31669855,-0.08782046,-0.08113211,-0.05904233,-0.11689001,-0.11709485,-0.03474385,-0.07369248,-0.17923431,0.05505943,-0.15716995,-0.27156568,0.12819356,-0.14438355,1388000.01420782,0.05426721,0.05424277,0.05389339,-0.12432831,0.09340777,0.03532939,0.3979626,0.08113234,0.02160165,0.32144222,-0.07614653,-0.08396604,-0.04771236,-0.11337734,-0.11735673,-0.03130496,-0.07458236,-0.17966926,0.06114032,-0.14377186,-0.27198172,0.12997945,-0.15129136,1389000.01053188,0.05384308,0.05137797,0.05037045,-0.11771242,0.09537236,0.04248983,0.39901823,0.08569073,0.03184767,0.32033515,-0.0692338,-0.07772082,-0.04776679,-0.1075455,-0.1155681,-0.0263496,-0.06682108,-0.18450527,0.05620736,-0.15031992,-0.26942521,0.12988034,-0.14486425,1390000.01245464,0.05365919,0.0566461,0.05232051,-0.11927611,0.09260713,0.03410386,0.40112653,0.08476235,0.03024035,0.33196744,-0.07210506,-0.06956828,-0.04971492,-0.11249569,-0.11696207,-0.02378031,-0.07033841,-0.17985077,0.05950211,-0.14730079,-0.27053857,0.12733085,-0.14612585,1391000.01386977,0.05440311,0.05762132,0.05403116,-0.12338571,0.09141051,0.03855119,0.40052187,0.08414175,0.02757711,0.32200044,-0.06719749,-0.07468246,-0.05187017,-0.10947813,-0.11562525,-0.02419284,-0.0655876,-0.18008237,0.06422343,-0.14934348,-0.27143842,0.1319675,-0.14766146,1392000.01282045,0.05491115,0.05981487,0.05366992,-0.11923231,0.09272861,0.03960549,0.40450376,0.08524537,0.02803956,0.31844035,-0.06855792,-0.07276969,-0.05245126,-0.11057853,-0.11683425,-0.02643242,-0.07600848,-0.17728387,0.06296451,-0.14845774,-0.27418667,0.13236728,-0.14037852,1393000.01208002,0.05622417,0.05878468,0.05702531,-0.12201052,0.09417231,0.03558285,0.40179479,0.08485749,0.02623172,0.31751758,-0.06972061,-0.07569541,-0.05489329,-0.11309498,-0.11546827,-0.02781177,-0.06340905,-0.17977323,0.06155537,-0.151265,-0.2739003,0.13405925,-0.14512362,1394000.01256042,0.0577047,0.05485999,0.05766791,-0.12776732,0.09569865,0.02949303,0.39719018,0.08388668,0.02190909,0.31939271,-0.06637626,-0.08075827,-0.05181246,-0.11129558,-0.11673932,-0.02731628,-0.05897205,-0.18192992,0.05487968,-0.14122459,-0.27478006,0.13327481,-0.14035863,1395000.0159124,0.0611567,0.05897503,0.06176767,-0.13218069,0.09742033,0.0399509,0.39885429,0.08481249,0.01927271,0.32192999,-0.0729818,-0.07992591,-0.05285643,-0.11127961,-0.11759733,-0.02705285,-0.06474015,-0.18383123,0.059583,-0.14323702,-0.27367347,0.13228278,-0.14621247,1396000.01600858,0.05967444,0.05894907,0.05926076,-0.11995545,0.09747159,0.03699967,0.39970851,0.08637155,0.02194884,0.3133201,-0.06639396,-0.07296502,-0.04867537,-0.11599337,-0.11808955,-0.02842974,-0.0679852,-0.18170361,0.06477223,-0.14447428,-0.27346838,0.13061666,-0.15210095,1397000.01393774,0.05262692,0.05716265,0.05368058,-0.10762428,0.09535152,0.0467642,0.40023178,0.08865482,0.03580642,0.32946521,-0.05528251,-0.06660065,-0.05551514,-0.11525889,-0.11395814,-0.02627165,-0.05712679,-0.17763329,0.06170605,-0.14227101,-0.27283102,0.12202276,-0.14982219,1398000.01494836,0.05410433,0.05797265,0.05074278,-0.11231254,0.09430765,0.04361029,0.40032843,0.08693055,0.03507531,0.33301124,-0.05423708,-0.0733389,-0.05285383,-0.11061192,-0.11501525,-0.02318592,-0.0600032,-0.17920125,0.06588407,-0.14245397,-0.27286428,0.12310616,-0.14269039,1399000.01306074,0.05758844,0.0585405,0.05430294,-0.11542649,0.09310845,0.03975118,0.40338224,0.08676642,0.03191459,0.32267138,-0.05761941,-0.07523544,-0.04665124,-0.11106931,-0.11665077,-0.02840383,-0.06953423,-0.18058449,0.06431622,-0.14738929,-0.27534911,0.13132721,-0.1428607,1400000.01782121,0.05810392,0.05962391,0.05456818,-0.11613011,0.09253415,0.04190392,0.40375069,0.08718906,0.03071751,0.32507992,-0.05681266,-0.0780335,-0.05235311,-0.11250504,-0.11804429,-0.029456,-0.07678632,-0.18024424,0.06568805,-0.14404817,-0.27625513,0.13007347,-0.15296507,1401000.01428414,0.05911466,0.05656345,0.05499012,-0.11881653,0.09399596,0.04052451,0.40487117,0.08787982,0.02880801,0.32355261,-0.0603346,-0.07756465,-0.05611596,-0.11295298,-0.11746874,-0.02840415,-0.05978103,-0.18241744,0.06320885,-0.14852898,-0.27716371,0.12798485,-0.15172622,1402000.0164521,0.06379389,0.05894561,0.05873051,-0.12478276,0.09669141,0.03991735,0.40240842,0.08564681,0.02616908,0.32325855,-0.06432341,-0.08057263,-0.05900898,-0.11127649,-0.11733604,-0.03202898,-0.05887591,-0.18441476,0.06216428,-0.1489069,-0.27772605,0.12677515,-0.13915864,1403000.01650029,0.05998917,0.06157555,0.06216827,-0.12604012,0.09765572,0.03960067,0.40319037,0.08867621,0.02330404,0.32663363,-0.05664841,-0.08035499,-0.05456529,-0.11426003,-0.11890056,-0.03127462,-0.06546023,-0.18673508,0.06439117,-0.14391769,-0.27719218,0.13511255,-0.15006173,1404000.01847604,0.06276377,0.05970603,0.06093884,-0.12854809,0.09968658,0.03860796,0.402931,0.08746109,0.02148747,0.32189113,-0.06302954,-0.08185554,-0.05596343,-0.11408208,-0.11909329,-0.03476263,-0.0675117,-0.18310077,0.06035993,-0.15469341,-0.27758104,0.13380417,-0.14589144,1405000.01354308,0.05467669,0.05634966,0.05324158,-0.11258209,0.09690809,0.04500746,0.40176126,0.08771025,0.03136545,0.32211378,-0.05267281,-0.08183507,-0.05928376,-0.11120458,-0.11788688,-0.03434449,-0.06651246,-0.1850445,0.05887783,-0.14932612,-0.27586037,0.12885925,-0.14500903,1406000.00954615,0.05194563,0.05921768,0.05239804,-0.10980595,0.09631418,0.04654403,0.40598109,0.0870118,0.0368253,0.33871201,-0.05115804,-0.07106351,-0.0569134,-0.10725719,-0.11585858,-0.03307781,-0.05304957,-0.1839958,0.05506251,-0.1364342,-0.27502763,0.1253653,-0.14031745,1407000.01197188,0.05521864,0.06187327,0.05371777,-0.1150364,0.09402632,0.03951406,0.40427867,0.08900224,0.03374408,0.32960811,-0.05078309,-0.06893915,-0.05849039,-0.10926939,-0.11662567,-0.03385969,-0.05394756,-0.18159941,0.05815108,-0.14587317,-0.27720758,0.13081862,-0.14219907,1408000.01401333,0.05553264,0.05902597,0.05353085,-0.11805292,0.08765505,0.04126363,0.40493837,0.0893598,0.03154152,0.33295774,-0.05192061,-0.08074266,-0.06149918,-0.11117431,-0.11881017,-0.03677968,-0.06615902,-0.18011896,0.06306625,-0.15423883,-0.27730915,0.12984945,-0.14829163,1409000.01513145,0.05968288,0.05628943,0.0532955,-0.12200756,0.09477094,0.03718548,0.40462267,0.08502227,0.02891177,0.32725316,-0.05553333,-0.0652039,-0.06350843,-0.1119814,-0.11742789,-0.03904131,-0.0674247,-0.1843463,0.06335259,-0.14760645,-0.27906957,0.12908028,-0.14533459,1410000.01585452,0.05898945,0.05712765,0.05632363,-0.12668961,0.0998394,0.03630039,0.40387973,0.08680074,0.02543436,0.33269608,-0.05935833,-0.08170263,-0.06469438,-0.11224806,-0.11868428,-0.04172659,-0.07766951,-0.18438816,0.05954967,-0.14842758,-0.27937093,0.13040601,-0.14812149,1411000.0179846,0.05525392,0.05677668,0.05757751,-0.13352142,0.09907036,0.03683985,0.40516293,0.08698575,0.02305223,0.32212147,-0.0575617,-0.0889964,-0.07273991,-0.1098142,-0.1178197,-0.04153956,-0.07320093,-0.1871312,0.06197304,-0.14818233,-0.27958471,0.13322827,-0.14933695,1412000.01641347,0.05912816,0.06021918,0.06003095,-0.13315478,0.09700838,0.03655902,0.40233183,0.08665465,0.02050483,0.33218905,-0.05794683,-0.08529653,-0.07835627,-0.11286511,-0.11946939,-0.04078854,-0.07450534,-0.1837168,0.06110361,-0.15297462,-0.27960095,0.12786858,-0.15514849,1413000.01565231,0.05476419,0.06276941,0.05328415,-0.12215929,0.09206318,0.0346489,0.40414086,0.08708614,0.02626508,0.3304615,-0.05571512,-0.09104107,-0.06835447,-0.11824954,-0.11998755,-0.04184505,-0.07034522,-0.18215358,0.06294211,-0.15867382,-0.27852276,0.12569238,-0.14992252,1414000.01192584,0.05190295,0.05889201,0.05233112,-0.1136083,0.09634383,0.04232435,0.40469673,0.08803989,0.03636958,0.33000734,-0.05129274,-0.07852004,-0.06627425,-0.11097461,-0.11809222,-0.04019497,-0.0785061,-0.18396577,0.06233106,-0.15120359,-0.27687448,0.12893389,-0.14300629,1415000.01135747,0.05398572,0.05520321,0.05268631,-0.1182484,0.09545902,0.03846853,0.40440601,0.08670224,0.0333895,0.33012256,-0.05136565,-0.07585797,-0.0647663,-0.10908324,-0.1191451,-0.04259833,-0.06756806,-0.1821125,0.05823584,-0.15049674,-0.2775256,0.12870499,-0.1449227,1416000.01370643,0.05736678,0.05961952,0.05328387,-0.12571827,0.09222317,0.03792204,0.40425405,0.08668389,0.02955663,0.33603781,-0.05379385,-0.07644138,-0.0687568,-0.10749471,-0.11842822,-0.04091837,-0.06332536,-0.18600205,0.06129942,-0.15003739,-0.2793096,0.13041881,-0.1428764,1417000.01398604,0.0539983,0.05663845,0.05429684,-0.12277959,0.0924262,0.03881558,0.40458006,0.08941948,0.02858167,0.3263855,-0.05574751,-0.08235589,-0.07459378,-0.10838541,-0.11955936,-0.04711894,-0.0676965,-0.18230163,0.05790959,-0.14450133,-0.28070566,0.13227274,-0.14422032,1418000.01460254,0.05863043,0.05682812,0.05462854,-0.12970591,0.09738634,0.03991446,0.40214545,0.08715791,0.02713082,0.31996438,-0.05577645,-0.08075923,-0.07381092,-0.11374573,-0.11961287,-0.04453282,-0.06897059,-0.18172099,0.05429469,-0.14013562,-0.27973518,0.13369668,-0.15356283,1419000.01715485,0.05729541,0.06000159,0.05729927,-0.13160101,0.09294449,0.03463389,0.4020752,0.0841928,0.0243876,0.32756808,-0.05395,-0.08689057,-0.07612064,-0.11182304,-0.12162302,-0.04921788,-0.07980817,-0.18475248,0.05354564,-0.15042806,-0.28069121,0.13222854,-0.15091915,1420000.01660568,0.05792642,0.05964986,0.05970436,-0.13444793,0.0939833,0.03840243,0.40047339,0.08482465,0.02105387,0.32676691,-0.05697305,-0.0838753,-0.07313107,-0.11656704,-0.12249424,-0.04708314,-0.06671811,-0.18232025,0.0619619,-0.14713925,-0.28036967,0.1341901,-0.14933234,1421000.01357264,0.05585416,0.05826947,0.0535972,-0.12690084,0.08854873,0.03793344,0.40153065,0.08877686,0.02910439,0.32398343,-0.04636292,-0.08218525,-0.07219248,-0.11508523,-0.1212251,-0.04735914,-0.0758998,-0.18178986,0.06308452,-0.15068181,-0.27940363,0.13188283,-0.14642644,1422000.01037776,0.05360267,0.05832057,0.04982115,-0.11984059,0.09235196,0.04132444,0.40250498,0.0901456,0.03758721,0.33006823,-0.04938932,-0.08859732,-0.06354816,-0.11385652,-0.11864424,-0.04643219,-0.07338586,-0.18534237,0.06245203,-0.14967935,-0.2787061,0.13351034,-0.14534119,1423000.01357184,0.05780319,0.06040579,0.05202445,-0.12525734,0.09028649,0.04007184,0.40280789,0.08924378,0.03429367,0.33347079,-0.05248359,-0.09666049,-0.07581174,-0.11655539,-0.11938577,-0.04474731,-0.07287763,-0.18311691,0.06369159,-0.15163304,-0.27959943,0.1302066,-0.1479947,1424000.01385139,0.05239462,0.05929469,0.05277168,-0.12749985,0.08471211,0.03565474,0.40249306,0.08726865,0.02931902,0.33873704,-0.05463395,-0.08541112,-0.06845456,-0.11338753,-0.12163913,-0.04888987,-0.08174403,-0.18382475,0.05706234,-0.15059884,-0.28004166,0.13692899,-0.14941771,1425000.01242598,0.05427844,0.05690967,0.05336229,-0.12850523,0.09101228,0.03451171,0.40252861,0.08666271,0.02869845,0.32788056,-0.05070827,-0.08127084,-0.07157367,-0.11208794,-0.12097893,-0.05472723,-0.07557945,-0.18307832,0.06742157,-0.14534624,-0.27945951,0.12923697,-0.14946356,1426000.01265728,0.05712504,0.05929602,0.05561138,-0.12969211,0.09442022,0.0358551,0.40030199,0.08495693,0.02653629,0.32801196,-0.05673364,-0.09083039,-0.07703636,-0.11660807,-0.12111303,-0.05469957,-0.07194801,-0.18872741,0.06254184,-0.15022513,-0.28049701,0.13434155,-0.1490657,1427000.01341764,0.05838735,0.06130279,0.05749918,-0.13484217,0.09173013,0.03306061,0.40133911,0.0843561,0.02363906,0.32489279,-0.05707949,-0.09260923,-0.0767294,-0.11808245,-0.12263897,-0.052914,-0.07661812,-0.18786125,0.0598278,-0.15932363,-0.27982408,0.13741563,-0.14180446,1428000.01641347,0.05888351,0.05864522,0.0590649,-0.13460542,0.09056314,0.03315144,0.39986593,0.08472842,0.02093286,0.32436141,-0.05810628,-0.0913574,-0.07494269,-0.11997234,-0.12369777,-0.0523022,-0.08535641,-0.18501242,0.06048376,-0.1550442,-0.2780863,0.12809378,-0.14681789,1429000.01376497,0.0554375,0.05480355,0.05303706,-0.12367517,0.09137113,0.04301608,0.40107855,0.08846746,0.03070525,0.3308301,-0.04846922,-0.09120867,-0.07937559,-0.1205576,-0.12198571,-0.0532147,-0.07521365,-0.18535621,0.05733726,-0.1464847,-0.27931744,0.12909849,-0.14802854,1430000.00970405,0.05467511,0.05607328,0.05034383,-0.11817877,0.09366326,0.04595989,0.40306732,0.09053832,0.03855899,0.32017329,-0.04604365,-0.08519585,-0.07210144,-0.1136755,-0.11905724,-0.04733365,-0.07407286,-0.18324673,0.06046712,-0.14575066,-0.2766785,0.12786776,-0.15167998,1431000.01217475,0.0542838,0.05658141,0.05222272,-0.12575018,0.08926219,0.04287241,0.4014096,0.08861116,0.03376099,0.32889611,-0.04778366,-0.08825738,-0.07458132,-0.11390486,-0.11984213,-0.050503,-0.06333397,-0.18359135,0.06112074,-0.1462597,-0.2782774,0.13182455,-0.14270984,1432000.01470775,0.05519291,0.05519864,0.05278328,-0.12577453,0.08660848,0.03731333,0.40206948,0.08663692,0.03024189,0.33819765,-0.04955415,-0.08922129,-0.08378852,-0.11413621,-0.12118266,-0.05434749,-0.06888095,-0.1845649,0.06035645,-0.14891994,-0.27930346,0.1326368,-0.14184014,1433000.01201175,0.05755555,0.05427699,0.0529217,-0.12877028,0.09065334,0.03672223,0.40078193,0.08776005,0.02904491,0.33398312,-0.05380933,-0.08768804,-0.0770428,-0.11292033,-0.1217584,-0.05581564,-0.07924744,-0.18300284,0.06592257,-0.15014715,-0.27814767,0.1333417,-0.15193662,1434000.01336925,0.05990338,0.05631222,0.05450193,-0.13182338,0.09381398,0.02708598,0.40142757,0.08545303,0.02573649,0.32351205,-0.05440511,-0.09115744,-0.08017177,-0.11061199,-0.12180672,-0.05290749,-0.06734285,-0.18419737,0.06307735,-0.14409593,-0.27813044,0.12847267,-0.14578342,1435000.01659656,0.06046902,0.05991768,0.05648572,-0.13173814,0.08871649,0.03468485,0.40234905,0.08529953,0.02332297,0.33232704,-0.05971012,-0.10154333,-0.08008408,-0.11765952,-0.12219772,-0.05973171,-0.08522602,-0.1856509,0.06212391,-0.15155123,-0.27787563,0.13006128,-0.1378229,1436000.01392845,0.05965621,0.05807604,0.05756459,-0.1368311,0.08527168,0.03174085,0.40095156,0.08477795,0.02133745,0.3226459,-0.06225481,-0.09278284,-0.08737686,-0.11567007,-0.1215343,-0.05470915,-0.08423886,-0.18330376,0.06100421,-0.14809273,-0.27781251,0.13124889,-0.1379669,1437000.01167676,0.05654103,0.06065335,0.05423569,-0.12958488,0.08864741,0.03628521,0.40098369,0.08695814,0.02580854,0.33933696,-0.05087619,-0.08737819,-0.07908525,-0.11618271,-0.12144339,-0.05482161,-0.07531123,-0.18261293,0.06669582,-0.14870583,-0.27594757,0.1379319,-0.13837343,1438000.00979791,0.0519966,0.05658535,0.04764224,-0.11866559,0.09081864,0.04195315,0.39938742,0.08921538,0.0364102,0.33578461,-0.04524749,-0.08922719,-0.08040623,-0.10582231,-0.11951981,-0.05811743,-0.07021409,-0.17954411,0.06675534,-0.14588186,-0.27428868,0.12902284,-0.14977759,1439000.01256922,0.05266751,0.05611813,0.0480473,-0.11888009,0.09271138,0.03988354,0.40116951,0.08805559,0.03281094,0.33518401,-0.05332139,-0.08690196,-0.0812453,-0.10779853,-0.11965929,-0.05713187,-0.07066616,-0.1827527,0.06407549,-0.14427796,-0.27597317,0.1319755,-0.14183198,1440000.01285796,0.05563737,0.05638712,0.05284324,-0.12900962,0.08921752,0.03061127,0.39913943,0.08693058,0.02863651,0.33158842,-0.0566061,-0.10157362,-0.08980302,-0.10878689,-0.1209693,-0.0559231,-0.06530813,-0.18011725,0.06057158,-0.14377964,-0.27594712,0.13616003,-0.13132098,1441000.01218338,0.05702394,0.05679541,0.0535909,-0.12902041,0.09134109,0.03687294,0.4034794,0.08893666,0.02661595,0.33132446,-0.05609773,-0.09981047,-0.08789493,-0.11553305,-0.12307477,-0.06073303,-0.06397463,-0.18032971,0.0647025,-0.14683619,-0.2761218,0.13403369,-0.1385875,1442000.01092322,0.05721603,0.05684591,0.05499641,-0.13009332,0.0971914,0.0337424,0.40249306,0.08816239,0.02372305,0.325609,-0.06017342,-0.10217775,-0.0860116,-0.11603002,-0.12105209,-0.06452054,-0.07663009,-0.1823588,0.06334704,-0.14603831,-0.2771613,0.13528465,-0.13893677,1443000.01686654,0.05638949,0.06230334,0.05652855,-0.13277934,0.09647262,0.03645243,0.4073838,0.08513324,0.02042345,0.32754335,-0.0622348,-0.09699108,-0.08587813,-0.11449507,-0.12116982,-0.05933036,-0.08036337,-0.18237519,0.06600863,-0.14614595,-0.27583155,0.13403928,-0.14396614,1444000.01596051,0.06201085,0.06124311,0.0588567,-0.13866523,0.09239599,0.03342905,0.40532398,0.08544267,0.01705033,0.33257124,-0.0626286,-0.09113391,-0.09587713,-0.1171644,-0.12102644,-0.0634155,-0.08310189,-0.18249035,0.06371371,-0.14679083,-0.27589244,0.13911927,-0.13777599,1445000.01579679,0.06177744,0.06214233,0.0595955,-0.13497521,0.0912808,0.03449762,0.40381479,0.0860419,0.01661304,0.33707914,-0.06127484,-0.1002399,-0.0892555,-0.11509884,-0.12203186,-0.06801512,-0.09048821,-0.18299876,0.06450834,-0.14876528,-0.27406049,0.13857047,-0.14572652,1446000.01132888,0.05621259,0.06027186,0.05445274,-0.12364015,0.09388639,0.04001727,0.40689811,0.08899593,0.02671555,0.32511711,-0.05695959,-0.0978485,-0.08852093,-0.11350171,-0.12100164,-0.06119123,-0.07782657,-0.18218751,0.06445816,-0.15199026,-0.27391729,0.12695637,-0.13804522,1447000.0091441,0.05542415,0.05717904,0.05148263,-0.12323622,0.09214524,0.04121406,0.40845609,0.08967265,0.03296792,0.33304009,-0.05411344,-0.09470236,-0.08535202,-0.1107026,-0.11960649,-0.0633345,-0.06625112,-0.17774713,0.06083839,-0.14585999,-0.27280077,0.12315973,-0.13950063,1448000.01076047,0.05750059,0.05969634,0.05079563,-0.12819742,0.09154043,0.03936212,0.40646645,0.08583823,0.0283022,0.32766342,-0.05510058,-0.09433253,-0.0915214,-0.11306411,-0.11988841,-0.06315108,-0.06250386,-0.17946194,0.06640958,-0.15888165,-0.27354056,0.13158844,-0.14079355,1449000.01091472,0.05690231,0.06186828,0.05165089,-0.12964654,0.09655939,0.03947695,0.4044303,0.08767868,0.02602507,0.32661006,-0.05827201,-0.09954112,-0.09217108,-0.11241935,-0.12118235,-0.06305559,-0.07125282,-0.18084633,0.06212435,-0.14859694,-0.27480981,0.12955748,-0.14161688,1450000.01149178,0.05675393,0.06336252,0.05441147,-0.12970416,0.09540094,0.03972827,0.40595642,0.08821314,0.02546658,0.33076319,-0.06474894,-0.11088757,-0.0946032,-0.11509699,-0.12224041,-0.06681713,-0.07992955,-0.18040989,0.06367537,-0.15070546,-0.27552888,0.13109747,-0.14373872,1451000.01364893,0.05994114,0.05980637,0.05572528,-0.1365658,0.09177651,0.03402919,0.40451217,0.08808187,0.02250071,0.33154565,-0.06245264,-0.11724269,-0.09605441,-0.11428899,-0.12033651,-0.06817951,-0.07653948,-0.17689809,0.06369823,-0.15000123,-0.27475801,0.13684553,-0.14156295,1452000.01554634,0.06139325,0.05975303,0.05901723,-0.13928868,0.08860434,0.03564553,0.40594468,0.08761091,0.01997611,0.32935426,-0.0610736,-0.09868261,-0.08272747,-0.11232118,-0.12132863,-0.0658206,-0.07453429,-0.18034294,0.06379801,-0.14978124,-0.27557659,0.13375784,-0.14347483,1453000.01590259,0.0635932,0.06434198,0.05966,-0.13747825,0.08867135,0.03612581,0.40285379,0.0855941,0.0180216,0.33110937,-0.06441239,-0.09717558,-0.08556728,-0.11859802,-0.12316226,-0.06342912,-0.07570562,-0.17994171,0.05531017,-0.15096998,-0.27446929,0.13051449,-0.14642535,1454000.01146531,0.05989202,0.05832057,0.05444483,-0.12980425,0.09138018,0.04010126,0.40472224,0.08617312,0.02245084,0.33034444,-0.06159293,-0.10426497,-0.08592979,-0.11872973,-0.12092485,-0.06455878,-0.09088252,-0.17875119,0.05674976,-0.14495915,-0.27258554,0.13661374,-0.1437697,1455000.0124941,0.05607522,0.05209037,0.05052619,-0.12121396,0.09195404,0.03917662,0.40376994,0.08999726,0.03253158,0.33477655,-0.05402061,-0.10009708,-0.08440425,-0.11456892,-0.11600058,-0.06269412,-0.07729401,-0.17756161,0.06662732,-0.15084527,-0.27164963,0.12987362,-0.13969985,1456000.01157998,0.05833845,0.05487213,0.05137428,-0.13121817,0.09502093,0.03884779,0.40399426,0.08948788,0.02919074,0.32544014,-0.05307579,-0.09724568,-0.08590308,-0.11651038,-0.11859679,-0.06031947,-0.0666189,-0.17672651,0.05463311,-0.14865662,-0.27135208,0.13430049,-0.14294919,1457000.01341861,0.05714516,0.05763819,0.05497219,-0.12968281,0.09540094,0.03632689,0.40476802,0.09016569,0.02598817,0.32597104,-0.05657324,-0.09981634,-0.08727036,-0.11705297,-0.11882223,-0.06466915,-0.07342872,-0.1749481,0.06617357,-0.14377053,-0.2734918,0.14166626,-0.1377777,1458000.01016647,0.05998219,0.05712591,0.05565948,-0.13585223,0.09708101,0.03938501,0.4059836,0.09095877,0.02454622,0.32945192,-0.06210205,-0.09576074,-0.0838182,-0.11486609,-0.12012611,-0.06190771,-0.0744117,-0.17641623,0.05728889,-0.15354618,-0.27284753,0.13166749,-0.14086117,1459000.01574854,0.0625844,0.0624148,0.05625574,-0.13291284,0.09320464,0.03385755,0.4034608,0.08735865,0.02310204,0.33003253,-0.06038505,-0.09560766,-0.09035944,-0.1194396,-0.12046463,-0.06254669,-0.07032409,-0.17720988,0.06680723,-0.14496689,-0.27299595,0.13689116,-0.14322042,1460000.01927551,0.06115298,0.06094984,0.06048347,-0.1372886,0.08765505,0.03354178,0.40327382,0.08873101,0.02032609,0.33294377,-0.06401241,-0.10523047,-0.0896593,-0.12235244,-0.1177227,-0.06371299,-0.07017358,-0.17711672,0.06207652,-0.14092155,-0.27365881,0.13647571,-0.1394017,1461000.01726092,0.06491514,0.05883624,0.06051716,-0.13902564,0.09590943,0.03263654,0.40833899,0.09052785,0.01700271,0.33107761,-0.06407832,-0.10511342,-0.08835943,-0.121531,-0.1201295,-0.06470344,-0.07529362,-0.17792964,0.0639301,-0.14587168,-0.2738899,0.13855594,-0.14530544,1462000.01631664,0.06040646,0.06021918,0.05815044,-0.12914054,0.0916655,0.0358551,0.40533948,0.09117042,0.02285948,0.32898477,-0.06075716,-0.09887504,-0.09062712,-0.12151125,-0.11852216,-0.05666075,-0.06966943,-0.17773299,0.06280395,-0.1453384,-0.27083054,0.13353623,-0.14189601,1463000.0133416,0.05912814,0.056479,0.05385671,-0.12296811,0.09084896,0.04884524,0.40369743,0.09363655,0.03499207,0.33328381,-0.05322443,-0.09380387,-0.08648273,-0.11479694,-0.11691426,-0.0601349,-0.07378505,-0.1767647,0.06825961,-0.1419162,-0.27087802,0.13225538,-0.14172551,1464000.0113399,0.0581167,0.06293094,0.05618474,-0.12728646,0.09267275,0.0410494,0.40645319,0.09193885,0.03204964,0.33777124,-0.06166858,-0.10354455,-0.08906649,-0.11285857,-0.11751758,-0.06184877,-0.07581202,-0.17503677,0.07242674,-0.14858033,-0.2716119,0.13399117,-0.13830043,1465000.01285982,0.06151044,0.06016237,0.05509293,-0.12961729,0.09323489,0.03485981,0.40600905,0.09002423,0.02691021,0.33640501,-0.05968395,-0.10362855,-0.0882092,-0.11690102,-0.11690581,-0.06377346,-0.06901503,-0.17137295,0.0718891,-0.13733681,-0.27221286,0.13448918,-0.13552238,1466000.01395725,0.06134082,0.05633873,0.05474915,-0.13393819,0.09367614,0.03549029,0.4019548,0.09034637,0.0269929,0.33492517,-0.0629207,-0.1036391,-0.09080859,-0.11340044,-0.11835492,-0.06333816,-0.07414289,-0.17163563,0.06562094,-0.14701098,-0.27310717,0.13098806,-0.14159164,1467000.01589318,0.0638561,0.05839907,0.05779497,-0.13786757,0.09563238,0.04056942,0.40468293,0.08936749,0.02511218,0.33409891,-0.06930755,-0.114111,-0.08331414,-0.11538434,-0.11685576,-0.06389114,-0.08739407,-0.17383032,0.06848884,-0.13923167,-0.27433583,0.13061242,-0.13973883,1468000.01794541,0.06304622,0.06320188,0.06016685,-0.1402714,0.09015993,0.03492025,0.40561479,0.09072915,0.02129148,0.32617205,-0.0683216,-0.10124664,-0.08802826,-0.12053476,-0.11935478,-0.06135531,-0.09318738,-0.17848718,0.07008877,-0.1505384,-0.27312338,0.13139445,-0.14937568,1469000.01906314,0.06753407,0.06545655,0.06204252,-0.14099449,0.09517305,0.03418842,0.40721947,0.08842093,0.01824691,0.31542498,-0.06750257,-0.10789015,-0.09031855,-0.12209675,-0.11795439,-0.0653474,-0.07284543,-0.17685677,0.06579733,-0.14435811,-0.27311349,0.13964266,-0.14451511,1470000.01407309,0.06759311,0.06418031,0.06019047,-0.13380228,0.0966303,0.03706782,0.40407711,0.0905927,0.0202726,0.33489719,-0.06942253,-0.1060067,-0.08818689,-0.11783215,-0.11695079,-0.0600316,-0.07680774,-0.17608239,0.06853931,-0.13474275,-0.2725904,0.13415936,-0.14610118,1471000.01170544,0.06101358,0.05772622,0.05546007,-0.12356636,0.09282275,0.04629413,0.40596634,0.09533091,0.03444817,0.33778772,-0.05951763,-0.09726426,-0.08906676,-0.11855964,-0.11538284,-0.05932774,-0.06510724,-0.17062455,0.06717189,-0.13993517,-0.27087814,0.13504343,-0.14549981,1472000.01367769,0.05999554,0.06067727,0.05604016,-0.12793922,0.09003988,0.04251802,0.40650266,0.09413312,0.03197522,0.33066815,-0.06107583,-0.09546818,-0.08571871,-0.11551094,-0.11489872,-0.06396446,-0.07336628,-0.17140794,0.06625389,-0.14417031,-0.27192393,0.13544807,-0.137977,1473000.01691467,0.06062307,0.05685059,0.05705407,-0.1297874,0.10108244,0.03916518,0.40382475,0.09250891,0.02704232,0.3281416,-0.06736929,-0.09901347,-0.08881466,-0.1117458,-0.11651783,-0.05765334,-0.07215656,-0.17141664,0.07161134,-0.1431341,-0.27370691,0.13584885,-0.13976437,1474000.01628791,0.06017902,0.06110945,0.05734991,-0.12962468,0.0998394,0.03850685,0.40467227,0.08994526,0.02589906,0.33320805,-0.06712417,-0.09643523,-0.08562114,-0.1155738,-0.1165257,-0.06128231,-0.06789814,-0.17149626,0.07289818,-0.1399624,-0.2738716,0.1347011,-0.14083228,1475000.0145247,0.06045245,0.06314645,0.05862986,-0.13429299,0.09932477,0.03568687,0.40811542,0.08944646,0.0242011,0.3312037,-0.07357287,-0.09914082,-0.0863547,-0.11336367,-0.11678112,-0.06379399,-0.06509526,-0.17133296,0.06210199,-0.13186799,-0.27556631,0.14253812,-0.13713709,1476000.01576791,0.06266429,0.06037769,0.06072468,-0.14223751,0.09683201,0.03168033,0.40760472,0.09049448,0.02110764,0.33380756,-0.07173345,-0.09536467,-0.09436751,-0.11765942,-0.11680997,-0.06358176,-0.08085724,-0.17093195,0.06706958,-0.13969292,-0.27543712,0.13593635,-0.14340901,1477000.01783045,0.06531644,0.06121912,0.06383497,-0.14530207,0.09734648,0.03068852,0.40806323,0.08993345,0.01742186,0.3364996,-0.0740096,-0.10071295,-0.09393421,-0.12079559,-0.1165368,-0.06091234,-0.07295917,-0.17251129,0.06833917,-0.14673062,-0.27634287,0.13950421,-0.15113005,1478000.01993141,0.0669744,0.06684245,0.06157583,-0.14264297,0.10192442,0.03493719,0.40857366,0.08724198,0.01584043,0.3323476,-0.07478909,-0.10567725,-0.08839902,-0.12056973,-0.1183923,-0.05865756,-0.07488143,-0.17144731,0.06681068,-0.13914023,-0.27440062,0.14467019,-0.1480294,1479000.01689477,0.06003654,0.0578878,0.05667755,-0.12985058,0.09373156,0.0380515,0.40756637,0.09188417,0.02733382,0.32538223,-0.06988443,-0.09666672,-0.08824138,-0.11580901,-0.11589596,-0.0585905,-0.07075585,-0.17125183,0.06269278,-0.13655269,-0.27384657,0.13236728,-0.13834979,1480000.01140598,0.06350506,0.05709546,0.05424851,-0.12797059,0.09336033,0.03922146,0.41173491,0.09246638,0.0298077,0.33834916,-0.07056791,-0.09906264,-0.0894336,-0.11542555,-0.11225592,-0.05923997,-0.06080521,-0.16881129,0.06965567,-0.14188126,-0.27412814,0.13696861,-0.14378966,1481000.01409192,0.06126975,0.06208645,0.05438712,-0.1371614,0.10054743,0.03865615,0.4102504,0.08856101,0.02577545,0.3407746,-0.07121162,-0.10216394,-0.0916817,-0.11616779,-0.11431435,-0.06071596,-0.05661103,-0.17065714,0.0649262,-0.14420518,-0.27589658,0.13391736,-0.1484579,1482000.01492978,0.06147201,0.06330772,0.0566136,-0.1385335,0.09912024,0.02981189,0.40820029,0.09087574,0.02329327,0.33817613,-0.0688225,-0.10032663,-0.0831328,-0.11260519,-0.1140822,-0.06045111,-0.06550322,-0.1683061,0.06814131,-0.13574283,-0.27584609,0.13681346,-0.14468142,1483000.01702072,0.06198702,0.06159654,0.05569622,-0.14099225,0.0977427,0.03330196,0.40750718,0.08883274,0.02312667,0.33595267,-0.07177734,-0.11297221,-0.0886535,-0.1134593,-0.1156172,-0.0664302,-0.06393968,-0.17037679,0.06579768,-0.146422,-0.27608776,0.13664523,-0.14899829,1484000.01679874,0.06176041,0.06176115,0.05771663,-0.14310524,0.09335015,0.02847523,0.41158375,0.08666813,0.01972378,0.33641809,-0.0750626,-0.108909,-0.08381472,-0.11675785,-0.11455718,-0.06609415,-0.07410108,-0.16908863,0.06216073,-0.13968191,-0.27905181,0.13891748,-0.14742945,1485000.01664465,0.06278887,0.05913004,0.0594008,-0.1487084,0.09476621,0.03163531,0.40910867,0.08622034,0.01643797,0.3259005,-0.07782625,-0.10776242,-0.08591026,-0.11575079,-0.11562883,-0.06191894,-0.07524014,-0.16873479,0.07359734,-0.13799381,-0.27667525,0.13897946,-0.15027766,1486000.01924633,0.06244422,0.06284872,0.06062304,-0.14575623,0.09844342,0.03074102,0.40774167,0.08620062,0.01583308,0.33249581,-0.08176244,-0.1139744,-0.09253989,-0.11462171,-0.11574199,-0.06094702,-0.07548932,-0.16542941,0.06360098,-0.13637027,-0.27841195,0.13137709,-0.14516425,1487000.01109983,0.05714515,0.06021823,0.05626841,-0.13356563,0.09955318,0.0357625,0.40907544,0.08922389,0.02682266,0.32793939,-0.0739379,-0.11312145,-0.08767342,-0.11696628,-0.11453602,-0.05971621,-0.06916677,-0.16861284,0.06260182,-0.13880312,-0.27678356,0.1341901,-0.15066439,1488000.01342799,0.05828403,0.05666085,0.05533404,-0.13375087,0.0972643,0.03470428,0.41174257,0.089591,0.02842847,0.32249951,-0.07244094,-0.10590283,-0.08417725,-0.11602138,-0.11364902,-0.06027916,-0.07713766,-0.16804364,0.06772585,-0.13846587,-0.2760269,0.13036434,-0.14934148,1489000.01558484,0.05720884,0.0604296,0.05625134,-0.14232604,0.10310663,0.03669731,0.40957212,0.08710968,0.02426333,0.33820927,-0.07848208,-0.09871512,-0.09398033,-0.11444101,-0.11340852,-0.06633775,-0.07121705,-0.1642202,0.06565568,-0.13018735,-0.27881023,0.13509506,-0.15312435,1490000.01302307,0.05534456,0.06105305,0.05542434,-0.13944459,0.1004763,0.03376608,0.40963241,0.08582152,0.02308183,0.33784756,-0.08073463,-0.09951952,-0.09333304,-0.11614152,-0.11530794,-0.0667753,-0.0642924,-0.16782011,0.0660127,-0.14083123,-0.27922076,0.13612737,-0.1466583,1491000.01473731,0.05563947,0.06423271,0.05564792,-0.14152645,0.0968499,0.02958987,0.40970141,0.08453347,0.02124303,0.32807526,-0.07406034,-0.1108593,-0.09526147,-0.11673606,-0.11497974,-0.06375567,-0.06673426,-0.16825993,0.06960732,-0.14903635,-0.27914056,0.13414808,-0.15120736,1492000.01823468,0.05743129,0.06002599,0.05775452,-0.15214501,0.09300478,0.0279711,0.40694109,0.08507462,0.01916492,0.32608533,-0.07956436,-0.12134289,-0.09465627,-0.12077682,-0.11438661,-0.06797343,-0.07531892,-0.16497935,0.06246017,-0.14532663,-0.27880731,0.13204886,-0.15917164,1493000.01944811,0.06151296,0.06192545,0.05981882,-0.15502374,0.09858676,0.0255369,0.41004458,0.08483789,0.01672467,0.32789773,-0.07932471,-0.10682815,-0.09371601,-0.12111041,-0.11597125,-0.06881575,-0.07842599,-0.16641332,0.0666633,-0.14237766,-0.2783049,0.13945045,-0.15025946,1494000.01813696,0.05983877,0.06401625,0.06040179,-0.15033688,0.10108244,0.02071518,0.41070148,0.08428172,0.0175921,0.32801449,-0.0780438,-0.10455604,-0.0958902,-0.12078022,-0.11461063,-0.06680647,-0.08183242,-0.16701731,0.07295477,-0.13709511,-0.27746549,0.13752151,-0.14926955,1495000.01072333,0.05416358,0.05807447,0.05261486,-0.13301048,0.09739812,0.03360944,0.40741181,0.08828452,0.02970954,0.3332313,-0.07513989,-0.10592464,-0.0919219,-0.11612043,-0.11317141,-0.06178543,-0.0676505,-0.16276391,0.07103667,-0.13685468,-0.27693292,0.13612922,-0.15570693,1496000.01204038,0.05520331,0.05863848,0.05257052,-0.13808425,0.09760846,0.03076041,0.40900868,0.08826453,0.03151989,0.3336668,-0.0737699,-0.11548243,-0.09734181,-0.11740884,-0.11172124,-0.06639379,-0.0677842,-0.16377909,0.06381315,-0.13729475,-0.27748346,0.13638897,-0.15499464,1497000.01629788,0.05556049,0.06096967,0.05296661,-0.14404026,0.10319822,0.02655555,0.4087539,0.08550923,0.0257914,0.33299309,-0.07737649,-0.11324149,-0.09799514,-0.11406858,-0.11327071,-0.06917819,-0.07207502,-0.16383767,0.06577272,-0.13898322,-0.27969429,0.13860165,-0.14954889,1498000.01499673,0.0537396,0.06374066,0.05395057,-0.14652771,0.0968151,0.03195243,0.41042936,0.08498827,0.02304186,0.32818314,-0.08004119,-0.11339857,-0.10125491,-0.11539201,-0.11301396,-0.06951263,-0.06418739,-0.16391374,0.06983799,-0.14076827,-0.28070724,0.13600786,-0.14818688,1499000.01331181,0.05989147,0.06192179,0.05538752,-0.15044531,0.0991694,0.02684743,0.41037893,0.08376891,0.02205038,0.33370525,-0.07999326,-0.10971503,-0.09656484,-0.11645972,-0.11302651,-0.07056566,-0.06878433,-0.16487485,0.07332395,-0.14236104,-0.28145736,0.13730633,-0.15007445,1500000.01449664,0.05777773,0.0616782,0.05603406,-0.1557748,0.09699295,0.0266364,0.41001689,0.08465988,0.01893649,0.32881901,-0.07997098,-0.11525355,-0.10206675,-0.12136699,-0.11381278,-0.07304628,-0.07272429,-0.16425839,0.07159758,-0.13875428,-0.28196728,0.13268597,-0.14936291,1501000.01814736,0.05841984,0.06632562,0.05887782,-0.16104086,0.0991907,0.02851562,0.40958929,0.0831812,0.01555755,0.33244288,-0.08358648,-0.11067169,-0.09783982,-0.12086533,-0.11456609,-0.07060983,-0.08019482,-0.16439387,0.07138032,-0.13357723,-0.27926326,0.13622139,-0.156609,1502000.01864892,0.06083792,0.06605403,0.05967947,-0.15855494,0.10367215,0.02438619,0.41008812,0.08489882,0.0151937,0.3348487,-0.08419369,-0.10804619,-0.09824122,-0.12204117,-0.11484745,-0.07221172,-0.06336353,-0.16500935,0.06761353,-0.13437827,-0.27938002,0.13822354,-0.15932448,1503000.01279177,0.05373653,0.06062368,0.05118037,-0.14238618,0.0984242,0.03121912,0.40475723,0.0862292,0.02630515,0.32568327,-0.07266265,-0.10874968,-0.10043559,-0.11773586,-0.1141488,-0.06693501,-0.0713907,-0.16127224,0.06658442,-0.12803027,-0.277917,0.13409683,-0.1534453,1504000.01313788,0.05429844,0.06124458,0.0504279,-0.14097311,0.09476621,0.03397934,0.40828973,0.08663679,0.03010029,0.33137608,-0.07131004,-0.11106168,-0.09534165,-0.11611031,-0.11294684,-0.07248394,-0.06250004,-0.16006912,0.06738088,-0.13755627,-0.27723834,0.13107301,-0.15773454,1505000.01493913,0.05330318,0.06311493,0.05149184,-0.15113586,0.09652386,0.02658183,0.4091596,0.0864298,0.02515177,0.32668927,-0.0735123,-0.1080202,-0.0989815,-0.1168808,-0.11436667,-0.07507217,-0.05889955,-0.16136183,0.07068793,-0.14051667,-0.28113949,0.13274078,-0.15825698,1506000.01587389,0.05628488,0.05819904,0.05314558,-0.1511662,0.09441581,0.0247838,0.41033927,0.0831195,0.02228077,0.32502413,-0.0759272,-0.12298013,-0.09792721,-0.12058134,-0.11422639,-0.07741769,-0.07266243,-0.16457354,0.06771527,-0.13449913,-0.28169063,0.13429472,-0.15352842,1507000.01541121,0.05230163,0.06104763,0.05411109,-0.15488936,0.09881419,0.0241059,0.40946439,0.08144699,0.0199616,0.3309029,-0.08184644,-0.11839542,-0.09861479,-0.11871479,-0.11464788,-0.07229114,-0.07150859,-0.16378926,0.06951804,-0.14024933,-0.28083923,0.13348137,-0.1541373,1508000.0146891,0.05469103,0.06387601,0.05419752,-0.16061781,0.09691414,0.02051022,0.41200131,0.08017289,0.01765255,0.33124751,-0.08297142,-0.1204154,-0.0995281,-0.12084793,-0.11290795,-0.07791461,-0.06739321,-0.15851469,0.07141183,-0.13504925,-0.28119934,0.13980553,-0.1579088,1509000.01609544,0.05777773,0.0629529,0.05752539,-0.16430667,0.09579576,0.0198631,0.41108096,0.0823175,0.01426623,0.32285634,-0.08678122,-0.11849803,-0.10148088,-0.12168156,-0.11378168,-0.08072594,-0.06850224,-0.16108148,0.06343016,-0.14124474,-0.28032783,0.13883395,-0.15987995,1510000.01918795,0.05674605,0.06241051,0.06011043,-0.16605075,0.10241643,0.01917714,0.41100413,0.08131199,0.01219084,0.32508439,-0.08705372,-0.12438644,-0.10580134,-0.11924396,-0.11604884,-0.07537375,-0.07638646,-0.16006695,0.06934317,-0.13558529,-0.27949873,0.13894008,-0.15496498,1511000.01870718,0.05712137,0.06477568,0.05738552,-0.16210522,0.10268449,0.01731672,0.41272968,0.08130796,0.01220969,0.32067108,-0.08265298,-0.12119994,-0.10465108,-0.12508433,-0.11387763,-0.07590251,-0.0753563,-0.16028598,0.07018423,-0.13942675,-0.27892828,0.13959466,-0.16157918,1512000.01281146,0.05088355,0.05823413,0.04935388,-0.15026754,0.09324335,0.02784914,0.40962198,0.08422253,0.0242845,0.32947749,-0.07348812,-0.12145028,-0.09861191,-0.12101963,-0.11199967,-0.08009936,-0.07834773,-0.16232829,0.072683,-0.14162782,-0.27620912,0.13332714,-0.15345736,1513000.01282931,0.05029191,0.06010109,0.05204232,-0.15018716,0.09290039,0.02856935,0.41005781,0.08703276,0.02474243,0.32966745,-0.07318829,-0.1181679,-0.09515375,-0.11856993,-0.11265839,-0.08116717,-0.08210389,-0.15937312,0.06722541,-0.13321722,-0.27654466,0.13661303,-0.14992988,1514000.01329213,0.04929892,0.06093926,0.05212095,-0.15590706,0.09829745,0.02404991,0.41018018,0.08241823,0.02059385,0.32984221,-0.07587949,-0.1127952,-0.10387485,-0.12425156,-0.11281072,-0.07876911,-0.06065224,-0.15765963,0.06885283,-0.13345198,-0.27834868,0.12912193,-0.14853759,1515000.01236863,0.04855208,0.06066732,0.0531049,-0.15876411,0.09658975,0.02473257,0.41443968,0.0809065,0.01911729,0.3232871,-0.07682847,-0.12754825,-0.10134193,-0.12600863,-0.1126739,-0.07767829,-0.07291631,-0.16123201,0.0627967,-0.13520691,-0.27877754,0.1385095,-0.15685543,1516000.01406312,0.05203881,0.06311174,0.05436588,-0.16349302,0.09260115,0.02400668,0.41114768,0.07993905,0.01686256,0.32662788,-0.08682624,-0.1286439,-0.10407413,-0.12411986,-0.11514574,-0.07877892,-0.06899486,-0.1606683,0.06278587,-0.14061657,-0.27814025,0.13900287,-0.15572041,1517000.01321501,0.05517077,0.0648801,0.05565322,-0.16379426,0.09485839,0.01436091,0.41237056,0.07941151,0.0136441,0.33316997,-0.08299613,-0.12887773,-0.10665224,-0.1200829,-0.11556983,-0.07388777,-0.07067445,-0.15878953,0.0668809,-0.14209567,-0.27801728,0.12820733,-0.15496299,1518000.01371673,0.05392835,0.06442119,0.05543072,-0.16807443,0.09983409,0.01604043,0.41370326,0.08018406,0.01156757,0.32420379,-0.08160727,-0.13138573,-0.10804517,-0.12239856,-0.1141672,-0.0786038,-0.06975128,-0.15902689,0.06212677,-0.13222726,-0.27682766,0.13130328,-0.15462163,1519000.01620145,0.06003411,0.06379555,0.05805563,-0.16934827,0.10659494,0.0165292,0.41410306,0.07788717,0.00832867,0.33034155,-0.0831254,-0.12804347,-0.10376517,-0.1261785,-0.11282174,-0.07767958,-0.06258995,-0.16116412,0.06716767,-0.12818529,-0.27673003,0.13706763,-0.15087521,1520000.01541147,0.05658266,0.06477636,0.05830834,-0.16400306,0.09795917,0.01597837,0.41091961,0.08043589,0.01028713,0.3334243,-0.0786339,-0.12059408,-0.09946046,-0.12484754,-0.11191126,-0.07878785,-0.06671843,-0.15921371,0.07052355,-0.12930076,-0.27423617,0.14302434,-0.15529348,1521000.01231125,0.05343054,0.06067455,0.05448378,-0.15198708,0.09551978,0.02417121,0.4126626,0.08448595,0.02183179,0.33233029,-0.06722338,-0.1268224,-0.10042766,-0.12396207,-0.11033207,-0.0757119,-0.0769591,-0.1612566,0.06314632,-0.13915382,-0.27118203,0.13092083,-0.16211298,1522000.0141299,0.05598572,0.05974762,0.05361383,-0.1566152,0.09721835,0.02139864,0.41568035,0.08461215,0.02375183,0.3307429,-0.0736083,-0.12398887,-0.09830156,-0.12468021,-0.11038047,-0.0738901,-0.06391928,-0.15359774,0.06542507,-0.13454118,-0.27129805,0.13390377,-0.1493044,1523000.01457306,0.05290566,0.06298101,0.05363242,-0.16089487,0.09510388,0.02190837,0.41286013,0.08414384,0.01946752,0.32994875,-0.07147963,-0.11938317,-0.10064669,-0.12604952,-0.10972301,-0.07408202,-0.06864889,-0.15573388,0.0639207,-0.12262233,-0.27167478,0.1309945,-0.14967103,1524000.01237752,0.05327888,0.05915311,0.05603406,-0.16048941,0.09687144,0.02140398,0.40854123,0.08459995,0.01778082,0.33602405,-0.07538361,-0.1238182,-0.09516969,-0.12520842,-0.11059535,-0.07774821,-0.07144536,-0.15484053,0.0719279,-0.12801713,-0.27169031,0.13771607,-0.14908768,1525000.01396651,0.0576605,0.05972105,0.05444727,-0.16379064,0.09600059,0.02339783,0.41153768,0.08441817,0.01778862,0.33414531,-0.06683827,-0.12735386,-0.09702923,-0.12445729,-0.11106694,-0.08065153,-0.06731309,-0.1542187,0.06557498,-0.13190003,-0.27049425,0.136622,-0.15245681,1526000.01757915,0.05542532,0.0639869,0.05873866,-0.16405113,0.09858395,0.02068307,0.41300038,0.08357452,0.01364429,0.33314484,-0.06967948,-0.12194421,-0.09566893,-0.13091558,-0.11058395,-0.07235277,-0.06332089,-0.15524156,0.06914351,-0.13299185,-0.2703087,0.13739252,-0.15102862,1527000.01992073,0.06014946,0.06273722,0.06035011,-0.1693252,0.10696589,0.02060445,0.41073015,0.08317575,0.01079986,0.32537732,-0.07166457,-0.11809502,-0.09972912,-0.12941422,-0.11135299,-0.07030684,-0.05191095,-0.15723118,0.07105128,-0.12992245,-0.26937288,0.14224944,-0.14811911,1528000.02018094,0.05955664,0.06572763,0.06093282,-0.16881564,0.11271246,0.01766389,0.40864664,0.08664978,0.00972053,0.32856515,-0.07453161,-0.11753843,-0.09440684,-0.12976928,-0.10924736,-0.0707482,-0.07937652,-0.1537417,0.0737388,-0.12565847,-0.26737562,0.13854891,-0.15121979,1529000.01406348,0.05721607,0.06192638,0.05560401,-0.15505135,0.10468838,0.02433275,0.41024342,0.08879327,0.01783658,0.33044061,-0.06547207,-0.11537286,-0.10140944,-0.13092652,-0.10935919,-0.07139885,-0.07532783,-0.15178053,0.06736492,-0.12217998,-0.26559266,0.13670404,-0.14641042,1530000.01423666,0.05918032,0.05980637,0.05068732,-0.14765313,0.10153433,0.03084686,0.41082427,0.08882236,0.02658179,0.34031498,-0.05825571,-0.12439456,-0.08796421,-0.12777762,-0.10775516,-0.06947747,-0.05401845,-0.15131754,0.06611185,-0.12115089,-0.26415145,0.13109024,-0.14967103,1531000.0188321,0.05702743,0.06298101,0.05276478,-0.1531056,0.1020171,0.02600199,0.4123362,0.08665228,0.0228769,0.34670424,-0.06098973,-0.12363927,-0.09013142,-0.12365908,-0.10799775,-0.06694641,-0.0532477,-0.14703883,0.06952826,-0.12407721,-0.26441592,0.13155758,-0.13981816,1532000.02081853,0.05732147,0.06118968,0.05491797,-0.1559055,0.09977619,0.0240103,0.41537693,0.08754309,0.02062556,0.33325821,-0.05788786,-0.10889434,-0.09113372,-0.12366531,-0.10652225,-0.067547,-0.06400824,-0.14711125,0.06905212,-0.12816438,-0.26519802,0.13633692,-0.14526249,1533000.01753116,0.05923167,0.06235816,0.0582251,-0.15568194,0.10179958,0.02279468,0.41256714,0.08978578,0.02041187,0.33055106,-0.05954428,-0.11917301,-0.08880931,-0.12144057,-0.10592354,-0.06690055,-0.0563239,-0.15098804,0.06779264,-0.12689519,-0.26443374,0.13579018,-0.14509417,1534000.01684677,0.06434597,0.06861031,0.05963157,-0.15692651,0.10794456,0.02348818,0.4099901,0.08947126,0.01775993,0.32645056,-0.06265637,-0.10850359,-0.09412844,-0.12529415,-0.10571567,-0.07162284,-0.05895815,-0.15245977,0.0700677,-0.11995357,-0.26352689,0.13360484,-0.15118586,1535000.02125118,0.06263603,0.06749509,0.06057187,-0.15667644,0.10770696,0.02105959,0.41859162,0.08804559,0.01526613,0.32741311,-0.06142808,-0.09705314,-0.09064826,-0.12262878,-0.10569881,-0.06726115,-0.06842352,-0.14801513,0.07516566,-0.12711743,-0.26181296,0.13970165,-0.14603668,1536000.02025792,0.06650598,0.06705994,0.06504022,-0.16253553,0.10816962,0.02506489,0.4123475,0.08907592,0.01118138,0.33026135,-0.06985024,-0.11520274,-0.08285503,-0.12556523,-0.10558024,-0.06151372,-0.06136907,-0.1476668,0.07002295,-0.12278338,-0.26072115,0.13790438,-0.14311206,1537000.02173106,0.06562052,0.07045888,0.06546392,-0.15903986,0.11036975,0.02124238,0.41093239,0.09011591,0.00954956,0.32383719,-0.06713749,-0.11314755,-0.07989676,-0.12852278,-0.1045111,-0.06706781,-0.06588053,-0.15298066,0.06561841,-0.11879423,-0.26102585,0.13836144,-0.13804772,1538000.01593048,0.06072234,0.06274191,0.0562604,-0.14155173,0.10438865,0.03139064,0.41462699,0.09121448,0.02390459,0.33848584,-0.05898923,-0.10775529,-0.07416154,-0.1248144,-0.10212945,-0.06372581,-0.06087654,-0.14577563,0.07166827,-0.1262697,-0.25767112,0.13565058,-0.13709563,1539000.01678873,0.06422213,0.06157332,0.05476725,-0.14470391,0.10726253,0.03565248,0.41365907,0.09227696,0.02916325,0.333875,-0.05200779,-0.10172915,-0.07484169,-0.12414411,-0.10190215,-0.06177657,-0.0649354,-0.14666964,0.07143327,-0.12131158,-0.25783291,0.13805427,-0.14860818,1540000.01807035,0.06054886,0.06523844,0.05775975,-0.14812398,0.10097814,0.02649903,0.41426688,0.09335871,0.02371622,0.33949536,-0.05418494,-0.11395186,-0.07533319,-0.12080938,-0.10398862,-0.06242997,-0.06121266,-0.14392881,0.07073358,-0.10941605,-0.25967467,0.1410685,-0.14618282,1541000.01740466,0.06167051,0.06075884,0.05852589,-0.14772597,0.09527688,0.03028269,0.41322765,0.09323919,0.02091616,0.34025952,-0.05640769,-0.09847912,-0.08572818,-0.11704177,-0.1024647,-0.06081223,-0.06472253,-0.14577237,0.06889085,-0.12556155,-0.25959572,0.14109963,-0.13704166,1542000.01490093,0.06708043,0.06510315,0.05958799,-0.14707689,0.10054523,0.02820275,0.41651297,0.09118684,0.01922745,0.33993214,-0.06078595,-0.09341592,-0.07557698,-0.11945166,-0.1007598,-0.06020844,-0.04346123,-0.1467379,0.07023934,-0.12984693,-0.25881246,0.14022687,-0.13758937,1543000.02044115,0.06573151,0.06817508,0.06247858,-0.15168914,0.10781084,0.02744288,0.41473147,0.09363403,0.01652687,0.33797586,-0.06591315,-0.10448477,-0.07834657,-0.12354437,-0.10058294,-0.06146875,-0.05423111,-0.14775991,0.07172521,-0.11229954,-0.25686139,0.14010231,-0.13829985,1544000.02011146,0.06930076,0.06469532,0.06601007,-0.15552261,0.10915948,0.02681072,0.41451091,0.0953608,0.01293976,0.33530641,-0.06726338,-0.10624856,-0.07566155,-0.12798251,-0.10040145,-0.06310206,-0.05749605,-0.14539751,0.07055347,-0.11636119,-0.25644422,0.14278503,-0.14255352,1545000.02150027,0.07126207,0.06773938,0.06635484,-0.15635863,0.11289604,0.02453364,0.41759518,0.09157766,0.00998087,0.33400643,-0.06726374,-0.10493226,-0.07257877,-0.12784769,-0.10055472,-0.05769428,-0.06309592,-0.14627808,0.06968611,-0.12044021,-0.25485364,0.13827957,-0.13527313,1546000.02053648,0.06609783,0.0677657,0.06520029,-0.15030932,0.10494585,0.03481992,0.41562897,0.09248251,0.01317584,0.33618009,-0.06136988,-0.10999454,-0.07001309,-0.12728018,-0.09865162,-0.05975142,-0.05577709,-0.14319883,0.06659339,-0.11066844,-0.25422674,0.1393006,-0.13706486,1547000.01627752,0.06477247,0.06374608,0.05920774,-0.13891567,0.10004567,0.03794134,0.41463938,0.0967292,0.02549144,0.32692122,-0.05243998,-0.10129643,-0.06420165,-0.12080453,-0.09660146,-0.05574139,-0.06174626,-0.14130768,0.0679553,-0.11333566,-0.25265077,0.13792074,-0.13882509,1548000.01865711,0.06366023,0.06926281,0.06146389,-0.141233,0.10352816,0.03685489,0.41881245,0.09753322,0.02476344,0.33845398,-0.05499699,-0.10066387,-0.07211777,-0.11788558,-0.09779527,-0.04980434,-0.04071385,-0.14148469,0.07362634,-0.11346731,-0.25221875,0.13512687,-0.1354201,1549000.01668269,0.06577443,0.06570056,0.06087153,-0.14111386,0.10630637,0.03151326,0.41750953,0.0959802,0.02044229,0.33564943,-0.05785719,-0.10764184,-0.06323802,-0.12346471,-0.09737121,-0.05286369,-0.03556709,-0.14303909,0.06638771,-0.11424988,-0.25227112,0.13725933,-0.1420085,1550000.01868629,0.06742622,0.06681531,0.06105875,-0.14321747,0.10664628,0.03383623,0.41935703,0.09676856,0.0192524,0.33438322,-0.05561304,-0.10601315,-0.06483759,-0.11878996,-0.09572302,-0.05469283,-0.04267048,-0.14442188,0.07239577,-0.1097624,-0.25378501,0.14126691,-0.14386807,1551000.0219368,0.06573151,0.06852845,0.0620257,-0.14438526,0.10735587,0.03106056,0.41856629,0.09517964,0.01791083,0.33263958,-0.05572325,-0.10250869,-0.06308281,-0.12039276,-0.09435553,-0.055116,-0.04598295,-0.14739962,0.06938023,-0.10928099,-0.25329921,0.140056,-0.14440843,1552000.02236921,0.0701096,0.06662492,0.06379225,-0.14908917,0.10567628,0.03373205,0.41632566,0.095877,0.01466984,0.33999029,-0.06402289,-0.11252008,-0.06308553,-0.1235652,-0.095697,-0.04802741,-0.04074796,-0.14765419,0.06929758,-0.11108258,-0.2536445,0.14414564,-0.14040029,1553000.0209981,0.07333024,0.07035153,0.06793268,-0.1483072,0.11134848,0.03046205,0.41663983,0.09865539,0.01258732,0.34452063,-0.06507731,-0.09838621,-0.06703352,-0.1221781,-0.09228742,-0.05093836,-0.0477168,-0.14610851,0.07214141,-0.10862507,-0.2516391,0.14308093,-0.14231995,1554000.021507,0.06978249,0.06926148,0.0673859,-0.14945027,0.11098838,0.03637334,0.41895026,0.09549147,0.01030221,0.34025347,-0.0669179,-0.09954024,-0.06615399,-0.12147212,-0.09451372,-0.04812805,-0.06047184,-0.14548571,0.0687621,-0.11541361,-0.25151533,0.13352069,-0.13924021,1555000.01760643,0.06600572,0.06461456,0.06331199,-0.13962056,0.10421567,0.03931544,0.41938224,0.09874669,0.01822986,0.34578997,-0.06054525,-0.10754685,-0.06152895,-0.11986919,-0.09311648,-0.05397081,-0.0536866,-0.13989325,0.07378793,-0.10903287,-0.24969739,0.13598993,-0.14049692,1556000.01662462,0.06880149,0.06567388,0.06138863,-0.13493749,0.10110237,0.04414563,0.41554445,0.10091888,0.02642687,0.33440873,-0.05190766,-0.10471188,-0.05549816,-0.12017322,-0.09005502,-0.04770075,-0.05260434,-0.13965449,0.07253664,-0.10209625,-0.2497832,0.13887715,-0.14164576,1557000.01758772,0.07132837,0.06662503,0.06594664,-0.14181936,0.10273608,0.03927756,0.41844887,0.09893417,0.0220009,0.33729321,-0.05338531,-0.09696136,-0.05479865,-0.11890179,-0.092475,-0.04802274,-0.05044537,-0.13886599,0.06929638,-0.10910937,-0.25112602,0.13943376,-0.1422947,1558000.01732769,0.06964848,0.06504898,0.06422874,-0.14379141,0.10768487,0.03851546,0.41672057,0.09738514,0.0193896,0.33774555,-0.05972948,-0.10144959,-0.0495747,-0.11638509,-0.09293038,-0.04629435,-0.05432419,-0.14036904,0.07449377,-0.10910852,-0.25151747,0.14840053,-0.1393428,1559000.01824308,0.071417,0.06610864,0.06425963,-0.14405949,0.10838523,0.03696016,0.41988492,0.0967212,0.01921825,0.34358081,-0.05925747,-0.10824874,-0.05287172,-0.11966691,-0.09193454,-0.04834987,-0.06075516,-0.13857904,0.07524745,-0.10390978,-0.25191024,0.14562316,-0.14070174,1560000.02083305,0.07111745,0.06523915,0.06632289,-0.14532654,0.1111377,0.03541454,0.41958672,0.0976446,0.01646682,0.33047941,-0.06299726,-0.100161,-0.05987392,-0.12207294,-0.0913958,-0.04770186,-0.04456693,-0.14199233,0.07488009,-0.09785852,-0.25237024,0.14507434,-0.13330194,1561000.02161333,0.07464494,0.07056785,0.06993327,-0.14855774,0.11155646,0.03689079,0.4167105,0.09877028,0.01431367,0.33967569,-0.06523789,-0.10717634,-0.05751532,-0.12380832,-0.0911775,-0.04607617,-0.05148039,-0.13721189,0.07560037,-0.10312966,-0.25145459,0.14451519,-0.13555297,1562000.02195032,0.0792556,0.06980518,0.07135522,-0.1442388,0.10850703,0.03134065,0.41440916,0.09825868,0.0127086,0.34075987,-0.06617299,-0.10630255,-0.04653929,-0.12236033,-0.09075076,-0.0406252,-0.05383629,-0.14044121,0.07587244,-0.10712703,-0.24971025,0.1496309,-0.14091276,1563000.02083305,0.07324496,0.06708566,0.06577747,-0.13692376,0.10543859,0.04064705,0.41690913,0.09994183,0.02110089,0.3428424,-0.06049824,-0.11014631,-0.05095419,-0.12149399,-0.08983774,-0.04906383,-0.05089817,-0.13936485,0.08321451,-0.10972421,-0.24914718,0.14094242,-0.13750313,1564000.01918795,0.06907548,0.06673317,0.06297898,-0.12560132,0.10339415,0.04723124,0.41784608,0.10045349,0.02888066,0.3434504,-0.05463627,-0.09506489,-0.04683034,-0.12158633,-0.08941547,-0.04047002,-0.04594627,-0.13756959,0.07653713,-0.10983345,-0.24943116,0.13884263,-0.14077003,1565000.01866764,0.07137515,0.06692406,0.06316363,-0.13343634,0.10313677,0.04459089,0.4201639,0.10095733,0.02407326,0.34276807,-0.06163571,-0.09571003,-0.04873178,-0.11623848,-0.08931032,-0.04370303,-0.0454945,-0.14069723,0.07662106,-0.10821921,-0.25199836,0.14423968,-0.13703752,1566000.02042271,0.0709883,0.06801157,0.06319438,-0.13611393,0.10515358,0.04531078,0.42019337,0.09964902,0.02082001,0.3427878,-0.05864418,-0.09562579,-0.0539785,-0.11627235,-0.08678108,-0.04388077,-0.03317445,-0.13617748,0.07782456,-0.10184739,-0.25411716,0.1375525,-0.13463807,1567000.01927551,0.07286795,0.07122187,0.06420986,-0.1394086,0.10680116,0.04330407,0.41787779,0.09631412,0.02182461,0.33162501,-0.06561768,-0.10044084,-0.05568433,-0.11869794,-0.0882789,-0.04243124,-0.04815682,-0.13502726,0.07844094,-0.10593881,-0.25226367,0.14522114,-0.13938779,1568000.01860931,0.07198097,0.06513023,0.0662434,-0.14321549,0.10534918,0.03501208,0.41830125,0.09750647,0.01914768,0.34021121,-0.06564329,-0.10172055,-0.05129533,-0.1145029,-0.08860733,-0.0453128,-0.04146474,-0.13517329,0.07278806,-0.1069819,-0.25049016,0.14734435,-0.13773473,1569000.02456997,0.07187491,0.07233892,0.07027785,-0.14480577,0.10824289,0.0363345,0.41861391,0.09671276,0.01686449,0.34952354,-0.06893833,-0.10565621,-0.05456645,-0.1216602,-0.08842004,-0.03940617,-0.03714937,-0.13671774,0.08111598,-0.10867546,-0.25276893,0.14529595,-0.14080906,1570000.02333345,0.07383347,0.0701062,0.07096573,-0.14612931,0.11060106,0.0328653,0.41927588,0.09622397,0.01425117,0.34480196,-0.06750844,-0.11084659,-0.05422597,-0.1237336,-0.08785684,-0.0423222,-0.04926216,-0.1370593,0.07836173,-0.09835451,-0.25294992,0.14674135,-0.13634413,1571000.01870487,0.07259497,0.06716818,0.06471439,-0.13445379,0.10412417,0.04516802,0.41647246,0.09962983,0.02548474,0.34908119,-0.05719454,-0.11208666,-0.04938101,-0.11480442,-0.08748082,-0.04179749,-0.04972068,-0.13325897,0.07826995,-0.0969091,-0.25216749,0.15218481,-0.13814874,1572000.01776227,0.06742871,0.06619017,0.06203606,-0.12973008,0.106286,0.04491827,0.4195576,0.10008765,0.03074775,0.34044084,-0.05467808,-0.10455795,-0.05078924,-0.11548926,-0.08530707,-0.04349557,-0.04412759,-0.13837922,0.0771253,-0.10905479,-0.25083569,0.14526258,-0.13708335,1573000.02108966,0.0672325,0.06317236,0.06465752,-0.13335891,0.10363923,0.03819864,0.42067477,0.09872191,0.02615595,0.34070572,-0.06551131,-0.10335805,-0.04763848,-0.11802088,-0.08629656,-0.04557616,-0.03462908,-0.13691173,0.0732036,-0.10649409,-0.25470021,0.14033714,-0.14232048,1574000.01847604,0.07021509,0.06480264,0.06562646,-0.13800941,0.10141505,0.03833021,0.42189461,0.09770174,0.02302822,0.34200412,-0.06776277,-0.10631611,-0.04838225,-0.12125583,-0.08796928,-0.0446271,-0.04849459,-0.13610774,0.08015499,-0.10246981,-0.25705731,0.1408395,-0.14369231,1575000.019363,0.06800693,0.06931817,0.06313988,-0.14289881,0.10652281,0.03733254,0.41722924,0.09555444,0.02233678,0.33279479,-0.07358776,-0.10264423,-0.05182143,-0.12026405,-0.08587334,-0.04250776,-0.0448297,-0.13916491,0.08248446,-0.10457935,-0.25648394,0.14458214,-0.13953136,1576000.01870718,0.07138058,0.0655353,0.06504963,-0.14260235,0.10770795,0.03174152,0.41969481,0.09473746,0.01922754,0.3359898,-0.07184377,-0.10185266,-0.05006548,-0.12004027,-0.08728163,-0.04261298,-0.04289955,-0.13974337,0.07987231,-0.10772121,-0.25537184,0.14425616,-0.14166097,1577000.02040419,0.07282011,0.07245108,0.06950952,-0.14666054,0.11600597,0.03785858,0.42133304,0.09424669,0.01671122,0.32946792,-0.07730696,-0.11712375,-0.04893408,-0.12044815,-0.08593807,-0.04790662,-0.04078931,-0.13719963,0.07908666,-0.10431103,-0.25582853,0.14392076,-0.1386876,1578000.02212014,0.07209758,0.06986246,0.0706062,-0.14808601,0.11627943,0.03349504,0.4201999,0.09396249,0.01458345,0.33103043,-0.07932363,-0.11541658,-0.05324825,-0.11756852,-0.08745538,-0.04481227,-0.03403383,-0.13916025,0.07463031,-0.10618164,-0.25616911,0.14414518,-0.13748838,1579000.01817648,0.06602791,0.06613578,0.06220985,-0.13331535,0.09781234,0.04634645,0.41684932,0.09691169,0.02456751,0.33585045,-0.07245101,-0.10606114,-0.04775088,-0.11768086,-0.0856188,-0.03996024,-0.03690685,-0.13160442,0.07723767,-0.09543256,-0.25649935,0.14367923,-0.14329331,1580000.01613407,0.0659767,0.06251752,0.06265162,-0.13040109,0.10019023,0.04344701,0.41748849,0.09847149,0.0298958,0.3416838,-0.06631199,-0.09960903,-0.04557322,-0.11277543,-0.08504558,-0.04490484,-0.03520865,-0.1367989,0.08259863,-0.11419603,-0.25766134,0.14085399,-0.13587925,1581000.01922936,0.07145482,0.0610986,0.06393007,-0.14205171,0.10618155,0.04350556,0.42185694,0.09426078,0.02333791,0.33195922,-0.07290523,-0.10794425,-0.05509569,-0.11163931,-0.0862317,-0.04460324,-0.03271925,-0.13576914,0.08035019,-0.10893168,-0.2588965,0.14279264,-0.14758906,1582000.02053156,0.07162452,0.06705507,0.06262938,-0.14107706,0.10654254,0.03943276,0.42347682,0.09316307,0.02023849,0.33320805,-0.07702671,-0.11339156,-0.05703983,-0.11393598,-0.08546177,-0.04841581,-0.02699273,-0.13477594,0.07880406,-0.09685317,-0.26140267,0.145475,-0.14996047,1583000.01980843,0.06748214,0.06961663,0.06416573,-0.14540686,0.10672859,0.04001532,0.42209539,0.09452814,0.02032584,0.33876973,-0.08050214,-0.11697498,-0.05532612,-0.11475025,-0.08734505,-0.04728495,-0.03795113,-0.13421604,0.08169869,-0.09941819,-0.26080421,0.14753918,-0.14756545,1584000.0224243,0.06867607,0.06839057,0.06557549,-0.14986277,0.10935812,0.03379548,0.41957337,0.09152156,0.01866992,0.32731581,-0.08300453,-0.11154488,-0.05482588,-0.11535802,-0.087056,-0.04619547,-0.03142655,-0.13580191,0.08181158,-0.109367,-0.25983748,0.14389007,-0.14374438,1585000.02360988,0.06886183,0.0714156,0.06571542,-0.14908208,0.11116317,0.03306206,0.41882965,0.09056208,0.01516346,0.33544174,-0.08671401,-0.11291753,-0.05976889,-0.11826842,-0.08711343,-0.04807146,-0.02664522,-0.13525967,0.0820623,-0.10045812,-0.25996545,0.14433675,-0.14793818,1586000.02023149,0.06808662,0.06765664,0.06511118,-0.14842269,0.10832646,0.03218384,0.42007565,0.091501,0.01375595,0.32943156,-0.08881291,-0.11272144,-0.05230726,-0.11638059,-0.09018304,-0.04673355,-0.04306114,-0.13593566,0.07877898,-0.10640943,-0.25991809,0.14976561,-0.14880568,1587000.01701084,0.06404209,0.06461043,0.06002698,-0.13878997,0.10065483,0.0435024,0.41818491,0.09456147,0.02370797,0.32743359,-0.07996804,-0.10973156,-0.05543587,-0.11684719,-0.08703124,-0.04693376,-0.0459062,-0.13584487,0.07734623,-0.10078955,-0.25865519,0.1431942,-0.14532879,1588000.01386977,0.06480129,0.06607529,0.05837054,-0.14282677,0.10033637,0.04501966,0.42104992,0.09503656,0.0261652,0.33051002,-0.07831141,-0.10793683,-0.0574048,-0.11572196,-0.0870581,-0.04391666,-0.0353491,-0.13500218,0.08307431,-0.10836616,-0.26029783,0.14447208,-0.14744186,1589000.01583509,0.06243311,0.06697187,0.06024563,-0.14256336,0.10465493,0.03517079,0.41920352,0.09168065,0.02089581,0.3335267,-0.08426193,-0.11110032,-0.05454025,-0.11410791,-0.08870782,-0.04560488,-0.03697227,-0.13635597,0.08070968,-0.10989631,-0.26108187,0.14495191,-0.14668013,1590000.0191332,0.06319149,0.06767955,0.06192183,-0.14634131,0.10001984,0.03911108,0.4183242,0.09145004,0.0198829,0.32879767,-0.08775307,-0.11420874,-0.05208982,-0.11422613,-0.09034087,-0.04708659,-0.03793887,-0.13277155,0.07840084,-0.10309023,-0.25982055,0.14390616,-0.14421126,1591000.01837098,0.06458238,0.06792645,0.06145554,-0.1506335,0.10183232,0.03334619,0.41821149,0.09002663,0.01899097,0.33157352,-0.08512025,-0.1154127,-0.05505014,-0.11284793,-0.08805174,-0.04940526,-0.03713038,-0.13570803,0.08220069,-0.10443053,-0.2598924,0.14482811,-0.14782995,1592000.02086911,0.06538749,0.06844362,0.06173953,-0.15253922,0.10475894,0.03009431,0.4177078,0.08989603,0.01628872,0.33302322,-0.09049993,-0.10977725,-0.05359098,-0.11224003,-0.09009413,-0.05059696,-0.04342239,-0.13281129,0.08110693,-0.10709363,-0.26017711,0.14887652,-0.15142629,1593000.01809072,0.06992048,0.06879713,0.06598172,-0.15056948,0.10732611,0.02911241,0.4190639,0.08874608,0.01381736,0.32552981,-0.08991957,-0.12529126,-0.05691129,-0.11982547,-0.09171885,-0.05154368,-0.05649732,-0.13335954,0.0870148,-0.10301477,-0.25979045,0.14946279,-0.14675464,1594000.01712678,0.06539679,0.06545008,0.06404331,-0.142735,0.10118013,0.0319198,0.41870958,0.0879532,0.01780705,0.32695535,-0.08563476,-0.12681244,-0.06391966,-0.11940793,-0.09192228,-0.0508472,-0.05912925,-0.1378742,0.07942272,-0.10634059,-0.2589933,0.14444107,-0.14871159,1595000.0144279,0.05917404,0.06484868,0.05784516,-0.13570042,0.09970833,0.03683133,0.41742676,0.09019494,0.02944463,0.33761802,-0.08404471,-0.11576268,-0.05277966,-0.11566424,-0.08809634,-0.05110784,-0.0403972,-0.13622321,0.08098236,-0.10528295,-0.25909519,0.14450994,-0.14638224,1596000.01538123,0.06024994,0.06696702,0.05691259,-0.14325249,0.09652504,0.03953893,0.41918498,0.09235353,0.02605675,0.33132663,-0.08360375,-0.11859901,-0.05442465,-0.11440189,-0.08949672,-0.05431454,-0.04390208,-0.13642675,0.0845013,-0.10504756,-0.26112708,0.14599547,-0.15191931,1597000.01342437,0.0622615,0.06568731,0.05862977,-0.14707942,0.09728377,0.03438448,0.41744453,0.09024453,0.02243963,0.33290809,-0.08836909,-0.11788188,-0.05351897,-0.11284487,-0.09008107,-0.0526315,-0.03926268,-0.13198192,0.07489461,-0.11714702,-0.26033455,0.13876189,-0.15116535,1598000.01771495,0.06375396,0.06530803,0.05972496,-0.14639482,0.09542777,0.03187693,0.41719458,0.08879081,0.02213586,0.33253273,-0.09160243,-0.12057513,-0.05745211,-0.11211499,-0.08937474,-0.05038202,-0.04332221,-0.13448599,0.07970426,-0.10864843,-0.25974146,0.14249937,-0.15539514,1599000.01770548,0.06491891,0.06715778,0.05925941,-0.15032412,0.10014078,0.0312794,0.41828105,0.08604972,0.02004582,0.32551008,-0.08831532,-0.12788534,-0.06300157,-0.11574825,-0.09139847,-0.05251433,-0.03900494,-0.13596387,0.08320471,-0.11310218,-0.26001728,0.14643632,-0.1535037,1600000.01937462,0.06228821,0.07116677,0.06350194,-0.15849179,0.10195379,0.03036964,0.41892332,0.08722775,0.01672063,0.32591501,-0.0939974,-0.12764704,-0.06050782,-0.12057897,-0.09183109,-0.05054961,-0.04153581,-0.1347826,0.08600144,-0.11844824,-0.25808191,0.15206859,-0.15835576,1601000.01970221,0.0638827,0.07231453,0.06342811,-0.15824534,0.10115442,0.02921577,0.42007494,0.0853712,0.01435606,0.32900342,-0.09947283,-0.11974419,-0.06770092,-0.11664083,-0.09405317,-0.05635775,-0.04283132,-0.13560961,0.08268183,-0.11097833,-0.25741249,0.15126722,-0.14950313,1602000.01564257,0.06529139,0.06860739,0.05580341,-0.14284764,0.09710932,0.03618869,0.41646367,0.08842823,0.02266599,0.33980754,-0.09262747,-0.13068564,-0.06815878,-0.11328594,-0.09061607,-0.05572259,-0.04184408,-0.13399629,0.0807341,-0.10230475,-0.25794497,0.15075591,-0.14892733,1603000.01355018,0.05700586,0.06402489,0.05502009,-0.14078008,0.10504905,0.04216085,0.41611305,0.08610784,0.02933804,0.32377899,-0.0840506,-0.11867195,-0.06287806,-0.11686695,-0.09195518,-0.05153602,-0.04016391,-0.13346937,0.08426295,-0.10391439,-0.25793362,0.14479361,-0.152281,1604000.01493773,0.05915627,0.06570712,0.05784227,-0.14761135,0.10353244,0.03382029,0.41699132,0.08594797,0.02648149,0.3211695,-0.09149444,-0.12546591,-0.06486201,-0.11384246,-0.09210638,-0.06053114,-0.03132467,-0.13335527,0.07692069,-0.11128494,-0.25990281,0.14455648,-0.15310322,1605000.01554468,0.05784169,0.06827053,0.0589676,-0.15463546,0.09872617,0.03046125,0.41685933,0.08783521,0.02302464,0.32737938,-0.09713703,-0.13240598,-0.06492979,-0.11137474,-0.09124124,-0.05737597,-0.0470052,-0.13145798,0.07592991,-0.1230066,-0.25944808,0.14705014,-0.15724954,1606000.01418536,0.05538573,0.0643162,0.05784227,-0.15625252,0.0965698,0.03209378,0.41416928,0.08517472,0.02161916,0.33734483,-0.09676325,-0.13036932,-0.07425476,-0.11573049,-0.09383266,-0.05965438,-0.04677483,-0.13314672,0.08603412,-0.12041257,-0.26040646,0.14595559,-0.15935686,1607000.01555359,0.05883385,0.06633507,0.059549,-0.1566053,0.09754675,0.02840647,0.41738388,0.08407619,0.0195748,0.32682478,-0.09623391,-0.1301751,-0.07036417,-0.11485423,-0.09380123,-0.06215564,-0.04523165,-0.13598564,0.08342052,-0.11178195,-0.26053801,0.14875418,-0.15878563,1608000.01757998,0.06166111,0.06524345,0.05805581,-0.16303997,0.09533808,0.02400804,0.419254,0.08411022,0.01663804,0.32226545,-0.09669859,-0.13773812,-0.06777518,-0.11619798,-0.09524138,-0.06070765,-0.04319923,-0.13829657,0.08444415,-0.10993524,-0.25992256,0.14769076,-0.15826544,1609000.01751263,0.05699443,0.06794408,0.0603122,-0.16535829,0.09797484,0.02596936,0.4177078,0.0839049,0.01331259,0.33407995,-0.09932751,-0.12519915,-0.07662103,-0.11164242,-0.09651962,-0.06372574,-0.05069019,-0.13704479,0.07741453,-0.11511722,-0.25836545,0.14792554,-0.14477651,1610000.01424484,0.05840555,0.06871121,0.05583342,-0.15544315,0.09993408,0.02999589,0.41491389,0.08649011,0.01981409,0.32663333,-0.09250095,-0.1293731,-0.07809189,-0.11653405,-0.09657068,-0.0663435,-0.05882073,-0.13412234,0.08461552,-0.10763102,-0.25653365,0.14449327,-0.1508871,1611000.01230603,0.05301574,0.0677837,0.05274351,-0.14709383,0.10437942,0.03575165,0.41601267,0.08758727,0.03002147,0.32315475,-0.08839587,-0.13429566,-0.07526774,-0.11419653,-0.0954093,-0.06618182,-0.04470584,-0.12923312,0.08136335,-0.11078405,-0.25770184,0.14113729,-0.15926348,1612000.01201726,0.0492676,0.06747565,0.05374012,-0.154434,0.09923785,0.03306874,0.41872999,0.08662337,0.02472921,0.33027643,-0.08985753,-0.12693641,-0.08178329,-0.10915808,-0.09753142,-0.06757624,-0.04172234,-0.132415,0.07813939,-0.12038257,-0.25952896,0.14437792,-0.15280159,1613000.01242005,0.05027089,0.06665626,0.05435131,-0.15727434,0.09860671,0.03273492,0.41791248,0.08519511,0.02111078,0.32426679,-0.09285491,-0.14177042,-0.08554191,-0.11303409,-0.09813378,-0.06885564,-0.03575214,-0.13415632,0.08463605,-0.11831325,-0.26002279,0.148182,-0.15597025,1614000.01249733,0.05101641,0.0678576,0.05243871,-0.16172084,0.1000056,0.03155667,0.4195818,0.08433302,0.02062433,0.32722855,-0.0959653,-0.13525888,-0.08491432,-0.11451016,-0.09895126,-0.06785418,-0.05273806,-0.13300034,0.08251414,-0.12104104,-0.2598798,0.14132373,-0.158783,1615000.01194002,0.04951809,0.06919477,0.05483279,-0.16599117,0.09789997,0.02418421,0.41817203,0.08552452,0.01737318,0.3265686,-0.09649361,-0.13310328,-0.08296221,-0.11276048,-0.09958822,-0.06884872,-0.0470189,-0.13875739,0.08761956,-0.11406246,-0.25918829,0.14618185,-0.15994085,1616000.01622908,0.0507432,0.07217269,0.05771098,-0.16818054,0.10393285,0.02275482,0.42190436,0.08376948,0.01509464,0.31707871,-0.10087392,-0.14408174,-0.08276053,-0.11342333,-0.10238247,-0.07042952,-0.02987332,-0.13699606,0.0796466,-0.1114744,-0.25784948,0.14880875,-0.15934062,1617000.01592156,0.05510011,0.07212006,0.06101409,-0.16877821,0.10388421,0.02721659,0.42068288,0.08431556,0.01079052,0.31650415,-0.09985986,-0.13465431,-0.07875782,-0.1177349,-0.10385985,-0.06997375,-0.04276405,-0.13500705,0.07808194,-0.11679915,-0.25863802,0.15343636,-0.15360425,1618000.01432201,0.04927726,0.06761961,0.0565223,-0.1605287,0.10037696,0.02000814,0.421047,0.0841902,0.01563824,0.31998464,-0.09604122,-0.13508348,-0.0888074,-0.11399545,-0.10267311,-0.07300024,-0.0483354,-0.13360547,0.07597397,-0.12012876,-0.25708416,0.14466387,-0.14977354,1619000.01471688,0.04681842,0.06737342,0.05123646,-0.15354005,0.09483594,0.03265944,0.41878736,0.08557368,0.02638828,0.33269906,-0.08669213,-0.12974907,-0.08625637,-0.11517048,-0.10132392,-0.0711813,-0.03822531,-0.13482296,0.08128995,-0.11528961,-0.25620139,0.14170563,-0.15524821,1620000.01646079,0.05099401,0.06573103,0.05150289,-0.1583076,0.09672782,0.02258896,0.42063221,0.08664657,0.02439031,0.33387437,-0.08865779,-0.13692419,-0.09094608,-0.11063646,-0.10417647,-0.0667279,-0.04832282,-0.13502826,0.08012381,-0.11698741,-0.25853381,0.14621842,-0.16463764,1621000.01280642,0.04740558,0.06764227,0.05270469,-0.16478169,0.09949374,0.02726916,0.42000285,0.08590571,0.01970779,0.33193251,-0.09355232,-0.13792485,-0.0891402,-0.11350074,-0.10580675,-0.07129176,-0.05234486,-0.13600853,0.08165029,-0.11477935,-0.25860533,0.13780144,-0.15959373,1622000.01383909,0.04833506,0.07001456,0.05288164,-0.16711794,0.10046326,0.02404991,0.421233,0.08487907,0.01945044,0.327456,-0.09282034,-0.12510522,-0.08070367,-0.11300186,-0.10553002,-0.0690449,-0.05607619,-0.13533643,0.08046894,-0.12542047,-0.25869843,0.1435851,-0.15868564,1623000.01330986,0.04617915,0.06971455,0.05418156,-0.16689928,0.1050279,0.02129239,0.42527622,0.08661932,0.01746388,0.3259396,-0.09347203,-0.13151626,-0.08458132,-0.11727586,-0.10579705,-0.06997816,-0.05679063,-0.1382764,0.08090564,-0.12632887,-0.25799164,0.14401284,-0.15952061,1624000.01656769,0.05199553,0.06949855,0.0568413,-0.1721503,0.10076335,0.01790047,0.42113629,0.08417629,0.01599845,0.32790974,-0.09205554,-0.13834527,-0.08607894,-0.11723447,-0.10699208,-0.07084585,-0.06354181,-0.13943183,0.08041368,-0.11433496,-0.25773451,0.14992666,-0.15648286,1625000.01641339,0.05246357,0.06761562,0.05880037,-0.17279348,0.10778027,0.01953366,0.42062318,0.08442679,0.01354382,0.33347055,-0.0911937,-0.13136184,-0.08721002,-0.11839733,-0.10817936,-0.06953819,-0.05756868,-0.13312899,0.08202864,-0.12327931,-0.25744799,0.14700301,-0.15867066,1626000.0164711,0.04873504,0.07143878,0.05462754,-0.16878282,0.10324808,0.02611858,0.41905692,0.08475848,0.01678302,0.33322513,-0.09103452,-0.1405434,-0.08869475,-0.1127121,-0.10648941,-0.07041782,-0.0576461,-0.13622545,0.08464851,-0.12115653,-0.25696969,0.14450994,-0.15703991,1627000.01002543,0.04345695,0.06369674,0.05014318,-0.16048425,0.09533871,0.02787536,0.4183287,0.08888108,0.02672554,0.32906827,-0.08484371,-0.13983886,-0.08759974,-0.11192067,-0.10639466,-0.07327053,-0.0427938,-0.13365039,0.08234534,-0.12066739,-0.25449511,0.1459239,-0.15756927,1628000.01284665,0.04504536,0.06344491,0.05294995,-0.16204955,0.0982528,0.02886671,0.4222607,0.08821018,0.0246815,0.33026615,-0.08025145,-0.13374163,-0.08656057,-0.11339621,-0.10878933,-0.07086872,-0.03630958,-0.13658194,0.08180095,-0.12234486,-0.25498965,0.14599831,-0.15493545,1629000.01736781,0.04763761,0.07067008,0.05446652,-0.16406986,0.10059816,0.02406506,0.42191824,0.08692633,0.02065038,0.33273834,-0.08129914,-0.1364297,-0.08817045,-0.11459729,-0.11001131,-0.0739463,-0.04983597,-0.13613066,0.07858411,-0.12738828,-0.25664049,0.14645074,-0.15927278,1630000.01598832,0.05003403,0.06758444,0.05241825,-0.17074624,0.10181496,0.02803587,0.42185062,0.08795714,0.02089877,0.32954583,-0.08146268,-0.13426584,-0.09385312,-0.11731468,-0.11007864,-0.07027227,-0.06340593,-0.13292627,0.08482294,-0.12003679,-0.25518841,0.14753944,-0.15625739,1631000.0149862,0.04792468,0.06990905,0.05564986,-0.17421389,0.10487442,0.02943111,0.42421162,0.09020881,0.01850324,0.32588804,-0.08438615,-0.13350067,-0.09402286,-0.11522801,-0.10954221,-0.07171135,-0.05331103,-0.13416524,0.08229344,-0.12282538,-0.25342441,0.14714035,-0.15719402,1632000.01757047,0.05254041,0.07466169,0.05873368,-0.17173278,0.11029653,0.01988574,0.42162305,0.08809336,0.01645341,0.31196848,-0.07921157,-0.1309609,-0.09275845,-0.11922596,-0.11157931,-0.07013422,-0.04181102,-0.13634366,0.08571514,-0.13241571,-0.25368866,0.15005057,-0.15891993,1633000.01722332,0.05610109,0.07518075,0.059677,-0.17577022,0.10945103,0.02196897,0.42204139,0.08603652,0.01505656,0.32756385,-0.07824898,-0.13272634,-0.09464345,-0.12137935,-0.11125398,-0.07082407,-0.06397063,-0.13892306,0.08287396,-0.12285695,-0.25305185,0.15135479,-0.15460332,1634000.0172426,0.05146112,0.07187689,0.05754356,-0.16542396,0.10276512,0.02813275,0.42108375,0.08894365,0.02020126,0.32875544,-0.07584808,-0.11908735,-0.09021034,-0.1175859,-0.11166901,-0.06580649,-0.05775504,-0.13546072,0.08191626,-0.12215447,-0.25168264,0.15354446,-0.15533407,1635000.01256922,0.0480518,0.06560531,0.05212095,-0.1577778,0.09992888,0.02931663,0.41953385,0.09133821,0.03120768,0.32769337,-0.06784125,-0.12272745,-0.08562734,-0.11375447,-0.1097973,-0.0662083,-0.05755277,-0.13205203,0.08008551,-0.12262351,-0.2484439,0.1473728,-0.14727457,1636000.01590198,0.04951176,0.06878991,0.05220145,-0.15994243,0.10128046,0.03027649,0.4204618,0.09185971,0.02884924,0.33924061,-0.06924789,-0.13273816,-0.08478805,-0.1129935,-0.10984619,-0.06600549,-0.05889184,-0.13600528,0.08413504,-0.12474665,-0.24967599,0.1488978,-0.14623815,1637000.01381044,0.04683021,0.0712182,0.05193565,-0.16455472,0.10510085,0.02191301,0.41961926,0.09178101,0.02560331,0.33237922,-0.0664098,-0.1300288,-0.08999087,-0.11189944,-0.10962545,-0.06897887,-0.04347918,-0.13711333,0.07945461,-0.12805064,-0.24969728,0.15073581,-0.15589094,1638000.01567037,0.0523346,0.07023422,0.05324556,-0.16323598,0.10898668,0.02135192,0.42195451,0.09197751,0.02424958,0.32760319,-0.06267467,-0.13055342,-0.09025412,-0.11740501,-0.11232721,-0.06748278,-0.05486728,-0.13596357,0.08549844,-0.1267077,-0.24948595,0.15104128,-0.15668477,1639000.01520861,0.05390659,0.07217269,0.05699861,-0.16863891,0.10978115,0.02124326,0.42158505,0.09434228,0.02261988,0.33159348,-0.06301578,-0.12548755,-0.08385318,-0.12116561,-0.11422194,-0.06596494,-0.05954304,-0.13637771,0.08657978,-0.12507392,-0.24871178,0.14765568,-0.14762899,1640000.0203294,0.0537651,0.07072839,0.0621702,-0.16861664,0.11257837,0.02243135,0.4240168,0.09333956,0.01950038,0.32667229,-0.06936244,-0.12876417,-0.0908951,-0.12277762,-0.11278018,-0.06900896,-0.06165429,-0.13757731,0.08418535,-0.12620357,-0.24689969,0.15590386,-0.142197,1641000.02060865,0.0563887,0.07468889,0.06178769,-0.16998804,0.11452959,0.02126147,0.42209861,0.09192184,0.01642444,0.32613677,-0.06838179,-0.12601164,-0.08690408,-0.12310399,-0.11277848,-0.06616079,-0.05899136,-0.13623828,0.0842516,-0.12433202,-0.24593358,0.16310409,-0.15009153,1642000.01940248,0.0570738,0.07712182,0.05815365,-0.16835864,0.11195864,0.02649012,0.42389286,0.09109306,0.01608371,0.32499629,-0.06119404,-0.13610192,-0.08422761,-0.12211604,-0.11407389,-0.06703289,-0.0642496,-0.13596708,0.08065553,-0.1230631,-0.24400765,0.15081833,-0.14564319,1643000.01456376,0.04881274,0.06648032,0.05351662,-0.15463723,0.10619308,0.03492589,0.42847574,0.09421238,0.02800953,0.33606386,-0.05868052,-0.12292932,-0.07895281,-0.11472002,-0.11086255,-0.06253462,-0.06063979,-0.13801765,0.0830074,-0.11409789,-0.24114558,0.14961629,-0.14552745,1644000.01392722,0.04964499,0.06582265,0.05161054,-0.15369245,0.10913029,0.03617893,0.42500436,0.0958584,0.03034429,0.34084517,-0.0526326,-0.12022034,-0.0753516,-0.1137379,-0.1087862,-0.06128135,-0.04618661,-0.13389187,0.08584414,-0.1181165,-0.24002126,0.14825809,-0.14803223,1645000.01369574,0.05167577,0.07310307,0.05286071,-0.15671004,0.10714111,0.02817557,0.42273828,0.09510359,0.02761865,0.33943895,-0.05291158,-0.11694058,-0.07494213,-0.11886691,-0.10945727,-0.0633841,-0.04703955,-0.13661529,0.08372785,-0.1232117,-0.24038923,0.14596121,-0.14671357,1646000.01659657,0.04948242,0.07414222,0.05438783,-0.15997265,0.10816161,0.02473451,0.42290342,0.09433271,0.02509734,0.33249053,-0.05184722,-0.12321004,-0.07379898,-0.11725003,-0.11031183,-0.06375049,-0.05659598,-0.13574193,0.08728574,-0.11901231,-0.23822877,0.14824133,-0.14485048,1647000.01430227,0.05262084,0.07466117,0.05617067,-0.16085705,0.10540979,0.03182548,0.42642745,0.09679683,0.02424257,0.33044836,-0.05200481,-0.12001432,-0.07582266,-0.12266099,-0.11150472,-0.05945686,-0.04976095,-0.13844316,0.0864711,-0.11892197,-0.23758101,0.14163326,-0.13963321,1648000.01827465,0.05295705,0.07029252,0.05836521,-0.16308466,0.10939942,0.02748738,0.42380419,0.09453337,0.02074962,0.32268453,-0.05847171,-0.11881154,-0.07227781,-0.11912636,-0.10995932,-0.05907145,-0.05528168,-0.13772544,0.08010685,-0.11621878,-0.23665711,0.14669244,-0.14186347,1649000.01706901,0.0546031,0.07419798,0.05971289,-0.16351753,0.11361082,0.02419629,0.42664257,0.09670517,0.01924606,0.33803701,-0.05871018,-0.12277408,-0.07257865,-0.12194682,-0.11001812,-0.06303275,-0.05758728,-0.13639307,0.08034507,-0.11862137,-0.23431084,0.15087235,-0.14639379,1650000.0191332,0.05679265,0.07821481,0.0618448,-0.166659,0.11758217,0.02544929,0.42295244,0.0962899,0.01687044,0.34006035,-0.05757597,-0.12381019,-0.06778748,-0.12493919,-0.11187381,-0.0592732,-0.06548166,-0.13529004,0.08462335,-0.12220445,-0.23287827,0.15530625,-0.1385694,1651000.01715575,0.05613548,0.07466236,0.05791651,-0.15940054,0.10618293,0.03083109,0.42431766,0.09865382,0.02078973,0.32681072,-0.05011261,-0.11838555,-0.07485279,-0.1233289,-0.10887794,-0.05994114,-0.05720626,-0.13959578,0.08524197,-0.12366008,-0.23063524,0.14631343,-0.13644801,1652000.0148044,0.05246951,0.06895987,0.05296307,-0.1490718,0.1032806,0.03642002,0.42936462,0.10221782,0.03263851,0.33327097,-0.03973229,-0.12327575,-0.07130196,-0.12052673,-0.1058364,-0.05523599,-0.04470815,-0.13198192,0.07780564,-0.11833222,-0.22655198,0.14897878,-0.13156366,1653000.01620137,0.056233,0.07168585,0.05593055,-0.14864719,0.10668661,0.03974741,0.42711142,0.10355234,0.03223491,0.33490714,-0.037513,-0.10599969,-0.06186035,-0.12309565,-0.10729346,-0.05854979,-0.05143275,-0.13694474,0.08154407,-0.11765251,-0.22680844,0.14956206,-0.13680248,1654000.01706901,0.0574012,0.07165685,0.05446323,-0.1515834,0.10759457,0.03563853,0.42720693,0.10297941,0.02728486,0.33794299,-0.04051537,-0.11819062,-0.07214846,-0.12136605,-0.10814601,-0.05957989,-0.05687299,-0.13374443,0.08636449,-0.12366242,-0.22774892,0.14743701,-0.1355053,1655000.01751263,0.05749473,0.07138368,0.05694531,-0.15427688,0.10832663,0.03073437,0.42864439,0.10185533,0.02706048,0.33039832,-0.04039792,-0.12126219,-0.06535821,-0.12417701,-0.10757095,-0.05371655,-0.06544546,-0.1332878,0.09090966,-0.10926519,-0.22740947,0.14559947,-0.13198437,1656000.01830361,0.06028334,0.06985801,0.0561427,-0.15358365,0.1116605,0.03264441,0.42697009,0.10125114,0.02582656,0.33425367,-0.04167232,-0.12043035,-0.06810214,-0.12644707,-0.10534615,-0.05519186,-0.057484,-0.13066021,0.08535285,-0.11156695,-0.22604215,0.15358083,-0.14342465,1657000.01892085,0.05833206,0.07195889,0.05812891,-0.15823534,0.11205308,0.02861012,0.429914,0.10122992,0.0238864,0.33216092,-0.0404729,-0.11109263,-0.066776,-0.13155092,-0.10544452,-0.05364357,-0.05511738,-0.13370305,0.08681978,-0.11850677,-0.2262646,0.15094908,-0.13934773,1658000.01839008,0.06420796,0.07449856,0.06169192,-0.15746397,0.11765692,0.02806905,0.42628959,0.10163084,0.02031919,0.32839933,-0.03968586,-0.1173683,-0.06396363,-0.12709384,-0.10686969,-0.05185618,-0.05316626,-0.13641414,0.08659369,-0.11321479,-0.22408162,0.15393467,-0.1291026,1659000.01726181,0.06659561,0.07591823,0.06240029,-0.15245967,0.11441869,0.03278295,0.42752388,0.10262564,0.02051859,0.32857561,-0.04091509,-0.1243792,-0.06221205,-0.12832259,-0.1079108,-0.05178824,-0.06651392,-0.13395289,0.08591327,-0.11908196,-0.22295633,0.14988767,-0.14019856,1660000.01330265,0.05856697,0.07043396,0.0545078,-0.14070219,0.10272491,0.03927754,0.42527458,0.10575344,0.03313945,0.33284283,-0.03017472,-0.11914485,-0.05554049,-0.1298019,-0.10516249,-0.04823146,-0.05826766,-0.12369765,0.08403248,-0.10788801,-0.22100908,0.14987467,-0.14630219,1661000.01345536,0.05820958,0.06983108,0.05564792,-0.14501764,0.10161941,0.04375366,0.42550978,0.10730115,0.03578309,0.34045172,-0.02909287,-0.11573864,-0.04527482,-0.13292986,-0.10317822,-0.0481762,-0.0597549,-0.12852557,0.08253367,-0.10318021,-0.22078654,0.14856118,-0.13002744,1662000.01845795,0.06112605,0.06982985,0.05933079,-0.14297597,0.10538623,0.03919021,0.42640826,0.10597169,0.03173411,0.34241265,-0.02690153,-0.12511159,-0.0521623,-0.12740713,-0.10211057,-0.04502956,-0.05104575,-0.12982562,0.07851078,-0.10637604,-0.22147477,0.15428971,-0.12769991,1663000.01824567,0.06269434,0.07479883,0.06048512,-0.14364083,0.09966469,0.04259723,0.42767912,0.10648302,0.03021222,0.34303015,-0.02844239,-0.11688729,-0.05240484,-0.13303035,-0.10264317,-0.04518143,-0.04679122,-0.13140927,0.08430979,-0.11519549,-0.22142734,0.15051645,-0.12757309,1664000.0165388,0.06434417,0.07296916,0.05965733,-0.14797857,0.11087365,0.04400063,0.42680004,0.10905034,0.02906053,0.33200425,-0.03130576,-0.11139105,-0.05491308,-0.13016652,-0.10360446,-0.04273945,-0.05458871,-0.13212769,0.0834108,-0.10992548,-0.22101063,0.14929827,-0.13074361,1665000.01780197,0.073169,0.07452583,0.06386279,-0.14708529,0.11534629,0.04225203,0.42297974,0.10724159,0.02752782,0.33271447,-0.03187385,-0.12521748,-0.05037487,-0.13177739,-0.10151442,-0.03891252,-0.05058986,-0.12684442,0.08189495,-0.11210683,-0.22130746,0.15103427,-0.13689432,1666000.02060865,0.07278939,0.07466236,0.06670978,-0.14783868,0.11807732,0.04148863,0.42305502,0.10786229,0.02350749,0.33335522,-0.03026311,-0.1082845,-0.05011531,-0.13681659,-0.10196721,-0.0424144,-0.0434285,-0.1311305,0.08442566,-0.1099712,-0.22197157,0.15479557,-0.13524781,1667000.02133153,0.07467014,0.07520807,0.06561893,-0.145658,0.1136307,0.04199358,0.42550457,0.10678898,0.02460214,0.33173922,-0.0241256,-0.11127786,-0.04746175,-0.13250361,-0.10050934,-0.04412097,-0.05005572,-0.13111195,0.08206029,-0.10577744,-0.22083457,0.15066172,-0.12973459,1668000.01735803,0.06805275,0.06961711,0.05664716,-0.13338909,0.10640977,0.04872307,0.42412016,0.11058734,0.03661685,0.33119604,-0.01765866,-0.10844671,-0.04559335,-0.1347032,-0.09962218,-0.0374526,-0.05190977,-0.13097388,0.08980442,-0.10329332,-0.21905832,0.14440256,-0.12584569,1669000.01420702,0.06716442,0.07264274,0.05811634,-0.13054873,0.10548081,0.05243421,0.42402166,0.11360948,0.0415337,0.34140414,-0.01472026,-0.1161221,-0.04337164,-0.13285154,-0.09776821,-0.03094397,-0.03758415,-0.12816712,0.08679014,-0.10384119,-0.21950898,0.14379716,-0.12661061,1670000.01620137,0.07129809,0.07255986,0.05839457,-0.1363868,0.10657101,0.04617601,0.42808831,0.11266075,0.03725383,0.34321287,-0.01692432,-0.10550986,-0.03844811,-0.13221084,-0.09842461,-0.03182234,-0.04649433,-0.12596411,0.08828499,-0.10353537,-0.22116511,0.14052999,-0.13763228,1671000.01696296,0.07282708,0.06898554,0.06000154,-0.13425586,0.10391118,0.04835368,0.42630458,0.11095879,0.03574583,0.33551922,-0.01667366,-0.10775179,-0.03893466,-0.13212329,-0.09750269,-0.03346045,-0.05263597,-0.12795378,0.08664871,-0.09343556,-0.22268036,0.15293863,-0.12942712,1672000.01793702,0.07297768,0.07165954,0.06058104,-0.1349133,0.11126798,0.0485465,0.42731333,0.11334221,0.03555444,0.33539608,-0.01679226,-0.10774515,-0.03243921,-0.13159871,-0.09809698,-0.02569898,-0.05745412,-0.12479421,0.08992184,-0.09752324,-0.22393316,0.1521081,-0.12355567,1673000.0203294,0.07288542,0.0691226,0.06363073,-0.14095061,0.10544743,0.04314271,0.42642087,0.11183725,0.03338845,0.34231827,-0.01666152,-0.10366952,-0.03307597,-0.13495274,-0.09816347,-0.02913171,-0.05472752,-0.13003896,0.09107719,-0.10279049,-0.22334813,0.14957714,-0.1244645,1674000.01990443,0.07806001,0.07474435,0.06477231,-0.13772802,0.10674809,0.04488249,0.42746553,0.11061,0.03030618,0.34345296,-0.01531069,-0.10587139,-0.03415125,-0.13689131,-0.09806973,-0.02448885,-0.05328579,-0.13133714,0.08653709,-0.10591841,-0.22273895,0.1545496,-0.12315927,1675000.0210338,0.07879125,0.07264257,0.06649429,-0.13572921,0.10966764,0.04845904,0.42763647,0.11261919,0.02829545,0.33754733,-0.01295245,-0.10287046,-0.04343706,-0.13604726,-0.09595095,-0.02649461,-0.04592014,-0.12567769,0.09100582,-0.10117511,-0.22431177,0.1552844,-0.12758769,1676000.01969198,0.07330547,0.0703797,0.06027935,-0.12411126,0.10688357,0.05271049,0.42522839,0.11636247,0.03789763,0.34128144,-0.00446146,-0.10639165,-0.0369639,-0.1348345,-0.09600181,-0.02991748,-0.04126577,-0.12775572,0.08490502,-0.09841778,-0.22254063,0.14547047,-0.12576082,1677000.01599874,0.07429938,0.07007796,0.05855143,-0.12198047,0.10683068,0.05975292,0.42515486,0.11961302,0.04583979,0.33901274,-0.0026882,-0.10844924,-0.0303135,-0.13011542,-0.0934187,-0.02433875,-0.03000941,-0.12545119,0.08735091,-0.10267771,-0.22166421,0.15493599,-0.12609822,1678000.01376188,0.07314464,0.07400589,0.06143508,-0.12348613,0.10723869,0.05272365,0.4262197,0.11609273,0.04238757,0.34447908,-0.00585404,-0.10006191,-0.02813367,-0.12606519,-0.09332026,-0.02833299,-0.03626145,-0.12418292,0.08483899,-0.10415504,-0.2242579,0.14251116,-0.128425,1679000.01763773,0.07749044,0.07455286,0.06029289,-0.12709162,0.10768308,0.04985768,0.43077517,0.11602306,0.03856968,0.35208678,-0.00891512,-0.10702284,-0.02714198,-0.12981325,-0.09508034,-0.01932794,-0.03825006,-0.12384474,0.08746239,-0.09701511,-0.22657155,0.15291689,-0.13483652,1680000.01672128,0.08107466,0.07381523,0.06095126,-0.12875013,0.10692019,0.05624934,0.42825207,0.11532593,0.03839219,0.34014544,-0.00990827,-0.1026057,-0.02550427,-0.12930092,-0.09246629,-0.01873461,-0.03131856,-0.12959874,0.08611006,-0.09520711,-0.22683538,0.15354644,-0.12593985,1681000.01728114,0.08139049,0.07479812,0.06303081,-0.13059816,0.10619716,0.0545618,0.4282009,0.11509635,0.03651055,0.33744517,-0.01230758,-0.10264201,-0.0284179,-0.1306227,-0.0943439,-0.01848442,-0.03819822,-0.1286207,0.0882288,-0.09948758,-0.224895,0.14880875,-0.12458526,1682000.01816852,0.08182136,0.07580925,0.06742758,-0.13577282,0.11010074,0.05085924,0.42898488,0.11444823,0.03411829,0.34137103,-0.01421736,-0.11211333,-0.02315914,-0.13367204,-0.09423544,-0.01703785,-0.0383377,-0.1316206,0.08543968,-0.10363422,-0.22571054,0.15575327,-0.1312588,1683000.02050409,0.08443705,0.07701255,0.06746043,-0.13080481,0.11107173,0.04706328,0.42743498,0.11402017,0.03050923,0.3486993,-0.01379061,-0.10854135,-0.02554056,-0.133067,-0.09457593,-0.0169989,-0.03567348,-0.12816986,0.08797355,-0.10648774,-0.2264709,0.15159401,-0.12423776,1684000.01964509,0.07870084,0.07638363,0.06292865,-0.12393752,0.10675938,0.05361814,0.42956007,0.1148126,0.03676243,0.34223884,-0.01141337,-0.10260425,-0.02379461,-0.1347336,-0.09226948,-0.01341774,-0.0276618,-0.12642209,0.08696047,-0.1066601,-0.226,0.15433832,-0.12955293,1685000.01459125,0.07914211,0.07029378,0.05745294,-0.11712372,0.10335828,0.05854157,0.42563939,0.11751986,0.04564315,0.34191391,-0.00517621,-0.10142791,-0.02328122,-0.13499498,-0.08911002,-0.00926633,-0.03213687,-0.12839718,0.08664268,-0.09292356,-0.22403128,0.15538029,-0.1245285,1686000.01403088,0.07930093,0.07143475,0.06120725,-0.12257174,0.10378488,0.06139255,0.4321416,0.11502101,0.04238911,0.33640632,-0.00743177,-0.09893497,-0.01936579,-0.13159253,-0.08930276,-0.01260406,-0.03342346,-0.12689903,0.09028309,-0.09725295,-0.22644119,0.15497781,-0.12852423,1687000.01565956,0.07685673,0.07446606,0.06131621,-0.11921224,0.10686805,0.05787794,0.43016243,0.11503547,0.03891065,0.33364046,-0.00971523,-0.10672397,-0.01769322,-0.13083237,-0.08768119,-0.01344041,-0.01898121,-0.12699991,0.09379038,-0.10064674,-0.22728246,0.15628551,-0.13483652,1688000.01468619,0.07920345,0.07351036,0.06231496,-0.12488015,0.10737359,0.05502704,0.42434114,0.11459558,0.03853593,0.33696026,-0.01525187,-0.10016846,-0.01951289,-0.13259594,-0.09030092,-0.00182926,-0.03460561,-0.13157964,0.08669247,-0.099364,-0.22876701,0.15481453,-0.12382317,1689000.01358742,0.07741535,0.07408555,0.06325798,-0.12573594,0.11330391,0.05514527,0.42859048,0.11582321,0.03604991,0.34678569,-0.01701246,-0.10760174,-0.02458256,-0.13125011,-0.09000057,-0.00418926,-0.03673549,-0.12913804,0.08703934,-0.10300795,-0.22918308,0.14995568,-0.13329601,1690000.01656682,0.08353505,0.07252821,0.06601574,-0.1280254,0.11862826,0.05196941,0.42812857,0.11359955,0.03289501,0.34419522,-0.0198282,-0.1046854,-0.02233618,-0.13411328,-0.08954263,-0.00926004,-0.04041528,-0.1239503,0.08492694,-0.09194185,-0.2283251,0.15276919,-0.12725328,1691000.01619118,0.08497279,0.07135549,0.06604946,-0.13210414,0.12152195,0.04695244,0.43181357,0.11058867,0.03045395,0.34388155,-0.02205822,-0.10415568,-0.02749003,-0.13629584,-0.09163512,-0.01260398,-0.04360526,-0.12607466,0.08442434,-0.09248865,-0.22639649,0.1550753,-0.12865636,1692000.01431291,0.07903434,0.07272162,0.06379808,-0.12301473,0.10685174,0.05455476,0.42936704,0.11284857,0.03527877,0.34288445,-0.01706932,-0.09456161,-0.0185064,-0.12893818,-0.09057494,-0.00952383,-0.04450848,-0.13110974,0.08414254,-0.09612757,-0.22697411,0.15189797,-0.12238994,1693000.01446557,0.07787365,0.07151837,0.05739843,-0.1129654,0.09938674,0.05728241,0.42753559,0.11464804,0.04412699,0.3370516,-0.01191788,-0.10986848,-0.02106173,-0.12943403,-0.08847921,-0.00927105,-0.03529372,-0.12948307,0.08759817,-0.09845939,-0.22548348,0.14841919,-0.12579039,1694000.01455161,0.08145563,0.07187091,0.06043917,-0.12471488,0.10521716,0.05766964,0.42998099,0.11314103,0.04021966,0.32814884,-0.0168901,-0.1029662,-0.02425134,-0.12877031,-0.08726132,-0.00814206,-0.03928037,-0.1288655,0.09166343,-0.10192441,-0.22698034,0.15337498,-0.12473781,1695000.01384777,0.0801897,0.07192463,0.06078392,-0.12526476,0.10784857,0.05368912,0.42674786,0.11102217,0.03721621,0.32839587,-0.02128628,-0.10416646,-0.02186055,-0.13107361,-0.08591742,-0.00773429,-0.03976406,-0.12633707,0.08815576,-0.10132497,-0.22711065,0.14928392,-0.12867986,1696000.01270062,0.07661363,0.06979477,0.06136442,-0.12042154,0.10732434,0.05600219,0.42942503,0.10968083,0.03659576,0.33636072,-0.02333548,-0.10196179,-0.02476231,-0.13346329,-0.08525287,-0.01303897,-0.02873911,-0.12901239,0.08115408,-0.10154077,-0.22892953,0.14983512,-0.13494276,1697000.01609432,0.08014871,0.07372733,0.06397805,-0.12453499,0.11012036,0.0493534,0.42841578,0.11075067,0.03496115,0.33761683,-0.03042223,-0.10268589,-0.02770976,-0.13054326,-0.08812203,-0.01395733,-0.04049319,-0.13056007,0.08551072,-0.09561052,-0.22917102,0.15082541,-0.13239945,1698000.01790765,0.08038136,0.07651966,0.06557549,-0.12898253,0.11441071,0.05382277,0.42600784,0.10924347,0.03043522,0.3396394,-0.0303254,-0.10696383,-0.03029862,-0.13358852,-0.08916567,-0.01091136,-0.04513196,-0.12811886,0.08481128,-0.0970991,-0.2282812,0.15180488,-0.12682019,1699000.01595955,0.08224368,0.07758684,0.06803625,-0.13125077,0.11325227,0.05101067,0.42593673,0.10837799,0.0287138,0.34509301,-0.02600599,-0.10948464,-0.0358807,-0.13677403,-0.09068576,-0.01076643,-0.03896876,-0.12945715,0.0834085,-0.09725025,-0.22859298,0.1500815,-0.12620528,1700000.0141479,0.07910615,0.07523515,0.0602017,-0.11909247,0.10429389,0.05662421,0.42831209,0.11160683,0.0384866,0.34186053,-0.02270266,-0.10859855,-0.0375787,-0.13325356,-0.09035464,-0.01256083,-0.03888279,-0.13194698,0.08395798,-0.10240105,-0.22638719,0.14967495,-0.12765227,1701000.0135959,0.07848028,0.07290943,0.05870352,-0.11175551,0.10069849,0.0631697,0.42892268,0.11345393,0.04301636,0.33717722,-0.02340492,-0.10277803,-0.02940491,-0.13194537,-0.08850802,-0.01041655,-0.04232299,-0.12636563,0.08809032,-0.10203371,-0.22373074,0.14808941,-0.13361628,1702000.01639261,0.07978087,0.07205879,0.06190388,-0.12012903,0.10664596,0.05882711,0.42727616,0.10921826,0.03721066,0.33990657,-0.02957689,-0.11258686,-0.03311389,-0.13489217,-0.09022559,-0.01391609,-0.03065929,-0.12725583,0.09035515,-0.10495736,-0.22670387,0.14837731,-0.12699808,1703000.01571696,0.08096913,0.07449169,0.06210947,-0.12120147,0.10482826,0.05353061,0.42915672,0.10756627,0.03545689,0.33954161,-0.0326864,-0.10113994,-0.03085649,-0.13247991,-0.09170692,-0.01268859,-0.02216475,-0.12798104,0.08809032,-0.1057736,-0.22536425,0.1535572,-0.12677804,1704000.0155337,0.07990742,0.07446326,0.06229713,-0.12740809,0.10396895,0.05475346,0.42732799,0.10807173,0.03415796,0.33136222,-0.03213223,-0.09657609,-0.03191388,-0.13479099,-0.08999874,-0.01274219,-0.04628689,-0.12836528,0.08806816,-0.09886939,-0.22688735,0.15312147,-0.13525447,1705000.01691373,0.08008891,0.07479493,0.06330143,-0.12628701,0.10384006,0.05268782,0.42846406,0.10612672,0.03079266,0.34104574,-0.03361103,-0.11016321,-0.03429261,-0.13610995,-0.08987657,-0.01338233,-0.04856484,-0.12868638,0.08547372,-0.09622993,-0.22710408,0.16284187,-0.12355752,1706000.02333631,0.08331094,0.07422066,0.06620023,-0.12930456,0.10908706,0.04883604,0.42948645,0.10679586,0.02823932,0.33429456,-0.03892731,-0.11182515,-0.04092005,-0.13586864,-0.09227315,-0.01532362,-0.04626505,-0.12997955,0.08833529,-0.09824382,-0.22572088,0.15823305,-0.12067902,1707000.01683647,0.08190506,0.07028598,0.06503274,-0.12632234,0.10816733,0.05234961,0.42651042,0.10392502,0.02775996,0.33392459,-0.03978502,-0.11256492,-0.04608869,-0.13695407,-0.09139576,-0.01254162,-0.04569356,-0.13056932,0.0854621,-0.10117819,-0.22449261,0.15389639,-0.12789661,1708000.01386774,0.07919639,0.0694432,0.05827459,-0.11251976,0.10009613,0.05747354,0.42718965,0.10885821,0.03992911,0.34135118,-0.03129807,-0.09308502,-0.047137,-0.12981206,-0.08890665,-0.01535467,-0.04672483,-0.128564,0.08515773,-0.10157103,-0.22334698,0.15248041,-0.12339202,1709000.01613206,0.07825939,0.06815504,0.05800717,-0.11108991,0.10429265,0.05943486,0.42778295,0.11037979,0.04103252,0.34703282,-0.03137909,-0.09951824,-0.04096844,-0.12929443,-0.09138273,-0.01609688,-0.04250989,-0.12450905,0.0874714,-0.09201576,-0.22240923,0.14760485,-0.12528539,1710000.01637281,0.07837155,0.07178109,0.0610502,-0.11527357,0.10671519,0.06019569,0.42909563,0.10868759,0.03497645,0.34246781,-0.03190314,-0.11691386,-0.04038098,-0.13381724,-0.09304085,-0.01684984,-0.03751775,-0.12828726,0.08008416,-0.09886904,-0.22360921,0.14675559,-0.12467103,1711000.01543643,0.07891063,0.07339487,0.06120769,-0.11974052,0.10416503,0.05262152,0.43253386,0.1057578,0.03353505,0.3396686,-0.0404691,-0.12011535,-0.041175,-0.1336682,-0.09236922,-0.0159473,-0.03544679,-0.1303324,0.08243734,-0.09953637,-0.22405891,0.15430063,-0.12363128,1712000.01425967,0.07922983,0.0742701,0.06106852,-0.12365014,0.10355426,0.04970733,0.42765731,0.10377212,0.03277534,0.33626139,-0.04208784,-0.11334836,-0.05270953,-0.13126732,-0.0933632,-0.02337318,-0.05004438,-0.12614229,0.08662814,-0.09257295,-0.2238261,0.15152015,-0.12591814,1713000.0161983,0.07843819,0.07454398,0.06243092,-0.12915373,0.1037805,0.05072851,0.43039253,0.10409659,0.03055917,0.34123546,-0.0435611,-0.10884871,-0.05153057,-0.13275863,-0.09383846,-0.01825871,-0.04287192,-0.13122758,0.08700831,-0.09382171,-0.22274403,0.15076584,-0.12221946,1714000.01763651,0.08037088,0.07624269,0.06400417,-0.1259141,0.1054218,0.04563027,0.42697877,0.10337134,0.02680512,0.33267361,-0.04547066,-0.11008144,-0.0527552,-0.13718289,-0.09442746,-0.02136006,-0.04822802,-0.1353846,0.08711344,-0.10041498,-0.22317912,0.15225035,-0.12452025,1715000.01963562,0.08007214,0.07441081,0.06379039,-0.12838905,0.10783616,0.04788544,0.42838079,0.10164516,0.02482048,0.33343726,-0.04337464,-0.11040121,-0.05174729,-0.1418349,-0.09727543,-0.0257539,-0.05136071,-0.13108972,0.08621804,-0.10754006,-0.22357279,0.14890423,-0.1300234,1716000.01539021,0.07555755,0.07326377,0.05791194,-0.11527076,0.10299315,0.0485786,0.42815137,0.10359503,0.03493831,0.34031701,-0.03791473,-0.11525145,-0.04248687,-0.13542831,-0.09465116,-0.02393727,-0.04101294,-0.12863484,0.08913303,-0.10330998,-0.22000052,0.14606392,-0.12908612,1717000.01584281,0.0763144,0.07107132,0.05617406,-0.11647074,0.10210691,0.05198596,0.4298037,0.10194924,0.03861254,0.34192762,-0.03699673,-0.10630827,-0.04873548,-0.13383357,-0.09351176,-0.02095064,-0.03486141,-0.13121749,0.08354617,-0.10395686,-0.22019362,0.14701819,-0.12771484,1718000.01632423,0.07897525,0.07109305,0.0574373,-0.11839908,0.10424795,0.04973225,0.4285197,0.10286493,0.03372148,0.34346917,-0.04288993,-0.10971503,-0.05622139,-0.1364353,-0.09541839,-0.01937327,-0.03937474,-0.13299847,0.08639244,-0.10815333,-0.22201851,0.14974412,-0.12579143,1719000.01724096,0.07531261,0.07377396,0.05697251,-0.12385167,0.10225764,0.05144642,0.42721817,0.10172851,0.03136114,0.33529142,-0.04418035,-0.11748832,-0.0614351,-0.13480471,-0.09735456,-0.02277727,-0.04928607,-0.1296965,0.08904608,-0.11164981,-0.22244659,0.15304096,-0.12624316,1720000.01473202,0.07720771,0.07210597,0.05803722,-0.12576093,0.10321493,0.05136438,0.4272303,0.10088298,0.02851313,0.33717462,-0.04996332,-0.12479567,-0.06161462,-0.13397278,-0.09633833,-0.02691546,-0.04431532,-0.12929955,0.08551147,-0.10002031,-0.22234343,0.15034658,-0.12478621,1721000.01783962,0.07642213,0.07251561,0.05966465,-0.12839729,0.1074613,0.04635118,0.43146369,0.10154376,0.02710197,0.337695,-0.04887538,-0.11559545,-0.06140534,-0.13978229,-0.09837679,-0.03099252,-0.04450904,-0.13127351,0.08185337,-0.11171837,-0.22077821,0.15573043,-0.12968138,1722000.01682565,0.07892782,0.07399434,0.06390791,-0.13025579,0.11067648,0.04143556,0.43150496,0.10169467,0.02364,0.33535552,-0.04956746,-0.1090889,-0.07135288,-0.14176354,-0.09938004,-0.03259312,-0.06073684,-0.13113624,0.0880931,-0.11697042,-0.22207005,0.1523912,-0.12613863,1723000.01840941,0.07961718,0.07293329,0.06388205,-0.12736449,0.11686494,0.0441515,0.42630213,0.10006891,0.02097469,0.33487901,-0.05486273,-0.11996247,-0.06641778,-0.13967809,-0.09991233,-0.02965884,-0.05135072,-0.13542736,0.07803142,-0.11705881,-0.22026818,0.15029432,-0.12066212,1724000.01638356,0.07826346,0.07498638,0.0618405,-0.12578711,0.10982186,0.04637357,0.42730138,0.09868281,0.02391828,0.3278375,-0.05160251,-0.11194843,-0.06316438,-0.13505964,-0.10033984,-0.03055006,-0.04411462,-0.13227057,0.08712125,-0.1146183,-0.21916817,0.1530412,-0.12810601,1725000.01211468,0.07290412,0.07482075,0.05481881,-0.1150483,0.10438878,0.05249964,0.42811415,0.10425303,0.03555171,0.32843563,-0.04084808,-0.10552154,-0.06326074,-0.13478212,-0.09847176,-0.03568386,-0.05318132,-0.13186815,0.08310335,-0.11593856,-0.21746656,0.14883086,-0.12239806,1726000.01187092,0.07338502,0.0734197,0.05529416,-0.11568812,0.10613605,0.05407719,0.42907229,0.1021738,0.03405757,0.33722636,-0.04159563,-0.1114544,-0.05929375,-0.13254531,-0.09834917,-0.03019551,-0.04914875,-0.1347422,0.08093975,-0.11681595,-0.21783236,0.14625108,-0.12116501,1727000.01250548,0.07243799,0.07232411,0.05766943,-0.1206516,0.10359744,0.04823018,0.43271637,0.09955752,0.03119067,0.32925618,-0.0442921,-0.11682951,-0.06538177,-0.12993184,-0.09868296,-0.02967803,-0.05088202,-0.13362893,0.08081673,-0.10928646,-0.21889314,0.14293435,-0.12564376,1728000.01356733,0.07421983,0.07013889,0.05807434,-0.1230215,0.10328846,0.04501894,0.43309033,0.10071963,0.02907838,0.32741609,-0.05003787,-0.11750658,-0.0643204,-0.12961659,-0.10020216,-0.03067181,-0.03643158,-0.13225912,0.08051735,-0.1124085,-0.22098547,0.15109153,-0.12673636,1729000.01401934,0.07801816,0.07177881,0.05774809,-0.12996902,0.10866392,0.04674576,0.42828989,0.10101358,0.02898223,0.33385786,-0.0506657,-0.11209915,-0.0658158,-0.13248777,-0.09907023,-0.03575446,-0.05461157,-0.13427442,0.07996618,-0.11405408,-0.22008917,0.14924689,-0.12830813,1730000.01662439,0.07519924,0.07191902,0.06156451,-0.13252775,0.11329362,0.04867258,0.42798457,0.09976342,0.02486052,0.33332855,-0.04878362,-0.11186235,-0.06595971,-0.13323955,-0.10210785,-0.03554601,-0.0616914,-0.13215621,0.07448595,-0.11863843,-0.22097747,0.14632662,-0.1286432,1731000.0184289,0.07235299,0.07506622,0.06369865,-0.1333521,0.11090562,0.04143779,0.43183219,0.09886921,0.02315029,0.32708228,-0.04780526,-0.11616383,-0.06948518,-0.13732299,-0.10235391,-0.03597264,-0.06133929,-0.13543102,0.08020129,-0.11747824,-0.22065662,0.14440829,-0.13250387,1732000.01708782,0.07033797,0.07118648,0.06059403,-0.12695691,0.10829487,0.04259085,0.42980939,0.09883501,0.02395088,0.33829144,-0.04691858,-0.11142813,-0.07643772,-0.14120546,-0.10253859,-0.03385623,-0.05839555,-0.13537194,0.08226866,-0.11528448,-0.22070873,0.15047607,-0.12076315,1733000.0116917,0.0652905,0.06864829,0.05548449,-0.11407471,0.10380165,0.05098564,0.43038914,0.1025346,0.03569847,0.33831879,-0.04099374,-0.10818759,-0.07189955,-0.13873102,-0.10107629,-0.03544318,-0.0600428,-0.13476168,0.07686938,-0.11114052,-0.2176608,0.14467601,-0.11917575,1734000.01372187,0.06970391,0.07033513,0.0570657,-0.11786409,0.10802586,0.04939038,0.43048403,0.10275863,0.03627613,0.34468955,-0.0439727,-0.128627,-0.07031783,-0.13911039,-0.10362226,-0.03402027,-0.04883448,-0.13860977,0.0809717,-0.1074922,-0.21880729,0.15039897,-0.12269671,1735000.014194,0.07222725,0.07287602,0.05775476,-0.12410019,0.10886012,0.04901605,0.42858464,0.10042901,0.03103381,0.34341359,-0.04225323,-0.11743546,-0.0647815,-0.13783027,-0.103628,-0.03377726,-0.04240804,-0.13283733,0.07913848,-0.10883986,-0.21956724,0.14582163,-0.12425058,1736000.01636386,0.07296898,0.07421793,0.05845577,-0.12210202,0.10808455,0.04977764,0.42944339,0.09959035,0.03132345,0.32905126,-0.04585198,-0.11925118,-0.07419226,-0.13738978,-0.10412983,-0.03399674,-0.05288357,-0.13300954,0.08092299,-0.10739322,-0.2197506,0.14671071,-0.12822381,1737000.01624877,0.07265041,0.07462925,0.0614126,-0.12548582,0.10945825,0.04729858,0.43009198,0.10143573,0.03001742,0.34177139,-0.0449704,-0.11849663,-0.06843736,-0.14286344,-0.10434912,-0.03386059,-0.05870094,-0.13504675,0.07792007,-0.1134358,-0.22161813,0.15242197,-0.13183787,1738000.01376188,0.07292572,0.0725791,0.06188391,-0.13223927,0.11331375,0.04659257,0.42704639,0.10122523,0.02708734,0.3326036,-0.04265804,-0.11655033,-0.07433759,-0.14089413,-0.10576909,-0.04179465,-0.06899905,-0.13678659,0.07847194,-0.11887924,-0.22250408,0.14868397,-0.12434874,1739000.01930729,0.07444242,0.07457528,0.06488956,-0.13115688,0.10925432,0.04488385,0.42709926,0.0997934,0.02444649,0.3400844,-0.03970185,-0.11643061,-0.0798014,-0.14762653,-0.10516724,-0.03611362,-0.05758557,-0.13917361,0.07924896,-0.12167978,-0.22073194,0.15147641,-0.1329388,1740000.01731004,0.077618,0.07067008,0.063348,-0.12678395,0.10765492,0.04041785,0.42936835,0.10314246,0.02715762,0.34380025,-0.04140483,-0.1241315,-0.07965648,-0.14349617,-0.10614031,-0.0383337,-0.0548205,-0.13615264,0.07629988,-0.11869629,-0.22123918,0.15087295,-0.12948264,1741000.01403308,0.07017766,0.07179164,0.05750119,-0.11321031,0.10364556,0.05007245,0.42900106,0.1044357,0.04075578,0.33823013,-0.0319391,-0.11390942,-0.07894143,-0.13317548,-0.10317548,-0.0413481,-0.05441759,-0.13655585,0.08302216,-0.11563165,-0.21958977,0.15105447,-0.12775294,1742000.01410812,0.07028812,0.07192104,0.05850419,-0.11830343,0.10419842,0.05006162,0.43084019,0.10301869,0.04008566,0.3370409,-0.02774461,-0.11615161,-0.07633487,-0.13741712,-0.10285965,-0.03598698,-0.05886156,-0.1367044,0.08040507,-0.12047434,-0.22078699,0.15288828,-0.12750389,1743000.01682732,0.07006487,0.07498524,0.0578635,-0.12050877,0.10732145,0.05011489,0.42902684,0.10054855,0.03600561,0.33280018,-0.03085476,-0.11184005,-0.07310641,-0.14045988,-0.10686492,-0.04149652,-0.05618659,-0.13892385,0.08946544,-0.12453539,-0.22183955,0.15171678,-0.12460984,1744000.01733797,0.07125475,0.07189609,0.05959841,-0.12302434,0.10912706,0.04878365,0.43120492,0.10365686,0.03494386,0.34033835,-0.03223908,-0.12130633,-0.0840501,-0.14166996,-0.10736237,-0.04105108,-0.05930563,-0.13738915,0.08717207,-0.12120996,-0.22286901,0.14893951,-0.13315631,1745000.01853504,0.06711994,0.07121328,0.06210192,-0.12594944,0.10893078,0.04686622,0.42816845,0.10240417,0.03355434,0.33620897,-0.03133097,-0.1266111,-0.08140405,-0.14721513,-0.10517579,-0.03914866,-0.05307694,-0.139247,0.08503186,-0.11740168,-0.22475077,0.14659452,-0.12884951,1746000.0171362,0.0726974,0.07487812,0.06338454,-0.13403797,0.11359355,0.04338107,0.42985055,0.1015238,0.03045594,0.34121981,-0.03670863,-0.11124634,-0.08201813,-0.14209899,-0.10691092,-0.04154411,-0.05506203,-0.14125133,0.07691132,-0.1248012,-0.22566085,0.14926565,-0.13408454,1747000.01941349,0.07564338,0.0774496,0.06531264,-0.13669619,0.11563213,0.04606546,0.43335181,0.10376392,0.02856135,0.34215838,-0.03146825,-0.1242774,-0.08488113,-0.14636447,-0.10839504,-0.04082933,-0.0729432,-0.14215064,0.08012287,-0.12617737,-0.22504523,0.15677647,-0.12742159,1748000.01969324,0.07140107,0.07556299,0.06308217,-0.12482408,0.11130919,0.04701947,0.43116805,0.1014956,0.02926529,0.34174937,-0.02938183,-0.11780979,-0.0848959,-0.14909676,-0.10795734,-0.03743785,-0.06532036,-0.14028686,0.08167927,-0.12493913,-0.22639941,0.15063028,-0.12715594,1749000.01708834,0.06737339,0.0699374,0.05745294,-0.11410291,0.10062848,0.05517187,0.43034571,0.10563704,0.04173173,0.34576088,-0.01937115,-0.1068193,-0.07825962,-0.14472693,-0.10451461,-0.04146316,-0.05513066,-0.14127478,0.08644141,-0.12347992,-0.22417626,0.15099944,-0.13245581,1750000.014909,0.06879161,0.07408445,0.05714431,-0.11547662,0.10631046,0.05374239,0.43271637,0.10519806,0.04226906,0.34055847,-0.01976401,-0.11116493,-0.07464892,-0.14158008,-0.10639725,-0.03898613,-0.05658605,-0.13945651,0.08324616,-0.12724653,-0.22500186,0.14787295,-0.1278176,1751000.01771495,0.07049672,0.07526004,0.05745198,-0.12405423,0.11095574,0.05133461,0.43241242,0.1043348,0.03728263,0.34898189,-0.02694523,-0.1256336,-0.08292154,-0.14602345,-0.10630971,-0.04092226,-0.05678577,-0.13850272,0.08064551,-0.12596396,-0.22779582,0.15026957,-0.13415997,1752000.01554468,0.06875565,0.07539638,0.05902994,-0.1215523,0.11061497,0.04893883,0.43619409,0.10314862,0.03588586,0.34656921,-0.02420584,-0.12233347,-0.08201422,-0.14380072,-0.1061377,-0.04027024,-0.06915641,-0.1414049,0.08056546,-0.12105044,-0.22990145,0.15239127,-0.13962203,1753000.01769545,0.07103137,0.06995714,0.06023357,-0.12725613,0.11250646,0.04866908,0.43107438,0.1043425,0.03391059,0.34919047,-0.02444713,-0.12395161,-0.08503947,-0.14741437,-0.10893916,-0.04792385,-0.06519631,-0.14154626,0.07894081,-0.12029536,-0.23126468,0.1505578,-0.13739997,1754000.01828432,0.06980273,0.07750409,0.06164312,-0.13135347,0.11650176,0.04576076,0.43157727,0.1017325,0.0317179,0.33835575,-0.0240703,-0.11518628,-0.09008099,-0.14956357,-0.11072086,-0.04422121,-0.06780298,-0.14430194,0.07825647,-0.11879577,-0.23168765,0.16089448,-0.13256142,1755000.01852553,0.07233047,0.0756717,0.06291323,-0.13744159,0.11590157,0.04467455,0.42868936,0.09982304,0.0278899,0.33985451,-0.02869972,-0.13083372,-0.08701629,-0.1505695,-0.11040439,-0.04635607,-0.06071343,-0.14499427,0.0817158,-0.1355795,-0.23194231,0.15128744,-0.13738261,1756000.01786938,0.07102594,0.07580925,0.06392075,-0.13468535,0.11374869,0.043724,0.43094638,0.10246287,0.02666634,0.34959123,-0.02929253,-0.11996751,-0.08268401,-0.15429899,-0.11054795,-0.04583953,-0.06696952,-0.1437501,0.08040813,-0.12652348,-0.23192759,0.15573275,-0.13866824,1757000.01497713,0.06750654,0.07146683,0.05675246,-0.11704119,0.10292739,0.0512999,0.43389294,0.10524499,0.03934577,0.35458875,-0.01862419,-0.12657809,-0.08452477,-0.15035088,-0.10924059,-0.04666479,-0.06994322,-0.14141728,0.07587145,-0.11767403,-0.23142503,0.15052059,-0.13906896,1758000.01426259,0.06370048,0.07132572,0.05763935,-0.1189296,0.10484704,0.05268512,0.43144524,0.10694777,0.04263311,0.35023311,-0.01427503,-0.11010522,-0.08475503,-0.14412995,-0.10799792,-0.04882162,-0.06180484,-0.14160907,0.0853494,-0.12780538,-0.23296528,0.14916672,-0.12914109,1759000.01725155,0.0659373,0.07481939,0.06055408,-0.12439435,0.11494893,0.046622,0.43366399,0.10562241,0.03592036,0.35367078,-0.01694578,-0.11999802,-0.08163637,-0.14482221,-0.11145749,-0.04401563,-0.07210594,-0.14448723,0.08446666,-0.12877822,-0.23338704,0.15623531,-0.1360728,1760000.01677889,0.07025813,0.07047515,0.05761358,-0.1275128,0.11802455,0.04466739,0.43443805,0.10529102,0.03481212,0.35423443,-0.01783488,-0.12061571,-0.09032923,-0.14805718,-0.11173292,-0.0466395,-0.06294714,-0.14176172,0.07960855,-0.13054691,-0.23561627,0.1533546,-0.13874914,1761000.01677889,0.06900468,0.07205879,0.05810442,-0.12828955,0.11797301,0.05046831,0.43251666,0.10631536,0.0340799,0.34922072,-0.01664478,-0.12377775,-0.09008843,-0.14706142,-0.11301279,-0.05050828,-0.07415252,-0.14570163,0.08128184,-0.13169587,-0.23683617,0.14758489,-0.13572907,1762000.01598832,0.06766307,0.07528476,0.06126228,-0.13384265,0.11562195,0.04631744,0.43213111,0.10326481,0.030926,0.34499526,-0.02175689,-0.12506427,-0.09129788,-0.14997159,-0.11168858,-0.04991032,-0.06849529,-0.14848995,0.08734646,-0.13249645,-0.23759764,0.14538257,-0.1375428,1763000.0185738,0.06936824,0.07312625,0.06313136,-0.13589467,0.11424502,0.04251446,0.43594146,0.10133668,0.02915013,0.34292519,-0.02183514,-0.12006962,-0.0843094,-0.15111163,-0.11301894,-0.04968824,-0.06701967,-0.1459851,0.08292501,-0.12623872,-0.23853397,0.15498479,-0.12898788,1764000.01833257,0.07625416,0.07630043,0.06382506,-0.14021972,0.12521479,0.04304097,0.4347854,0.10356874,0.02692328,0.33521029,-0.02495142,-0.1280815,-0.09477656,-0.15236706,-0.1138027,-0.04599154,-0.06934957,-0.15198027,0.08305812,-0.12337753,-0.23769622,0.15647274,-0.13272895,1765000.01905606,0.06845501,0.07364976,0.06012322,-0.12872219,0.11504122,0.0429858,0.43330923,0.10395771,0.0305781,0.34075308,-0.02180071,-0.12434705,-0.09111077,-0.15502128,-0.11410376,-0.05041542,-0.06784021,-0.15089893,0.08232085,-0.11927235,-0.23810188,0.15570955,-0.13660806,1766000.01583509,0.06807876,0.07004634,0.05751896,-0.12385059,0.10850184,0.05126741,0.43058833,0.10547348,0.04165854,0.34973064,-0.01394828,-0.12335121,-0.09009897,-0.14827114,-0.11012997,-0.04364922,-0.06835155,-0.14697878,0.08185337,-0.12041445,-0.23726152,0.14891051,-0.13849576,1767000.01751263,0.06647727,0.07463051,0.05741482,-0.12873903,0.11234219,0.04923165,0.43523845,0.10434224,0.03942547,0.3537986,-0.00974639,-0.12497125,-0.08224313,-0.14958148,-0.1121373,-0.04349324,-0.05608151,-0.1497076,0.07434516,-0.12842055,-0.23787154,0.14601876,-0.14475346,1768000.01635478,0.0669821,0.0735075,0.06112895,-0.13481855,0.11646079,0.04686706,0.43678629,0.10472447,0.03615273,0.34231636,-0.01157753,-0.1146975,-0.08436587,-0.15256998,-0.11264133,-0.04721869,-0.06379646,-0.15091027,0.07731566,-0.13184792,-0.24070548,0.15493309,-0.14567707,1769000.01770548,0.06533737,0.07315316,0.05881729,-0.13213798,0.11412107,0.0457059,0.43941516,0.10437851,0.03607902,0.35553151,-0.016383,-0.12706257,-0.08488077,-0.15352955,-0.11339787,-0.0487567,-0.07653687,-0.14677161,0.08308005,-0.12696506,-0.2427991,0.16181582,-0.14584444,1770000.01829384,0.06665283,0.07203369,0.05962259,-0.13345666,0.11047062,0.04322418,0.43768457,0.10471586,0.03474186,0.3474665,-0.01866639,-0.13440572,-0.08442483,-0.15445773,-0.11321514,-0.04353837,-0.06457508,-0.15080872,0.07816616,-0.12828435,-0.24330084,0.14983998,-0.14323881,1771000.01900792,0.06778876,0.07318156,0.06391259,-0.13771288,0.11868875,0.04446885,0.43567505,0.10364,0.03204785,0.35206616,-0.02143566,-0.11873383,-0.0890488,-0.15681432,-0.11362255,-0.04752407,-0.05880332,-0.14845741,0.07823896,-0.13116428,-0.24262139,0.15508477,-0.13521673,1772000.02033963,0.07068621,0.07619109,0.06337135,-0.14034696,0.12378238,0.04119034,0.43347114,0.1009414,0.0294109,0.34108374,-0.02008709,-0.12058062,-0.08636766,-0.15863249,-0.11444931,-0.04339831,-0.06030855,-0.14980206,0.07848378,-0.13684405,-0.24484828,0.1600821,-0.13024792,1773000.02000192,0.07205823,0.07427857,0.06096879,-0.1344468,0.11549675,0.04310908,0.43310225,0.10460585,0.03028589,0.34942299,-0.01653586,-0.11820907,-0.0803562,-0.15327473,-0.11496962,-0.04398905,-0.07125236,-0.15050425,0.07786885,-0.12702957,-0.24372311,0.1583038,-0.13572168,1774000.01507387,0.06618442,0.06892732,0.05477012,-0.12288667,0.10645998,0.04972469,0.4328464,0.10574348,0.04327004,0.35026091,-0.01021081,-0.12334462,-0.08259131,-0.14906223,-0.11304559,-0.0410425,-0.06521457,-0.14978442,0.08135013,-0.11990746,-0.24254693,0.15080954,-0.13945331,1775000.01855426,0.0676684,0.0752871,0.05581827,-0.12713589,0.11332368,0.05254275,0.43455958,0.10286213,0.04298108,0.35571858,-0.01134577,-0.12010533,-0.08089893,-0.15158841,-0.11242091,-0.04026883,-0.06617175,-0.14681721,0.08331475,-0.12777965,-0.24317557,0.14742266,-0.13679133,1776000.01844811,0.07010972,0.07359122,0.05724605,-0.13253021,0.11573589,0.04680143,0.43624356,0.10227519,0.03756204,0.34983566,-0.01452706,-0.11620308,-0.08370965,-0.15630767,-0.11633313,-0.04190527,-0.06523053,-0.15034963,0.08290883,-0.12453039,-0.24413672,0.15058449,-0.14069189,1777000.0218948,0.06597959,0.07216785,0.05736613,-0.12990147,0.11580826,0.04505324,0.43307158,0.1038114,0.03775877,0.3482413,-0.01341311,-0.11771454,-0.08505085,-0.15060468,-0.11572399,-0.03997326,-0.05787716,-0.14890808,0.08195595,-0.12817991,-0.24604718,0.15429351,-0.13277106,1778000.01985753,0.06667883,0.07555977,0.05919911,-0.13433316,0.11406925,0.04556722,0.4338651,0.10362407,0.03619799,0.35087073,-0.01331196,-0.11944376,-0.088873,-0.15430392,-0.113713,-0.04263163,-0.06599462,-0.14834283,0.08307629,-0.1218622,-0.24671866,0.15608257,-0.14197452,1779000.02328622,0.06820842,0.07714668,0.06083218,-0.13443217,0.11657475,0.037738,0.4346396,0.10168198,0.03408699,0.35347372,-0.01893546,-0.11651094,-0.08508414,-0.15371628,-0.11707722,-0.04233906,-0.0680159,-0.14962132,0.07984532,-0.12897769,-0.24642701,0.1643478,-0.13384771,1780000.02483272,0.07040465,0.08103701,0.06449711,-0.14083865,0.11855429,0.04451764,0.43688083,0.10162239,0.03155034,0.35559461,-0.01587125,-0.11931765,-0.07831764,-0.15644589,-0.11738557,-0.03924972,-0.076782,-0.15276156,0.08463317,-0.12271404,-0.24510221,0.16534658,-0.14125031,1781000.02159457,0.0716514,0.07427781,0.06235927,-0.13459277,0.1142969,0.04081367,0.43572816,0.10083964,0.03307405,0.35604036,-0.01437653,-0.1168372,-0.08284143,-0.15875393,-0.11788442,-0.03764393,-0.05869539,-0.15204011,0.08429787,-0.12166389,-0.24622892,0.15828058,-0.14414139,1782000.01593165,0.06576485,0.06922715,0.05468757,-0.12388899,0.10596452,0.05302025,0.43438038,0.10396036,0.04606315,0.34815398,-0.00920663,-0.10236478,-0.07583393,-0.15253788,-0.11348543,-0.03564452,-0.0504132,-0.1482113,0.07293772,-0.12227198,-0.24449848,0.15107308,-0.13526134,1783000.02034974,0.0661344,0.07197832,0.05501717,-0.12478559,0.10783616,0.04818758,0.43279478,0.10519806,0.04650498,0.36143476,-0.00581018,-0.10950692,-0.07954413,-0.15627168,-0.11409137,-0.03629159,-0.06387222,-0.14836524,0.07821247,-0.12873699,-0.24534966,0.15376568,-0.14158095,1784000.02068754,0.0676684,0.07263447,0.0570887,-0.12957487,0.11094371,0.0475429,0.43117037,0.10328263,0.04211912,0.35213733,-0.01131568,-0.1197539,-0.0790797,-0.15259448,-0.11495341,-0.03526429,-0.06954791,-0.1482231,0.08324093,-0.12733309,-0.24826212,0.15835866,-0.14847149,1785000.01794659,0.07000893,0.07359122,0.05913216,-0.12990738,0.11179355,0.04644735,0.43225554,0.10380208,0.04069166,0.3494015,-0.0115792,-0.120208,-0.08099832,-0.15260448,-0.11546805,-0.0363304,-0.04747951,-0.15007748,0.08177427,-0.13168606,-0.24888551,0.15611932,-0.14374198,1786000.0192011,0.07035453,0.07356285,0.05891452,-0.13018849,0.11266234,0.04339121,0.43756783,0.09982034,0.03965479,0.35457134,-0.00907937,-0.11765251,-0.08347923,-0.15646237,-0.11744844,-0.03398689,-0.06282695,-0.15132828,0.08241048,-0.13775603,-0.25009581,0.15000723,-0.14528349,1787000.01872819,0.06767721,0.07465751,0.06078392,-0.13456975,0.11309619,0.04577811,0.43677038,0.10259867,0.03668594,0.34843358,-0.01176079,-0.11448327,-0.077285,-0.15466513,-0.11951517,-0.03513788,-0.06848998,-0.15014501,0.07686401,-0.13344306,-0.25020999,0.15627918,-0.13726252,1788000.01950985,0.07112309,0.07509662,0.06268214,-0.13741417,0.11595308,0.04376556,0.43286568,0.10073347,0.03397324,0.34313595,-0.01841512,-0.11892118,-0.08031485,-0.15164508,-0.11898621,-0.03677549,-0.07164425,-0.15080909,0.07548679,-0.13109404,-0.25194031,0.15437387,-0.13816378,1789000.02149861,0.07131623,0.07728568,0.06537411,-0.13571043,0.11970503,0.0452312,0.43711346,0.10270359,0.03199839,0.34688815,-0.01814455,-0.11857924,-0.08320569,-0.15584926,-0.11848591,-0.03747277,-0.07033485,-0.15318926,0.0807147,-0.12755999,-0.25077114,0.16051912,-0.14150843,1790000.01466967,0.06918593,0.07214814,0.05984464,-0.12622257,0.10608717,0.0456831,0.43236229,0.10343916,0.04037287,0.35382193,-0.01172691,-0.12144601,-0.07944296,-0.15906674,-0.11857973,-0.03211884,-0.06489423,-0.15027246,0.08049189,-0.12860906,-0.24955955,0.15842071,-0.14399043,1791000.01266621,0.06822591,0.07397526,0.05578481,-0.11787441,0.10465113,0.05150236,0.4364464,0.10627011,0.04911157,0.35783374,-0.00630917,-0.11778362,-0.07748678,-0.15075277,-0.11708336,-0.03149867,-0.05786636,-0.15188058,0.08094428,-0.12935001,-0.24876073,0.15341575,-0.14423995,1792000.01941349,0.06973615,0.07594176,0.0572087,-0.12252519,0.11503084,0.04505241,0.43449882,0.1032078,0.04509479,0.36076635,-0.00616034,-0.11334276,-0.07995207,-0.15367615,-0.11764434,-0.03683739,-0.06042842,-0.15129812,0.086006,-0.12931633,-0.24931942,0.16225132,-0.14472817,1793000.01944248,0.0692554,0.07295834,0.05833348,-0.12864393,0.11964238,0.04573723,0.43388093,0.10060789,0.04124417,0.35513189,-0.00999251,-0.1062487,-0.08018681,-0.15424216,-0.11997508,-0.03431529,-0.073274,-0.14907458,0.08037687,-0.12981357,-0.25181651,0.15790303,-0.14430565,1794000.01658643,0.06712002,0.07265965,0.06013674,-0.13114633,0.11472122,0.04118521,0.4359147,0.10204487,0.04146103,0.35351917,-0.0135131,-0.11177493,-0.08432511,-0.15476562,-0.11872476,-0.03424546,-0.05958576,-0.14937536,0.08410863,-0.13219725,-0.25304148,0.15734325,-0.14225121,1795000.0195969,0.06651063,0.07438096,0.06085678,-0.13027559,0.11556934,0.04055801,0.43651554,0.10314959,0.03742608,0.35518211,-0.01519113,-0.09492233,-0.08009254,-0.1532446,-0.12100239,-0.0350021,-0.06516505,-0.15350851,0.0792929,-0.13518095,-0.25388259,0.15915135,-0.13735591,1796000.02048507,0.07034047,0.07733832,0.06319235,-0.13333604,0.11627393,0.04474321,0.43413681,0.10168198,0.03462888,0.35127684,-0.01743357,-0.11239433,-0.07736856,-0.15905793,-0.12028777,-0.03927808,-0.07481571,-0.15701558,0.08528425,-0.13673772,-0.25430578,0.16550694,-0.14641695,1797000.02270619,0.0700545,0.07629889,0.06491656,-0.13670132,0.11642873,0.04148189,0.43519843,0.1005396,0.03261019,0.35299066,-0.01950873,-0.10931566,-0.08644895,-0.16015267,-0.12044884,-0.03725938,-0.06800249,-0.1545794,0.08122802,-0.13506229,-0.2539089,0.16037899,-0.14886916,1798000.02402847,0.06908046,0.07646411,0.06007511,-0.13089946,0.11645014,0.04843571,0.43782073,0.10134937,0.03621342,0.34727457,-0.01716255,-0.11153411,-0.08176623,-0.15482944,-0.11925885,-0.03275858,-0.07136033,-0.15210772,0.07670906,-0.12955797,-0.25268811,0.15404804,-0.14908518,1799000.02063783,0.06436107,0.07077729,0.05615931,-0.11988314,0.11214617,0.05355744,0.43693435,0.10399634,0.04699778,0.35133663,-0.00757795,-0.11147214,-0.0816295,-0.15104255,-0.11629415,-0.03324812,-0.06842937,-0.15443893,0.0818277,-0.14076608,-0.25102741,0.16109647,-0.14507991,1800000.0191431,0.06683584,0.07369553,0.05790979,-0.12523718,0.11766211,0.04216856,0.43684006,0.1037355,0.04352989,0.35481912,-0.01016898,-0.10924504,-0.0851263,-0.15507774,-0.12039408,-0.032049,-0.06166694,-0.15403849,0.08138144,-0.13943647,-0.25238666,0.16039704,-0.14386068,1801000.01909492,0.0681832,0.07550191,0.05777103,-0.12736082,0.11864647,0.04298287,0.4373787,0.10184067,0.04003797,0.35599899,-0.01803838,-0.10702717,-0.07994045,-0.15343928,-0.12033071,-0.03212912,-0.06770653,-0.15293059,0.08068106,-0.13621652,-0.25575438,0.15601408,-0.14865689,1802000.01866061,0.06494293,0.07328574,0.05581827,-0.12872812,0.11674041,0.04432331,0.43729103,0.10214929,0.03820596,0.36086905,-0.01922461,-0.11851864,-0.08087588,-0.15097602,-0.12105588,-0.03377074,-0.06605393,-0.15156002,0.08418326,-0.13528205,-0.25635293,0.15607528,-0.14663622,1803000.02234944,0.06752139,0.07260022,0.0588844,-0.1327115,0.11056875,0.04465364,0.43535563,0.10083645,0.03514753,0.35510397,-0.0233289,-0.12447063,-0.08783266,-0.15132394,-0.12147848,-0.03195987,-0.06013217,-0.15415858,0.08369603,-0.13760729,-0.25588241,0.16453677,-0.15138109,1804000.0196549,0.06969167,0.07445988,0.06193971,-0.1364253,0.11410862,0.04594715,0.43899268,0.10147589,0.03389377,0.35742182,-0.023313,-0.10886329,-0.08659171,-0.15554361,-0.12309757,-0.03839315,-0.06932945,-0.15390414,0.08376931,-0.13792315,-0.25652269,0.15845621,-0.1438455,1805000.02118989,0.07270897,0.07851499,0.06438402,-0.13644716,0.11436884,0.04093545,0.43598503,0.10141165,0.03167784,0.35059914,-0.03060144,-0.11516459,-0.08512931,-0.15494058,-0.12369784,-0.03863446,-0.07596242,-0.15630451,0.07497559,-0.14298967,-0.25556719,0.15873839,-0.14440642,1806000.01800445,0.06826079,0.07613441,0.06075892,-0.13173556,0.11417247,0.04682282,0.43573353,0.10247816,0.03543219,0.34544826,-0.02977181,-0.11205994,-0.0860116,-0.15711607,-0.12211853,-0.03466067,-0.07044283,-0.15651307,0.08592507,-0.14185576,-0.25565585,0.15361267,-0.14712237,1807000.01835181,0.06778764,0.07410873,0.05591587,-0.12288395,0.11218745,0.05398973,0.43618715,0.10278531,0.04646197,0.35364091,-0.02090738,-0.12128098,-0.08999304,-0.15488945,-0.11924133,-0.03598389,-0.06611351,-0.15469737,0.08343109,-0.13513303,-0.25483817,0.15416241,-0.15348478,1808000.0175605,0.06613272,0.07591061,0.05776349,-0.1229675,0.11330256,0.04406116,0.43797129,0.10237087,0.04197362,0.3502965,-0.02501402,-0.12118209,-0.08734886,-0.15753941,-0.12080573,-0.03312139,-0.07189361,-0.15701127,0.07992199,-0.13538304,-0.25444007,0.15949093,-0.14832635,1809000.02007,0.0666824,0.07520103,0.05868989,-0.13045979,0.11943419,0.0476982,0.43459353,0.10134681,0.03793864,0.34878084,-0.02880977,-0.11043432,-0.08256971,-0.15465927,-0.1210295,-0.03403744,-0.07210594,-0.15415142,0.08034959,-0.13213199,-0.25701669,0.16094574,-0.14700435,1810000.01950044,0.06523482,0.07189015,0.0582661,-0.13143516,0.12103309,0.04159474,0.43681937,0.10066766,0.03785516,0.35988089,-0.03237783,-0.11741005,-0.08412403,-0.15367916,-0.12183126,-0.03751124,-0.06652526,-0.15673478,0.08515772,-0.13580246,-0.25839344,0.15821509,-0.14916363,1811000.01933628,0.06977489,0.07604686,0.05972496,-0.13669801,0.11520653,0.04257363,0.43928853,0.09830676,0.03482062,0.34188661,-0.02965772,-0.11360554,-0.08501252,-0.15574162,-0.12383353,-0.03438862,-0.07592841,-0.15721332,0.07920931,-0.1447093,-0.25711676,0.16026787,-0.14948803,1812000.02368275,0.07192457,0.07766456,0.06203083,-0.13580459,0.11580694,0.04079949,0.43577865,0.09745906,0.03203508,0.34210211,-0.03401538,-0.11554071,-0.08639763,-0.15920839,-0.12398631,-0.0348566,-0.07667515,-0.15840515,0.07980074,-0.13839808,-0.25650561,0.16278915,-0.15126255,1813000.02183644,0.07355028,0.07856931,0.06252034,-0.13650304,0.11781862,0.03958666,0.43489057,0.09782782,0.03102602,0.34364685,-0.03815826,-0.11568192,-0.08934737,-0.15413731,-0.12422709,-0.03615883,-0.07044538,-0.15398219,0.07983849,-0.14281702,-0.25677094,0.16596147,-0.1509725,1814000.01792732,0.0641221,0.07684565,0.05667256,-0.12453744,0.10906798,0.04868587,0.43477485,0.10216412,0.04210441,0.35116893,-0.03044274,-0.13124791,-0.08524633,-0.15533444,-0.12202574,-0.03417168,-0.07902329,-0.15310481,0.07890521,-0.13847351,-0.2536408,0.16017552,-0.1430956,1815000.01903692,0.06738006,0.07235311,0.05673629,-0.12520957,0.1123619,0.04809622,0.43556911,0.10226277,0.04576257,0.34713948,-0.02976183,-0.12059923,-0.08252236,-0.15642005,-0.12118343,-0.03751327,-0.07067861,-0.15444304,0.07876577,-0.14130297,-0.25638837,0.15738641,-0.14787051,1816000.01925907,0.06951161,0.07516698,0.05882126,-0.13060097,0.11923899,0.0488148,0.43667495,0.1018307,0.04073814,0.35442752,-0.03534635,-0.12007353,-0.08959925,-0.15968889,-0.1225721,-0.03742565,-0.0658749,-0.1531343,0.08058515,-0.14585999,-0.25656429,0.16289374,-0.15513289,1817000.01712584,0.06630129,0.0753587,0.0598684,-0.13074614,0.11760075,0.04127087,0.43749321,0.1001707,0.03793757,0.35186318,-0.03177448,-0.12928878,-0.0905558,-0.15904796,-0.12408035,-0.04185848,-0.06920827,-0.15476502,0.08007609,-0.14561799,-0.25774667,0.16119705,-0.14640617,1818000.01910463,0.06837978,0.07626379,0.06057761,-0.13733599,0.11806747,0.04698861,0.43861356,0.09864052,0.03554383,0.34984267,-0.03651806,-0.12454634,-0.09237159,-0.15846971,-0.12483393,-0.04261083,-0.07249734,-0.1531845,0.07819512,-0.14449179,-0.25901043,0.15784918,-0.14386949,1819000.01971287,0.07004261,0.07322367,0.06383658,-0.13840298,0.12169862,0.03978976,0.437152,0.09970038,0.03478922,0.3463107,-0.04110862,-0.12024925,-0.09036139,-0.15737963,-0.12549764,-0.03975518,-0.07980051,-0.15672065,0.08243937,-0.14598085,-0.25815904,0.15889163,-0.14381012,1820000.02015706,0.06935691,0.07615617,0.06330901,-0.14024557,0.11858604,0.04567327,0.43613383,0.09941849,0.03190843,0.34819499,-0.04505918,-0.13038957,-0.0935479,-0.16251098,-0.12555559,-0.04009652,-0.07799811,-0.15547857,0.08557185,-0.14035173,-0.25796327,0.16181535,-0.14628206,1821000.0212962,0.06742119,0.07659774,0.06201833,-0.13375276,0.11276472,0.04418575,0.43341175,0.09981053,0.03098058,0.34208316,-0.04572637,-0.13030517,-0.08927256,-0.16046363,-0.12654036,-0.03841313,-0.08310061,-0.15612,0.08437613,-0.14564735,-0.25739861,0.16066851,-0.14969623,1822000.01691468,0.06266513,0.06948264,0.05581827,-0.12194973,0.10744708,0.04658404,0.43140209,0.10378925,0.04297153,0.34486759,-0.03404652,-0.1265503,-0.08836696,-0.15864469,-0.12257557,-0.03912161,-0.06614508,-0.15476823,0.08436429,-0.14112528,-0.2566855,0.15521063,-0.14689769,1823000.01360744,0.06013354,0.07278206,0.05419365,-0.12986994,0.10677598,0.04941465,0.43541762,0.10277373,0.04313985,0.35135418,-0.03885997,-0.13131978,-0.08928482,-0.15706834,-0.12316196,-0.03970271,-0.07263837,-0.15598586,0.08451117,-0.14573827,-0.25599754,0.15874255,-0.14463566,1824000.0143285,0.05992369,0.07867245,0.05857671,-0.13236985,0.11774584,0.04586888,0.43547222,0.10109576,0.0376952,0.34715253,-0.04364638,-0.12345135,-0.09351713,-0.15675411,-0.12590155,-0.04041367,-0.07666834,-0.15340237,0.08248837,-0.14998227,-0.25912631,0.15714809,-0.14909619,1825000.01874735,0.05920861,0.07633803,0.05745082,-0.1334215,0.11706172,0.04229194,0.43441862,0.10191727,0.03597904,0.34576622,-0.04544385,-0.12515894,-0.09224392,-0.16146559,-0.1256818,-0.04901959,-0.06651907,-0.1552019,0.08215123,-0.14501195,-0.26013884,0.1624199,-0.15610479,1826000.01704857,0.0632209,0.07480562,0.0586556,-0.13934635,0.11768374,0.04372343,0.4385305,0.1007947,0.03357653,0.3413659,-0.04761251,-0.12984145,-0.09083286,-0.16184023,-0.12494265,-0.04450992,-0.06611951,-0.15935755,0.08666188,-0.14199731,-0.25952005,0.15795843,-0.14286792,1827000.01891131,0.06537883,0.07264361,0.06002604,-0.14467573,0.11501934,0.03960754,0.4363752,0.0987461,0.03086824,0.3444522,-0.05396679,-0.14544557,-0.09218333,-0.16153675,-0.12678279,-0.0440311,-0.07486296,-0.15775898,0.07755846,-0.13925551,-0.25960431,0.1559978,-0.15773721,1828000.01990599,0.0641996,0.0782901,0.0630549,-0.14408159,0.11731946,0.03790333,0.43654668,0.09657892,0.02743937,0.34280404,-0.05155288,-0.14054406,-0.09199378,-0.16414353,-0.12923661,-0.04391931,-0.07156794,-0.15764116,0.07726144,-0.13666134,-0.25858489,0.16311689,-0.15237023,1829000.01684688,0.06459326,0.07889568,0.06046343,-0.14210346,0.11624295,0.03774485,0.43644285,0.09630169,0.02853064,0.3337976,-0.05097806,-0.12631157,-0.09773477,-0.16444534,-0.12828493,-0.04709459,-0.09015609,-0.15795989,0.08568446,-0.14444709,-0.25750557,0.16069235,-0.14482105,1830000.01430227,0.06037795,0.07514019,0.05367057,-0.12718126,0.10880808,0.04523918,0.43475768,0.09800636,0.04015026,0.34054172,-0.04820246,-0.13293011,-0.09152065,-0.16392022,-0.12711795,-0.05233845,-0.08216137,-0.15110469,0.08477805,-0.14400761,-0.25624925,0.15919183,-0.15648122,1831000.01602606,0.05764269,0.07604127,0.05456901,-0.1301253,0.10913221,0.0455093,0.43593496,0.10043362,0.03845614,0.34625766,-0.04786408,-0.13078324,-0.0956828,-0.15997304,-0.12522238,-0.04987342,-0.07758287,-0.15499076,0.08037765,-0.14062873,-0.25704649,0.15746857,-0.15275091,1832000.01540778,0.06131766,0.07661255,0.05695798,-0.13883303,0.11297722,0.04140588,0.43810153,0.09760925,0.03483267,0.34398824,-0.05117681,-0.13502567,-0.10239001,-0.16067415,-0.12706637,-0.04908641,-0.07345315,-0.15629426,0.07682629,-0.13993187,-0.26034573,0.15683831,-0.15035939,1833000.01715463,0.06046647,0.07354026,0.0568298,-0.14103396,0.11432428,0.04053708,0.43868735,0.09790592,0.03302228,0.3419109,-0.0579356,-0.12868275,-0.10912726,-0.16192433,-0.1299281,-0.05161693,-0.07778794,-0.15726502,0.08246218,-0.15183106,-0.26028079,0.16141328,-0.15211855,1834000.01871845,0.05701701,0.07557045,0.05714561,-0.14380693,0.11437325,0.04045332,0.43833953,0.09812219,0.03037878,0.34842125,-0.06096465,-0.12984782,-0.1041169,-0.16044708,-0.13210046,-0.05292478,-0.081972,-0.15743631,0.08021592,-0.14709212,-0.25951862,0.15837377,-0.14932181,1835000.01869898,0.06331233,0.07858624,0.05749986,-0.14958945,0.11344986,0.0366665,0.43873942,0.09583795,0.02746257,0.34146515,-0.06093364,-0.13527443,-0.10314379,-0.16169225,-0.13121684,-0.05375544,-0.08814733,-0.15890697,0.0733361,-0.15779021,-0.25828329,0.156854,-0.14196311,1836000.01919146,0.06437907,0.07814839,0.05830728,-0.15476823,0.11500734,0.03800323,0.43659982,0.09740697,0.02504395,0.33777124,-0.06230937,-0.14270319,-0.10825412,-0.16370493,-0.13070229,-0.05488008,-0.08132284,-0.15948176,0.08191701,-0.15046886,-0.26038522,0.16012816,-0.1523426,1837000.01976112,0.06210423,0.07825977,0.05967637,-0.15179119,0.11569302,0.03085374,0.4332855,0.09562732,0.02448484,0.33329046,-0.06508332,-0.14527611,-0.10832844,-0.16610661,-0.13257028,-0.05067191,-0.09502441,-0.15842897,0.08233961,-0.15054649,-0.25928473,0.16177166,-0.14681202,1838000.01660597,0.05991768,0.0721807,0.05604642,-0.13771231,0.1116182,0.03989659,0.43462786,0.09894187,0.0337075,0.34241295,-0.05863141,-0.13110998,-0.109583,-0.16275093,-0.13079832,-0.05350178,-0.08481358,-0.1546911,0.08240857,-0.15210052,-0.25728962,0.15199037,-0.15167442,1839000.01515847,0.0576802,0.0750508,0.05446047,-0.13733402,0.11142887,0.03842858,0.43600193,0.0979492,0.03697658,0.34441018,-0.05319276,-0.13607553,-0.10252245,-0.16163333,-0.12855506,-0.05731656,-0.07716529,-0.15858234,0.07888378,-0.14764678,-0.25741279,0.15313911,-0.14746095,1840000.01778197,0.05663434,0.07894352,0.05524006,-0.14698721,0.11767347,0.03588959,0.43629298,0.09577008,0.03171856,0.33897915,-0.0584943,-0.13769664,-0.10626566,-0.16420095,-0.1300544,-0.05580514,-0.08501285,-0.15869404,0.08190924,-0.14706676,-0.25739515,0.15311743,-0.14963935,1841000.01593985,0.06067579,0.07611438,0.05419409,-0.14921628,0.11719658,0.03460128,0.43363506,0.09813709,0.03033815,0.34141481,-0.0592456,-0.14295214,-0.10914572,-0.16452761,-0.13167106,-0.05349337,-0.08245694,-0.1558861,0.08022346,-0.15336986,-0.26041928,0.15730241,-0.15145957,1842000.01523572,0.05786623,0.0730709,0.05598002,-0.147833,0.11588995,0.0354788,0.43757033,0.09638258,0.02955062,0.35141963,-0.062994,-0.14740819,-0.10965657,-0.1683366,-0.13351211,-0.05264717,-0.09146004,-0.15979725,0.08175375,-0.15792482,-0.25962368,0.15496963,-0.15075922,1843000.01824552,0.0628119,0.07781802,0.05660044,-0.15290892,0.11190157,0.03873357,0.4366664,0.09382629,0.02644705,0.34280318,-0.06651022,-0.14304693,-0.11821826,-0.16669253,-0.13392548,-0.05839697,-0.09744001,-0.15436941,0.08468783,-0.15552478,-0.25820509,0.15670291,-0.15397477,1844000.02086203,0.06348752,0.07710354,0.05730969,-0.15403117,0.11361996,0.02801389,0.43474144,0.09670795,0.02399527,0.3358981,-0.07016344,-0.14570294,-0.11609803,-0.16950035,-0.13256718,-0.05820445,-0.08350404,-0.15764023,0.07903227,-0.15479745,-0.26008317,0.1668306,-0.15510544,1845000.01823604,0.06183873,0.07491487,0.05913216,-0.15810248,0.11085712,0.03440179,0.43234965,0.09538883,0.02346671,0.34536806,-0.06922273,-0.15178141,-0.10825378,-0.16869015,-0.13459145,-0.05899369,-0.09530997,-0.15770151,0.07673817,-0.15911487,-0.25720388,0.1603878,-0.14952859,1846000.02014721,0.05921869,0.07702741,0.05379841,-0.14248911,0.10894287,0.0403141,0.43419105,0.09723601,0.03506846,0.34538043,-0.06298581,-0.14250137,-0.11108367,-0.16770999,-0.13379587,-0.05422627,-0.09179755,-0.15481904,0.07479972,-0.14618923,-0.25682554,0.16068807,-0.1504366,1847000.01635478,0.0627245,0.07299148,0.05416449,-0.13843687,0.11403725,0.04213072,0.43389225,0.09834641,0.03721593,0.34618372,-0.06049002,-0.14261945,-0.11014273,-0.17008871,-0.13336015,-0.05561582,-0.08726402,-0.15623583,0.07876188,-0.14830247,-0.25646055,0.15948716,-0.15165229,1848000.01948112,0.06137863,0.0762237,0.05522039,-0.14773053,0.11490546,0.03721952,0.43567654,0.097629,0.03253804,0.34402063,-0.05942156,-0.14866638,-0.10633378,-0.16746475,-0.13365178,-0.06194566,-0.08514219,-0.15738948,0.07115867,-0.15512085,-0.25672039,0.16202949,-0.15048444,1849000.01898859,0.06108212,0.06967713,0.05700715,-0.15124652,0.11467776,0.03655538,0.43710771,0.09557834,0.03136709,0.33878937,-0.06339651,-0.13396871,-0.10404125,-0.16561991,-0.13466629,-0.05956007,-0.09446315,-0.15796289,0.07845104,-0.15198338,-0.25682685,0.16237698,-0.15381579,1850000.01597751,0.0606974,0.07570381,0.05777702,-0.15051007,0.11470859,0.03450622,0.43551552,0.09771078,0.02911035,0.34119356,-0.05895217,-0.1332611,-0.10465124,-0.16683361,-0.13469109,-0.06264412,-0.0933004,-0.16139036,0.07840281,-0.15438919,-0.25638974,0.15721563,-0.15677622,1851000.01935552,0.06370647,0.07674867,0.05834826,-0.15225664,0.11515445,0.03659056,0.43730137,0.09640715,0.0271657,0.33722225,-0.06328048,-0.1524103,-0.10263778,-0.17020702,-0.13542508,-0.06150543,-0.09411653,-0.16373171,0.08191705,-0.14446056,-0.25522774,0.15671808,-0.15788278,1852000.02168348,0.06581764,0.07694063,0.06020224,-0.15700267,0.11724774,0.03116019,0.43735993,0.09623459,0.02329343,0.33727473,-0.06528112,-0.15807617,-0.10959627,-0.17025299,-0.13682529,-0.06140703,-0.08273411,-0.16075443,0.08055121,-0.15123564,-0.25555143,0.16098802,-0.14424533,1853000.02106461,0.06606512,0.07913899,0.06010013,-0.15057483,0.11277144,0.03678719,0.43561175,0.09673563,0.02431707,0.33745322,-0.06333314,-0.14670296,-0.10973547,-0.17165643,-0.13544683,-0.05430966,-0.09489277,-0.15789874,0.07605017,-0.15334742,-0.25414029,0.15801048,-0.14294063,1854000.01610473,0.05991082,0.07639811,0.05482419,-0.14246194,0.10599662,0.04326732,0.43318665,0.09871314,0.03729635,0.33388346,-0.05120273,-0.13618866,-0.10339891,-0.16890611,-0.13180397,-0.05086836,-0.09989975,-0.15572128,0.07568549,-0.14737891,-0.25116679,0.15629999,-0.15010898,1855000.01674084,0.05959071,0.07729779,0.05499326,-0.13683622,0.10951178,0.04278018,0.43400103,0.10033583,0.03834526,0.34316131,-0.05031928,-0.14241211,-0.10157612,-0.16843337,-0.13085036,-0.05675545,-0.09102685,-0.15531282,0.07745223,-0.14585009,-0.25176033,0.15466125,-0.1446611,1856000.02010881,0.06126827,0.07893948,0.05505255,-0.1450589,0.11368141,0.03859391,0.43895417,0.10032263,0.03443667,0.34130526,-0.05542693,-0.1397547,-0.10904434,-0.16650227,-0.13478217,-0.05514386,-0.08781014,-0.15236117,0.08546423,-0.15400665,-0.25191182,0.15469356,-0.15415354,1857000.01671069,0.06297061,0.07605838,0.05567446,-0.14873214,0.11340152,0.0356082,0.43878105,0.09803906,0.03165797,0.34557882,-0.05537226,-0.14503586,-0.10374698,-0.16961165,-0.13324003,-0.05864327,-0.08357006,-0.15641783,0.07709073,-0.14469613,-0.25127602,0.15894617,-0.15124142,1858000.01802302,0.06618507,0.07386775,0.05686869,-0.15393424,0.1116306,0.04169437,0.43750173,0.09982875,0.03004694,0.34205252,-0.05857683,-0.14651415,-0.09692861,-0.16836545,-0.13264477,-0.06115796,-0.09077037,-0.15646905,0.07770742,-0.15277524,-0.25076479,0.15815744,-0.14892252,1859000.01974184,0.06741849,0.07463787,0.06028518,-0.15294969,0.11671854,0.03472882,0.43421191,0.10032251,0.02570926,0.32635126,-0.0620743,-0.14807482,-0.09411699,-0.17006338,-0.13343246,-0.06208623,-0.0905071,-0.15659584,0.08593003,-0.15567066,-0.25033128,0.15791352,-0.14601006,1860000.02209883,0.07452323,0.08196434,0.06212159,-0.15293296,0.11618923,0.03595842,0.43220195,0.09715294,0.02373502,0.33492807,-0.06078921,-0.14604105,-0.09721828,-0.17355987,-0.13451251,-0.05687585,-0.09104836,-0.15912947,0.09153257,-0.15292694,-0.24916202,0.15927944,-0.15132684,1861000.02234944,0.06655993,0.08029141,0.06272771,-0.15602538,0.12121177,0.03511856,0.43509549,0.09809394,0.02206692,0.32917061,-0.05984121,-0.13611652,-0.09897225,-0.17377546,-0.13394897,-0.05676294,-0.09222524,-0.15564328,0.08254524,-0.15752669,-0.24669856,0.15960874,-0.1402223,1862000.01761871,0.06090235,0.07399012,0.05587805,-0.13904737,0.11457635,0.04384163,0.43396771,0.10023491,0.03305115,0.32741484,-0.0494813,-0.13611737,-0.09759652,-0.16979662,-0.13317493,-0.05444754,-0.0912792,-0.15587418,0.08006941,-0.1554651,-0.2436848,0.16485748,-0.14793058,1863000.0141567,0.06440428,0.07250207,0.05371071,-0.13482916,0.11065172,0.04170678,0.43258861,0.10288748,0.03825955,0.33053717,-0.04682614,-0.12545611,-0.09929702,-0.16674116,-0.12997006,-0.05526377,-0.08604915,-0.15549721,0.07118648,-0.14872783,-0.24278311,0.15582873,-0.15121241,1864000.01527317,0.06342823,0.07279646,0.05650378,-0.14276335,0.11332735,0.04026926,0.43397781,0.10236198,0.03418136,0.33969182,-0.05412042,-0.1294955,-0.10255966,-0.16981073,-0.12967044,-0.05839442,-0.08243106,-0.15486346,0.07784975,-0.14399573,-0.24337229,0.15664643,-0.14292334,1865000.01822601,0.06536589,0.07134532,0.05744199,-0.14315589,0.11877255,0.04143795,0.43471307,0.10270791,0.03118423,0.33557343,-0.0538749,-0.14360723,-0.09325713,-0.17125866,-0.13347913,-0.0574115,-0.09086119,-0.15217793,0.07429903,-0.14801273,-0.24377809,0.16551009,-0.14307284,1866000.01969354,0.06908278,0.07298823,0.05913152,-0.14665328,0.11475808,0.04432664,0.43668821,0.10086509,0.03086505,0.33356571,-0.05256436,-0.13872859,-0.08926212,-0.16692248,-0.12988187,-0.05288779,-0.09081106,-0.15597412,0.07476871,-0.14150903,-0.24340063,0.16617982,-0.14258534,1867000.02050483,0.06727847,0.07214195,0.06076966,-0.15006351,0.11546286,0.0349586,0.43241754,0.10064121,0.02689312,0.33479211,-0.05818113,-0.1386677,-0.09934357,-0.1714564,-0.13209704,-0.05735217,-0.08425402,-0.15490112,0.07420095,-0.15127032,-0.24261226,0.16891478,-0.13978198,1868000.02341356,0.07461382,0.07825977,0.06289135,-0.14823787,0.11338865,0.03666661,0.43425405,0.09930762,0.02362895,0.3302134,-0.05491529,-0.13779558,-0.09582048,-0.17454094,-0.1315657,-0.05745906,-0.08523007,-0.15878953,0.08100034,-0.15725231,-0.24173282,0.16029432,-0.14031143,1869000.02106461,0.07406914,0.07699856,0.06463641,-0.15235426,0.11813896,0.03716039,0.43354142,0.09954661,0.0209017,0.33211121,-0.05386676,-0.13537247,-0.09224813,-0.17240536,-0.13158514,-0.0572089,-0.09129529,-0.16143841,0.07783274,-0.14995998,-0.24132407,0.16368403,-0.13608168,1870000.02113164,0.07197753,0.07925129,0.06118361,-0.14748783,0.1145639,0.03932057,0.43410081,0.10018352,0.02425527,0.33301124,-0.05283293,-0.13539317,-0.0896629,-0.17392001,-0.13242917,-0.05508872,-0.09497877,-0.15819241,0.07623019,-0.14495163,-0.23947762,0.15887132,-0.13305263,1871000.01760886,0.06761827,0.07294963,0.05651088,-0.13515703,0.10777096,0.0408085,0.43721256,0.10474685,0.03621995,0.32722026,-0.04200504,-0.12826553,-0.08441827,-0.16986732,-0.12676726,-0.05259864,-0.08040111,-0.15389389,0.0785073,-0.14175589,-0.236177,0.16152853,-0.14109863,1872000.019317,0.06977747,0.07729779,0.0565129,-0.13753061,0.11726878,0.04764528,0.43786034,0.10369575,0.03531523,0.336344,-0.04861669,-0.13721479,-0.08403973,-0.1706683,-0.12569137,-0.05351587,-0.07540481,-0.15216106,0.06944826,-0.13910905,-0.23596157,0.16146116,-0.13730414,1873000.0176182,0.06994499,0.07313021,0.05709485,-0.14246339,0.11750758,0.03908525,0.4401705,0.10254222,0.03225017,0.3381516,-0.05307473,-0.14003053,-0.08642526,-0.16823854,-0.12766442,-0.05145056,-0.09155007,-0.15119337,0.07309788,-0.15127279,-0.23719104,0.1640313,-0.14534321,1874000.01895968,0.06964553,0.0726407,0.05719285,-0.14367776,0.11763182,0.04088159,0.44135001,0.10163689,0.03123161,0.33453825,-0.04714225,-0.13273244,-0.08109505,-0.16705315,-0.12773325,-0.04857757,-0.08554013,-0.14965664,0.07885135,-0.14190453,-0.23739868,0.15535608,-0.13602556,1875000.01893077,0.07247666,0.07535189,0.05868246,-0.14534374,0.11810798,0.04131182,0.43909833,0.10108635,0.02923736,0.34060869,-0.05413357,-0.12308459,-0.07679584,-0.16843179,-0.12659761,-0.05067936,-0.08983253,-0.15683556,0.07738631,-0.13894498,-0.23721217,0.16102298,-0.13966979,1876000.02060129,0.07297307,0.07691602,0.06139539,-0.14766905,0.1175262,0.03714115,0.43899801,0.10103299,0.02646704,0.33691505,-0.05509622,-0.11792034,-0.08250376,-0.17097025,-0.12650649,-0.05422647,-0.08927425,-0.15818559,0.07515521,-0.14181918,-0.23718941,0.16479601,-0.13567899,1877000.02157714,0.07691907,0.07946757,0.06282441,-0.15194482,0.12283276,0.03786376,0.43725595,0.10110988,0.02323166,0.32933173,-0.05685171,-0.1313183,-0.08535708,-0.17504862,-0.12726964,-0.0509558,-0.08756749,-0.16006812,0.0738897,-0.14514276,-0.23699345,0.16135535,-0.13390779,1878000.02154806,0.0780886,0.07875497,0.06206652,-0.14826441,0.11878312,0.03912444,0.44049054,0.10112784,0.0221915,0.32633245,-0.05161852,-0.13166086,-0.07771447,-0.17592742,-0.1262302,-0.04990569,-0.08765091,-0.15447283,0.07518125,-0.14147711,-0.23628393,0.1644755,-0.14241385,1879000.01856409,0.07135054,0.07514214,0.05663527,-0.13397156,0.11730907,0.04414564,0.43580395,0.10314107,0.03527125,0.3402456,-0.04462681,-0.11448503,-0.0746035,-0.16961083,-0.12192798,-0.04688353,-0.07904609,-0.15206639,0.0702878,-0.13550133,-0.2343704,0.16477829,-0.13505755,1880000.01569913,0.06974141,0.07598556,0.05658967,-0.13657174,0.12007889,0.04214671,0.4394722,0.10351174,0.037769,0.34088719,-0.0429259,-0.1290749,-0.07581511,-0.16780826,-0.1212068,-0.04109566,-0.07339574,-0.15347199,0.07386965,-0.14600359,-0.23350672,0.15504935,-0.13594054,1881000.01806215,0.07437721,0.07423034,0.05893756,-0.13900635,0.11781862,0.04152425,0.43867949,0.10169782,0.03261325,0.34808984,-0.04658138,-0.1220609,-0.06454567,-0.16531481,-0.12098452,-0.0425339,-0.07645819,-0.1505511,0.07580013,-0.1363557,-0.23464689,0.15836979,-0.14006639,1882000.01879569,0.07116171,0.07713865,0.05898625,-0.14133991,0.12083596,0.03975895,0.43981367,0.10220435,0.03125526,0.34081864,-0.04727326,-0.11994416,-0.07024724,-0.16889131,-0.12096899,-0.04467602,-0.07699202,-0.14934306,0.07250261,-0.14930327,-0.23566379,0.15825284,-0.13917737,1883000.01996376,0.07014814,0.07790624,0.05985221,-0.14825553,0.11877265,0.04401243,0.43823406,0.10077866,0.02965835,0.34579697,-0.04906954,-0.12593877,-0.06506633,-0.17166139,-0.11741605,-0.03981573,-0.07426837,-0.15294278,0.07752254,-0.13667753,-0.23395222,0.16864994,-0.13866487,1884000.02121901,0.07656491,0.08150133,0.0635324,-0.14867957,0.11690576,0.04328343,0.43913823,0.1015982,0.02788542,0.33988374,-0.04970421,-0.12231195,-0.07041744,-0.1727566,-0.11995576,-0.04123389,-0.08411485,-0.15252896,0.07324463,-0.13915227,-0.23616375,0.16904545,-0.13678592,1885000.02151897,0.08003774,0.07911582,0.06425747,-0.15071814,0.11674944,0.0381208,0.43526056,0.09980707,0.02355535,0.33127168,-0.04758763,-0.11920862,-0.06375669,-0.17415191,-0.120938,-0.04709018,-0.07566161,-0.15468501,0.08272684,-0.13503262,-0.23505443,0.16282077,-0.13272126,1886000.01996376,0.07786435,0.0773645,0.061919,-0.14243281,0.11660577,0.03692556,0.43290639,0.10183122,0.0252516,0.34336412,-0.04300167,-0.12088717,-0.06626058,-0.16805097,-0.12100426,-0.04248377,-0.08109842,-0.15266323,0.07837759,-0.13510433,-0.2329767,0.16453098,-0.13571262,1887000.02273541,0.07294085,0.07399954,0.0559606,-0.13308591,0.11234073,0.04956991,0.43348831,0.10414805,0.03866566,0.34042645,-0.03870923,-0.1133116,-0.0640661,-0.16654655,-0.11652152,-0.03881357,-0.06988331,-0.14813124,0.0761628,-0.13105951,-0.23151775,0.15919673,-0.13351823,1888000.0207848,0.07322466,0.07700557,0.05691259,-0.13601981,0.12218468,0.04747021,0.43897602,0.10418388,0.03831589,0.33929926,-0.04032542,-0.1106871,-0.06018624,-0.16800714,-0.11478031,-0.03971132,-0.07618108,-0.15379438,0.08058715,-0.13743263,-0.23142639,0.16034621,-0.13381806,1889000.01986735,0.07584847,0.08067782,0.06000959,-0.13980964,0.12418893,0.04732003,0.43799084,0.10523854,0.03439893,0.33093241,-0.04208555,-0.11144369,-0.05527839,-0.16886456,-0.11390819,-0.03351289,-0.06615365,-0.15305772,0.0745341,-0.13182673,-0.23372169,0.1647816,-0.13710344,1890000.01994458,0.07588234,0.07456717,0.05957412,-0.14031291,0.12138709,0.04290531,0.43680578,0.10439761,0.03437461,0.33773288,-0.0451373,-0.10900483,-0.04952513,-0.16950297,-0.11464473,-0.03398415,-0.06099058,-0.15221955,0.0766108,-0.13593385,-0.23406021,0.16256283,-0.13772175,1891000.02150885,0.07777826,0.07621,0.06225413,-0.14302459,0.11861714,0.04490231,0.43968382,0.10304693,0.03260845,0.33349341,-0.04242002,-0.11243366,-0.05459046,-0.17037427,-0.11406346,-0.0342533,-0.0769429,-0.15240209,0.07711838,-0.12566328,-0.23480822,0.15987328,-0.13300253,1892000.02337395,0.08011337,0.07801992,0.06406976,-0.14336661,0.12370566,0.04490265,0.43845865,0.1009948,0.03025407,0.33552653,-0.04387638,-0.12066437,-0.04721776,-0.1696424,-0.11528191,-0.03725738,-0.07310969,-0.14982383,0.07557382,-0.13364539,-0.2346306,0.16588441,-0.12480265,1893000.02325696,0.08053575,0.08013198,0.06610802,-0.14396812,0.12186448,0.03938048,0.43706584,0.10301513,0.02721636,0.33976889,-0.04482777,-0.11754941,-0.0542822,-0.17198911,-0.11694361,-0.03364476,-0.08172242,-0.14989336,0.0777905,-0.13712609,-0.23463297,0.16555002,-0.1249534,1894000.02421208,0.07459389,0.07851574,0.06121716,-0.13365187,0.11771365,0.04168065,0.43908161,0.10358027,0.03154654,0.33651984,-0.04072659,-0.10522378,-0.05269816,-0.17369622,-0.11247025,-0.02743362,-0.07528125,-0.151558,0.07825916,-0.13331962,-0.23371045,0.1618091,-0.13065696,1895000.02159457,0.07374947,0.07703632,0.05568748,-0.12635006,0.11690451,0.05558241,0.43848771,0.10407066,0.04253652,0.33329913,-0.03245808,-0.09664486,-0.04904184,-0.17118342,-0.10763437,-0.02705412,-0.06556271,-0.15192738,0.08028459,-0.12856427,-0.23172982,0.16371472,-0.13006945,1896000.02104555,0.0761516,0.07889568,0.05870849,-0.13273123,0.122259,0.0503071,0.4359664,0.10449867,0.04102946,0.33966503,-0.03717864,-0.10910251,-0.03957335,-0.16959985,-0.10988248,-0.02804923,-0.06115539,-0.14953278,0.0772562,-0.12350015,-0.23035778,0.15944888,-0.13487697,1897000.02173164,0.07376678,0.08078642,0.05922248,-0.13813061,0.1253375,0.04948941,0.43753743,0.10416327,0.03748393,0.33928934,-0.04099374,-0.09782571,-0.04598242,-0.1709445,-0.11012985,-0.02697955,-0.05506978,-0.15032457,0.07437778,-0.12806299,-0.23400056,0.15987222,-0.14099964,1898000.02068837,0.07382699,0.08128124,0.06120769,-0.13594683,0.12358005,0.05053651,0.43786895,0.10549217,0.03586499,0.34135196,-0.03807506,-0.10494958,-0.03605562,-0.17188446,-0.10764208,-0.03062668,-0.06593616,-0.15151003,0.0764977,-0.12205724,-0.23586349,0.16280676,-0.13398497,1899000.02234944,0.07499434,0.08243465,0.06265461,-0.1391333,0.12003881,0.04903818,0.44119567,0.1028466,0.0338312,0.33330336,-0.04687312,-0.10166871,-0.04244421,-0.17028101,-0.10974728,-0.02900245,-0.05679296,-0.15259214,0.0819668,-0.12968884,-0.23671134,0.16422543,-0.13113447,1900000.02323828,0.08091574,0.08177587,0.06777845,-0.14182985,0.12248966,0.0504119,0.44068313,0.10300685,0.03156033,0.33864477,-0.04785144,-0.10595527,-0.04679514,-0.16993582,-0.11007065,-0.02912116,-0.05431297,-0.15040393,0.07588626,-0.1317165,-0.23750126,0.16832803,-0.12892258,1901000.02452397,0.08017688,0.07823882,0.07017762,-0.1460316,0.12642838,0.04217185,0.43868101,0.10302366,0.02805143,0.33538973,-0.04848733,-0.10854605,-0.04311078,-0.16776444,-0.1108934,-0.02395025,-0.06207847,-0.15239845,0.07668235,-0.12947427,-0.23749292,0.16306683,-0.13704447,1902000.02211581,0.07291707,0.07794055,0.06440135,-0.13413544,0.12246474,0.04669072,0.43704402,0.1045463,0.03401368,0.33460957,-0.03796687,-0.10773925,-0.04628465,-0.16698313,-0.10986955,-0.02182486,-0.05553632,-0.14984992,0.07425936,-0.13137974,-0.23712814,0.15762021,-0.13977827,1903000.02058126,0.07480754,0.0768138,0.0569913,-0.12720409,0.11990205,0.05674178,0.43970737,0.10740168,0.04265444,0.33601394,-0.03870622,-0.10818377,-0.04347043,-0.16803673,-0.10571506,-0.02105916,-0.05124919,-0.14830193,0.0837335,-0.12632716,-0.23529825,0.16157375,-0.13470544,1904000.02175065,0.07310183,0.07754934,0.05996589,-0.13389331,0.1217627,0.05595411,0.44334257,0.10555587,0.03881983,0.33609134,-0.04279421,-0.10349993,-0.03862473,-0.17321804,-0.10693947,-0.02217072,-0.0721361,-0.15091744,0.08670267,-0.12731124,-0.23806651,0.16994321,-0.13283812,1905000.02464117,0.07323235,0.07858816,0.0595605,-0.13571574,0.12147159,0.05191138,0.44128871,0.10532174,0.03607613,0.33390856,-0.04332639,-0.10834304,-0.03712969,-0.1693375,-0.10778422,-0.02836964,-0.05855183,-0.1553548,0.08269588,-0.1308399,-0.24052045,0.17271633,-0.13873963,1906000.02346161,0.06984327,0.08201978,0.06093453,-0.1375957,0.11959241,0.0489605,0.44257331,0.10581157,0.034155,0.34180599,-0.04717328,-0.10328908,-0.04466505,-0.16606064,-0.10810007,-0.0245785,-0.05233434,-0.15203159,0.08426151,-0.13061124,-0.24257109,0.16740169,-0.14084338,1907000.02055307,0.07613238,0.07823285,0.06244311,-0.14154826,0.11919799,0.04521631,0.4404754,0.1012984,0.03134461,0.34415734,-0.04980181,-0.09988236,-0.04331309,-0.1666581,-0.10912293,-0.01893402,-0.06200947,-0.15087174,0.08088964,-0.13711941,-0.24215466,0.16753422,-0.14514846,1908000.02497939,0.07651912,0.07974481,0.06457551,-0.14663938,0.12041259,0.04634035,0.4416762,0.10269526,0.02932338,0.34078673,-0.04992768,-0.10675827,-0.03696336,-0.17215203,-0.11112592,-0.02043928,-0.05189738,-0.15511505,0.0739748,-0.13807181,-0.24267346,0.1660625,-0.14046593,1909000.02404196,0.07621445,0.08468625,0.06630183,-0.14775594,0.12156535,0.04393091,0.43879944,0.10128515,0.02642171,0.33865163,-0.04863051,-0.1128725,-0.0426673,-0.17398217,-0.11145696,-0.01952671,-0.0702824,-0.15423709,0.07887184,-0.14630814,-0.24360749,0.17208654,-0.14125918,1910000.01812991,0.07278317,0.07873083,0.06187354,-0.13733745,0.12149019,0.04811947,0.43740574,0.10322093,0.03239228,0.331606,-0.04290625,-0.09949501,-0.0416477,-0.16889328,-0.11053381,-0.02084234,-0.05880678,-0.15256049,0.08004999,-0.13666961,-0.24314536,0.1692939,-0.13991757,1911000.01916253,0.07458373,0.07985172,0.0610318,-0.12759633,0.12196748,0.04876763,0.4390592,0.10593621,0.04101233,0.33885989,-0.03756855,-0.09788179,-0.04458082,-0.17112431,-0.11006993,-0.01852779,-0.05286595,-0.15291362,0.07692307,-0.13707413,-0.24371259,0.16114868,-0.13991065,1912000.02022471,0.07355853,0.08325274,0.06240001,-0.1371074,0.1193322,0.05294224,0.44313261,0.10463296,0.03564311,0.33998424,-0.03981202,-0.10842346,-0.04765667,-0.16946957,-0.11021847,-0.0222455,-0.05139708,-0.15853655,0.0826687,-0.14357553,-0.24522173,0.1676368,-0.14496888,1913000.0223407,0.07205411,0.08045026,0.06247886,-0.14223805,0.11932224,0.04928154,0.44169056,0.10209749,0.03264984,0.32923055,-0.04524553,-0.11041725,-0.04988438,-0.17011313,-0.11277384,-0.02167133,-0.06881612,-0.1588466,0.07932268,-0.14445363,-0.24823307,0.15972857,-0.14307037,1914000.02273714,0.07014628,0.07979282,0.06147931,-0.14045547,0.11812909,0.04583626,0.44105309,0.1026369,0.03305478,0.33484751,-0.04703699,-0.11396901,-0.05308198,-0.16810292,-0.11368278,-0.02186251,-0.0550429,-0.15807877,0.07869474,-0.13833593,-0.2498704,0.16185164,-0.14284971,1915000.02239892,0.07250202,0.07754339,0.06228561,-0.1421634,0.12245931,0.04227817,0.44117367,0.10145846,0.03067521,0.33377489,-0.04985328,-0.11645209,-0.04463946,-0.17304379,-0.11334779,-0.02305891,-0.0603437,-0.15873231,0.07316916,-0.14123011,-0.25035381,0.15786026,-0.15121898,1916000.02382049,0.07624891,0.07601234,0.06535759,-0.14881796,0.12134733,0.0442392,0.43790495,0.10007364,0.02633274,0.33717945,-0.04723812,-0.10854953,-0.05223943,-0.17243765,-0.11330009,-0.0264782,-0.07268252,-0.16071463,0.07615242,-0.14211652,-0.25049645,0.16985071,-0.14933695,1917000.02620722,0.07612897,0.0793595,0.06451457,-0.14629495,0.12224998,0.04483452,0.43434772,0.10180792,0.02649515,0.33123636,-0.04668726,-0.11696172,-0.05112362,-0.17400458,-0.11641482,-0.02230175,-0.07372526,-0.15815115,0.07879995,-0.14034396,-0.2510829,0.16848278,-0.13797326,1918000.02284182,0.07158275,0.078893,0.05878001,-0.13615853,0.11980806,0.05097292,0.43773663,0.10582968,0.03808978,0.33573905,-0.04269426,-0.12346694,-0.05053924,-0.1717615,-0.11395875,-0.01886863,-0.06416693,-0.1602964,0.07699946,-0.14386116,-0.25015402,0.16042741,-0.14541958,1919000.01816827,0.07150807,0.07644737,0.05879431,-0.13196227,0.1226244,0.05097361,0.44197732,0.10208207,0.03965989,0.34075013,-0.04097285,-0.12129765,-0.05116324,-0.16963705,-0.11451866,-0.01902179,-0.07035591,-0.15810336,0.08098612,-0.14153287,-0.25061396,0.16165912,-0.14850263,1920000.02141321,0.07394717,0.07784259,0.05918057,-0.13469833,0.11948714,0.05097985,0.44107887,0.10173684,0.03405869,0.33457389,-0.04159055,-0.1152823,-0.05576571,-0.17038652,-0.11574455,-0.02190838,-0.05118373,-0.1579912,0.08330459,-0.1416827,-0.25273407,0.16590907,-0.15120652,1921000.01985765,0.07363734,0.07990238,0.05896292,-0.13819985,0.12111851,0.04849549,0.4390707,0.10316599,0.03371119,0.33846894,-0.03993175,-0.11817775,-0.04962211,-0.17271098,-0.11792673,-0.02585641,-0.05521617,-0.16091782,0.08138424,-0.13675001,-0.25462765,0.16435617,-0.1453934,1922000.02082367,0.0729582,0.07855735,0.06222371,-0.14168806,0.11691332,0.04558406,0.43888891,0.1026984,0.0322031,0.33066809,-0.04621996,-0.12380446,-0.05250278,-0.17302845,-0.11880511,-0.0207934,-0.05480669,-0.16259344,0.07894067,-0.14035904,-0.25644112,0.16443166,-0.14181358,1923000.02412963,0.07545698,0.08330946,0.06332764,-0.14381555,0.12015253,0.04003022,0.4394868,0.10226573,0.02948929,0.32977802,-0.04433245,-0.12523313,-0.06190953,-0.17355523,-0.1197405,-0.0253976,-0.08113358,-0.16862987,0.07587952,-0.14017095,-0.25791925,0.17118254,-0.15683441,1924000.02140345,0.07464853,0.08042806,0.06649831,-0.14278767,0.12324934,0.03932407,0.43786412,0.10067753,0.02687094,0.3257668,-0.04451672,-0.1249016,-0.05983956,-0.17582417,-0.12024699,-0.01812459,-0.05833902,-0.16299048,0.0849168,-0.14406587,-0.25778046,0.16252866,-0.14888532,1925000.02251416,0.07113313,0.08180146,0.06089269,-0.13638885,0.12016311,0.04875661,0.44101921,0.10046254,0.03269155,0.34300148,-0.04385459,-0.13475586,-0.0604176,-0.17412449,-0.11864843,-0.01471142,-0.06633737,-0.16330822,0.083551,-0.14331993,-0.25579998,0.16447492,-0.14502048,1926000.01951969,0.07325506,0.07568216,0.05788577,-0.12678514,0.11425328,0.05845902,0.43940485,0.10479928,0.04204311,0.33937863,-0.03229912,-0.12589459,-0.04922519,-0.17053732,-0.11864191,-0.01902251,-0.07892444,-0.16132422,0.07809209,-0.13407801,-0.25538811,0.15583363,-0.1417571,1927000.01990599,0.07523344,0.07838982,0.05984437,-0.13003388,0.12160672,0.05214274,0.43826678,0.10537612,0.03949157,0.34032837,-0.03294455,-0.12303413,-0.05979693,-0.16816442,-0.12103881,-0.01564178,-0.06667726,-0.16536197,0.07616792,-0.14446697,-0.25750238,0.16289835,-0.14510095,1928000.0227763,0.07298617,0.07976197,0.06043794,-0.13342029,0.12027463,0.05030411,0.44208238,0.10412394,0.03564311,0.33981097,-0.03806113,-0.12032235,-0.06255816,-0.17126726,-0.12063413,-0.01837047,-0.07141895,-0.16498391,0.08138218,-0.14400761,-0.26043215,0.16372244,-0.14802846,1929000.02199322,0.07566824,0.07745337,0.05921223,-0.13536331,0.11782214,0.04891981,0.43935579,0.10553987,0.03436462,0.33765081,-0.03514623,-0.12086582,-0.05402607,-0.1733954,-0.12138195,-0.01828104,-0.06796127,-0.16368923,0.07758459,-0.14383155,-0.26178092,0.16693231,-0.1567125,1930000.0206593,0.07195155,0.07940435,0.06166368,-0.13950536,0.11778232,0.040622,0.44100949,0.10262132,0.0323839,0.33523393,-0.03857467,-0.13042773,-0.06008383,-0.17398605,-0.12437421,-0.01940987,-0.05180313,-0.166953,0.07733284,-0.14308269,-0.26404518,0.15525767,-0.1549516,1931000.02205127,0.07485631,0.07954071,0.06405472,-0.1409793,0.11992252,0.04672961,0.44238362,0.10373486,0.02967805,0.33421296,-0.03820699,-0.12625197,-0.06451723,-0.17190646,-0.12424623,-0.02128033,-0.0699985,-0.16262728,0.08134308,-0.14206088,-0.26501387,0.16989091,-0.15988855,1932000.0242756,0.07969038,0.08157697,0.06633566,-0.13665284,0.12682961,0.04095186,0.43889835,0.10214679,0.02756059,0.33851627,-0.04403228,-0.1266793,-0.0656765,-0.1755365,-0.12680335,-0.01897622,-0.07090638,-0.16422461,0.08883412,-0.14393657,-0.2633456,0.16356149,-0.14017226,1933000.02241796,0.07634556,0.07584491,0.06199411,-0.12850267,0.11598267,0.04727304,0.43749392,0.10384765,0.03454638,0.33073124,-0.03411357,-0.12647964,-0.06630373,-0.17436846,-0.12495584,-0.02128944,-0.06957121,-0.1658884,0.08080722,-0.14264193,-0.26342699,0.15988545,-0.14508176,1934000.01930714,0.07353962,0.07833391,0.05783797,-0.12171378,0.11141191,0.05324761,0.43795508,0.10710614,0.04234358,0.34014255,-0.02765876,-0.120606,-0.06063046,-0.17187051,-0.12472451,-0.01342157,-0.07002679,-0.16501828,0.07834643,-0.14144191,-0.26335758,0.16395397,-0.14470397,1935000.02075605,0.07468354,0.08055363,0.05894588,-0.12787712,0.11849755,0.05481693,0.43861392,0.10619805,0.03712823,0.33777457,-0.03408707,-0.12321646,-0.0681308,-0.17344336,-0.12542988,-0.01860407,-0.06791952,-0.16418828,0.08274821,-0.14420684,-0.2662707,0.16985008,-0.15788522,1936000.02116182,0.0669277,0.07744766,0.06015294,-0.1321104,0.12079336,0.04832486,0.43981642,0.10468224,0.03323688,0.33801919,-0.02792802,-0.11688331,-0.07762739,-0.17677818,-0.12625773,-0.02106581,-0.06897344,-0.16543324,0.08347157,-0.14907457,-0.2680091,0.16607316,-0.15446185,1937000.0215871,0.07114623,0.07824024,0.06136043,-0.13402152,0.11906812,0.04776984,0.4379122,0.10542566,0.03379999,0.33048934,-0.03312688,-0.12991735,-0.06934828,-0.17787094,-0.12689786,-0.01917281,-0.07447355,-0.16622233,0.08240964,-0.14866902,-0.26952916,0.16718176,-0.16616295,1938000.01984756,0.07444397,0.0763742,0.06152739,-0.13704003,0.11594103,0.04774286,0.44001088,0.10227966,0.03065665,0.33729219,-0.03341615,-0.12619759,-0.08043757,-0.17334549,-0.1282177,-0.02269619,-0.07393479,-0.16588703,0.08271919,-0.14444292,-0.2708782,0.16583218,-0.16279207,1939000.02267979,0.07739089,0.08443063,0.06468416,-0.13826023,0.11589654,0.04815074,0.44019771,0.10195581,0.0269774,0.3314589,-0.03576497,-0.12955882,-0.07894533,-0.17504497,-0.13158132,-0.02226736,-0.0701206,-0.16970384,0.08501749,-0.15052906,-0.27066109,0.1657916,-0.15554394,1940000.0239853,0.077514,0.07750385,0.06582016,-0.13433374,0.1181028,0.04163885,0.44024488,0.10335883,0.02551051,0.33799025,-0.03366973,-0.12753466,-0.0737579,-0.17722277,-0.13031177,-0.01916834,-0.07477484,-0.17163803,0.07428502,-0.14878988,-0.27162421,0.1714851,-0.15713969,1941000.0244387,0.07264864,0.07882773,0.05868551,-0.12579022,0.11766151,0.04973729,0.43949962,0.1043722,0.03006211,0.33001444,-0.03234925,-0.1174488,-0.07880446,-0.176991,-0.1291779,-0.02358979,-0.08708035,-0.17015289,0.07572544,-0.14769903,-0.27100414,0.16285783,-0.15481037,1942000.02134536,0.06979854,0.07893482,0.05433153,-0.1214556,0.11472365,0.05467529,0.43893328,0.10636177,0.03953121,0.34695712,-0.02121409,-0.12563187,-0.0736974,-0.17562613,-0.12659414,-0.02430773,-0.06697168,-0.16736929,0.08081365,-0.14385927,-0.26991367,0.16328332,-0.15193672,1943000.01833075,0.07224123,0.07804477,0.05459663,-0.12631984,0.11394654,0.05027884,0.44075346,0.10461121,0.0355748,0.34753448,-0.02626878,-0.12801024,-0.0826835,-0.17545138,-0.12775542,-0.01805064,-0.06234352,-0.17264195,0.07895663,-0.14478685,-0.27156672,0.16533841,-0.14971121,1944000.01964435,0.07019478,0.08096041,0.05645385,-0.13073975,0.1104601,0.04557895,0.44115216,0.10562223,0.03278111,0.34385589,-0.02634418,-0.12999918,-0.08588166,-0.17810746,-0.13084689,-0.02125951,-0.06746,-0.17043337,0.07804693,-0.1444779,-0.27398053,0.17215519,-0.15293677,1945000.02391805,0.06821407,0.07864839,0.05498114,-0.13656861,0.11758093,0.05007774,0.43772456,0.10616732,0.03157594,0.32816601,-0.02169458,-0.13540439,-0.08609959,-0.18180951,-0.13050267,-0.03032381,-0.0733011,-0.17198806,0.07772355,-0.14444378,-0.27531299,0.16150801,-0.16228099,1946000.02108446,0.07004064,0.07878444,0.05914343,-0.13387473,0.11627433,0.03934281,0.44006023,0.10578667,0.02886348,0.32814315,-0.03027631,-0.13134913,-0.08572495,-0.17893571,-0.13078687,-0.02818807,-0.07046396,-0.17101929,0.08252738,-0.1483862,-0.27553919,0.16463107,-0.1671385,1947000.02084292,0.07432611,0.0839878,0.06228769,-0.14000009,0.11972225,0.03861734,0.44111434,0.10237087,0.0256924,0.33797303,-0.02919666,-0.12899631,-0.08424091,-0.18298179,-0.13287705,-0.02325819,-0.06613579,-0.17431048,0.07836677,-0.15392314,-0.27689132,0.1655034,-0.16369942,1948000.02156784,0.07529643,0.085835,0.06418719,-0.1407429,0.12105513,0.04312997,0.43748543,0.10397454,0.02413325,0.32943422,-0.02730495,-0.13537163,-0.08683191,-0.1852607,-0.13400428,-0.027564,-0.07986774,-0.17193952,0.07391321,-0.15756008,-0.27670491,0.16636276,-0.15996043,1949000.02071738,0.07190745,0.07896157,0.05848928,-0.12723024,0.11395752,0.0425778,0.44019586,0.10313284,0.03014279,0.33154035,-0.01979169,-0.1361427,-0.08640294,-0.17724776,-0.13392548,-0.02743736,-0.08092497,-0.17306924,0.07525803,-0.14394605,-0.27707237,0.16423516,-0.15892874,1950000.01859283,0.06786874,0.0801153,0.0541625,-0.12179349,0.1155426,0.05045953,0.44069079,0.10500481,0.03746243,0.34209532,-0.0210944,-0.12591057,-0.08222598,-0.1786772,-0.13224427,-0.02471223,-0.06021032,-0.17376973,0.07914383,-0.14631437,-0.27577335,0.16357504,-0.15860578,1951000.01730733,0.06949069,0.0824715,0.05575236,-0.12921767,0.11512152,0.04809622,0.44189465,0.10383893,0.03266016,0.34336135,-0.02473656,-0.12484489,-0.08356062,-0.18021971,-0.13335581,-0.02717498,-0.08335977,-0.17508098,0.0812507,-0.1525463,-0.27708325,0.1639654,-0.1549401,1952000.01917101,0.07207586,0.07725233,0.05573216,-0.13564242,0.11190727,0.0427316,0.43905529,0.10273817,0.02966839,0.34362713,-0.02398693,-0.14423421,-0.08442022,-0.17846686,-0.13474813,-0.02866661,-0.0778574,-0.178628,0.08344641,-0.1554902,-0.27894315,0.16908687,-0.16197823,1953000.0206593,0.07015572,0.07730541,0.05625663,-0.13349727,0.1149771,0.04460528,0.44199014,0.10168593,0.02862334,0.34168929,-0.0300633,-0.12600887,-0.0855733,-0.18120702,-0.13490282,-0.03329318,-0.07048717,-0.1782749,0.07926777,-0.16901642,-0.27850109,0.16279255,-0.16961764,1954000.01950929,0.07190403,0.08021728,0.05919274,-0.13638885,0.11681353,0.04287548,0.43977588,0.09999433,0.02659921,0.33461475,-0.02821191,-0.12472017,-0.08680312,-0.1828156,-0.13511774,-0.03196163,-0.0791539,-0.17867488,0.07364447,-0.16309766,-0.27906543,0.16284433,-0.16499747,1955000.02266053,0.07043002,0.08398964,0.0602009,-0.14192775,0.11844502,0.03962594,0.43873197,0.10037779,0.02442002,0.33604741,-0.02813444,-0.13573895,-0.0871984,-0.18450259,-0.13534051,-0.02976307,-0.09218143,-0.1808424,0.0784284,-0.1547913,-0.28023523,0.16509748,-0.16137718,1956000.02369504,0.07321485,0.08165621,0.06331426,-0.14352508,0.12359285,0.0416975,0.43893763,0.10032834,0.02202206,0.33702818,-0.02974238,-0.13527302,-0.08680181,-0.18307707,-0.13679205,-0.02968835,-0.08889703,-0.17994931,0.07205212,-0.1611243,-0.27833879,0.16762061,-0.16633564,1957000.01972248,0.06561086,0.07591964,0.05667186,-0.13014099,0.12233434,0.04545202,0.44031885,0.10188497,0.03162697,0.33561057,-0.02734089,-0.14543121,-0.08534861,-0.18364577,-0.1339986,-0.02657974,-0.07337328,-0.17979664,0.07610332,-0.1522551,-0.27771729,0.16710663,-0.16224542,1958000.0171924,0.06441467,0.07747424,0.05208733,-0.12678683,0.12144028,0.04783472,0.43986303,0.10274286,0.03692947,0.34456751,-0.02285432,-0.13148651,-0.08344502,-0.18201363,-0.13321865,-0.02989729,-0.07782932,-0.1801161,0.07670251,-0.15416995,-0.27799815,0.16387273,-0.16745201,1959000.01867796,0.07040835,0.07939425,0.0563139,-0.13533345,0.11941957,0.04153413,0.43878192,0.10200785,0.03115712,0.34637141,-0.02183449,-0.11964179,-0.08613984,-0.18257029,-0.13473329,-0.03140204,-0.0757462,-0.18207948,0.07687564,-0.15915628,-0.27916521,0.16613044,-0.15903237,1960000.01946077,0.06612359,0.08060481,0.05735289,-0.13634425,0.11169518,0.0478096,0.43734267,0.0997709,0.02777683,0.34634182,-0.02332442,-0.12491478,-0.08323914,-0.18157947,-0.13608214,-0.02936801,-0.08415411,-0.17888272,0.07971712,-0.16590218,-0.2811082,0.16985008,-0.15949509,1961000.02117126,0.06410809,0.07851538,0.0577784,-0.1376878,0.11231662,0.04105102,0.44029498,0.09997344,0.02876996,0.34397754,-0.03400756,-0.12969422,-0.08930958,-0.18008575,-0.13768311,-0.03205562,-0.08353513,-0.18201983,0.07868276,-0.16078711,-0.28263354,0.1627994,-0.16541141,1962000.0211134,0.07070607,0.0774148,0.05984586,-0.14378789,0.11778697,0.03683726,0.44052866,0.0994193,0.02562842,0.34618899,-0.03391719,-0.13304955,-0.090725,-0.18506201,-0.13865189,-0.03363954,-0.09770424,-0.18078579,0.08080966,-0.16041476,-0.28312594,0.16016428,-0.1633479,1963000.02105551,0.07362045,0.08058044,0.06107228,-0.14352995,0.12432095,0.03643425,0.4373982,0.0981323,0.02199867,0.34053639,-0.03260388,-0.14218578,-0.09718915,-0.18274729,-0.13806684,-0.03285165,-0.09090003,-0.18565063,0.07340804,-0.16296351,-0.2819992,0.16933291,-0.16920878,1964000.02518441,0.07007096,0.07981567,0.06188166,-0.14846255,0.12356167,0.03297382,0.43665487,0.09764118,0.0182745,0.34323993,-0.03811275,-0.13255796,-0.09568871,-0.18573335,-0.13809153,-0.03368985,-0.08468179,-0.18202126,0.07901177,-0.16288115,-0.28180429,0.16269073,-0.16345865,1965000.02298783,0.06701528,0.08165961,0.05718561,-0.13859008,0.12164862,0.04187548,0.43585482,0.09964768,0.02529786,0.34251243,-0.03077132,-0.12983464,-0.08886874,-0.18707864,-0.13725151,-0.02965824,-0.08558487,-0.18348926,0.07436059,-0.15598977,-0.28006333,0.16481815,-0.16325067,1966000.01980928,0.06276895,0.07644237,0.05286691,-0.13110578,0.11907109,0.04480197,0.4399882,0.10147209,0.03390632,0.34732392,-0.02618328,-0.1291807,-0.08558237,-0.18362936,-0.13715605,-0.03223275,-0.09045735,-0.18259384,0.07771135,-0.15406954,-0.27850899,0.16150574,-0.16248021,1967000.02235103,0.06392927,0.08030279,0.05439427,-0.13405013,0.11683048,0.04217761,0.43829751,0.09904692,0.02789829,0.34320444,-0.0287481,-0.12170184,-0.0875,-0.18122204,-0.13786967,-0.03482335,-0.08188767,-0.18478315,0.07651293,-0.16343234,-0.28174961,0.16160133,-0.16834255,1968000.02350213,0.06524425,0.080081,0.05390168,-0.14107001,0.11367381,0.04036983,0.44125295,0.0980677,0.02555175,0.34242114,-0.03148112,-0.13215877,-0.08935379,-0.18492742,-0.13817935,-0.03305138,-0.09145265,-0.18368354,0.07916805,-0.15566528,-0.28372049,0.16256492,-0.16227426,1969000.01930602,0.06152267,0.07782907,0.05484054,-0.14358483,0.11547142,0.03756054,0.44166854,0.09766264,0.02350995,0.35198051,-0.0358209,-0.13206699,-0.08861306,-0.18308213,-0.13918433,-0.03556598,-0.08264233,-0.18651035,0.08194853,-0.15877971,-0.28359708,0.16534124,-0.16424225,1970000.02260245,0.06601081,0.07769307,0.05796633,-0.1458174,0.11490314,0.03642133,0.43907762,0.09767614,0.02094678,0.35082167,-0.03193856,-0.12658919,-0.08965158,-0.18502115,-0.1400484,-0.03512001,-0.08971328,-0.18409686,0.08011348,-0.16635022,-0.2844947,0.16641626,-0.16533923,1971000.0215871,0.06517657,0.08269745,0.05880738,-0.1466796,0.11909474,0.03454516,0.43934229,0.09431805,0.01680317,0.34775165,-0.03828743,-0.13547729,-0.08877341,-0.18540174,-0.14188746,-0.03413085,-0.08319798,-0.19073172,0.07368151,-0.16506366,-0.28475863,0.17150922,-0.16379943,1972000.02527217,0.06800134,0.08198527,0.06136926,-0.14829512,0.11857687,0.03365221,0.44038147,0.09529286,0.01480911,0.34740356,-0.04124391,-0.12983157,-0.08685698,-0.19020112,-0.14250036,-0.0402648,-0.08538947,-0.18753488,0.07475428,-0.17086415,-0.28344774,0.17155166,-0.15630215,1973000.02649016,0.06592603,0.08300611,0.06026922,-0.15030672,0.11962972,0.03243509,0.4390583,0.09491561,0.01559906,0.34054422,-0.03424228,-0.13200526,-0.09308663,-0.18930541,-0.14191854,-0.04049317,-0.08875252,-0.18491459,0.0777273,-0.1602883,-0.28448805,0.16378833,-0.16337916,1974000.02257246,0.05859995,0.08218245,0.05485416,-0.13665059,0.1164758,0.03695005,0.43646979,0.09901605,0.02635127,0.33704963,-0.02933913,-0.12788272,-0.08426069,-0.18120369,-0.14002915,-0.03666372,-0.09766103,-0.18965045,0.0739551,-0.16203572,-0.28229982,0.16722009,-0.16014415,1975000.02067873,0.0608492,0.08085563,0.05290468,-0.13820782,0.11708067,0.03504654,0.44087866,0.09620894,0.02663952,0.35116473,-0.02916771,-0.11905428,-0.08158722,-0.17949747,-0.13960262,-0.03908207,-0.08897951,-0.18553019,0.08007811,-0.16691534,-0.28167653,0.1709855,-0.15989946,1976000.02123917,0.06306709,0.07964278,0.05413937,-0.14103396,0.12015726,0.03212558,0.44214404,0.09535301,0.02225742,0.3473134,-0.03859735,-0.11897554,-0.08764279,-0.18076128,-0.13957354,-0.03428417,-0.09925902,-0.18832387,0.07898138,-0.16323489,-0.28360188,0.17071515,-0.15969807,1977000.02566063,0.06029838,0.07865442,0.05626408,-0.14770982,0.11742272,0.03468842,0.44290033,0.09509641,0.01934751,0.34301248,-0.03931333,-0.11482723,-0.08597849,-0.18154398,-0.14063068,-0.0372498,-0.07999058,-0.19132541,0.07869499,-0.16063313,-0.28396159,0.16203184,-0.16605487,1978000.0225251,0.06595024,0.08200811,0.0579959,-0.14871995,0.11538137,0.02867543,0.43982545,0.09491125,0.01666044,0.33710253,-0.03905478,-0.11178194,-0.09124051,-0.18173392,-0.14144579,-0.03911154,-0.0782585,-0.18864588,0.07962566,-0.15928406,-0.28482434,0.16185218,-0.16428295,1979000.02583429,0.06540217,0.0883693,0.05787757,-0.15450163,0.11989387,0.03077249,0.44387496,0.09516968,0.01400573,0.33486873,-0.04091709,-0.12281125,-0.08223706,-0.18319181,-0.14221431,-0.03609598,-0.08340631,-0.18637514,0.07797655,-0.1705026,-0.2852596,0.1676251,-0.16180032,1980000.02733554,0.07219289,0.08269931,0.05850069,-0.15769102,0.11879157,0.0276552,0.44376922,0.09457618,0.01061199,0.35001585,-0.04427162,-0.11293823,-0.08520352,-0.18473853,-0.14209719,-0.04070842,-0.08991471,-0.18835951,0.07722355,-0.16484988,-0.28411281,0.16525739,-0.16187631,1981000.02732486,0.06791712,0.08300474,0.06172368,-0.15560547,0.11856337,0.03043093,0.44215253,0.09519741,0.00855872,0.35157922,-0.04356176,-0.11736062,-0.09104536,-0.18599248,-0.14022593,-0.03749321,-0.10930533,-0.18701537,0.07660972,-0.16229953,-0.28325942,0.16818365,-0.15870185,1982000.02085267,0.06176902,0.08025802,0.05702762,-0.1432247,0.11626565,0.03079072,0.4405728,0.09616974,0.01646708,0.34525692,-0.04136022,-0.11455874,-0.08822975,-0.18427475,-0.13974884,-0.03974027,-0.08932435,-0.18610585,0.07587952,-0.15937431,-0.28229767,0.16290244,-0.1562428,1983000.0220415,0.05928953,0.07789102,0.05384603,-0.13832019,0.11544903,0.03927803,0.44273302,0.0955369,0.02326175,0.34484202,-0.03416315,-0.11619303,-0.08589882,-0.18152043,-0.13781008,-0.03561027,-0.09509483,-0.18252829,0.07138491,-0.15865159,-0.28149375,0.16540116,-0.15790518,1984000.02316357,0.06277317,0.08090929,0.05554438,-0.14793254,0.11677127,0.02854676,0.44333982,0.09454551,0.0190745,0.34611377,-0.03531128,-0.1248932,-0.08836574,-0.18183574,-0.14081034,-0.03492926,-0.09256251,-0.18588206,0.07047947,-0.15354313,-0.28322667,0.16251652,-0.16370556,1985000.02356028,0.06003314,0.08302855,0.05567322,-0.15230586,0.11993782,0.03080467,0.44460177,0.09415863,0.01532332,0.34978929,-0.04114282,-0.11942299,-0.08898676,-0.18207657,-0.14052235,-0.03692462,-0.08521992,-0.18733241,0.07474869,-0.15966716,-0.2843442,0.16151871,-0.16021557,1986000.02319261,0.06100924,0.08600163,0.05781837,-0.15244961,0.12031119,0.03925718,0.44222334,0.09582194,0.01576095,0.34656554,-0.04266813,-0.11574397,-0.08827423,-0.18149184,-0.14061914,-0.0430295,-0.09397656,-0.18554354,0.07683427,-0.1670327,-0.28579929,0.16797785,-0.16514225,1987000.02433393,0.06136555,0.08765345,0.05954905,-0.15548272,0.11938439,0.03386272,0.44358385,0.09232026,0.01100042,0.35220528,-0.04182995,-0.11896428,-0.0856498,-0.18057083,-0.14071603,-0.03994413,-0.08322724,-0.18815221,0.07041586,-0.1604262,-0.28333777,0.16674572,-0.16784357,1988000.02828529,0.06569374,0.08930661,0.06047844,-0.15855461,0.11975306,0.02885556,0.44105104,0.09279107,0.0085326,0.34748101,-0.04088706,-0.11998964,-0.08802538,-0.18738569,-0.14146292,-0.03668287,-0.08823625,-0.18903495,0.07145143,-0.16025725,-0.28392035,0.16594942,-0.16544247,1989000.02709286,0.06687147,0.08994006,0.06117881,-0.15718964,0.1197439,0.02802514,0.43931755,0.09439018,0.00597377,0.34764907,-0.04501942,-0.11989471,-0.09285171,-0.18525203,-0.13978635,-0.04039625,-0.08619181,-0.18688683,0.07886115,-0.16632995,-0.28265026,0.1667527,-0.16570105,1990000.02244708,0.06068606,0.08287144,0.05718561,-0.14866683,0.12068135,0.03558117,0.43959516,0.09674308,0.01650439,0.35360551,-0.03543595,-0.10588515,-0.08969612,-0.18152614,-0.14027074,-0.04007518,-0.08894632,-0.18422346,0.08030234,-0.15481664,-0.2809329,0.1676368,-0.16109365,1991000.02294996,0.06147614,0.07915623,0.0537758,-0.14357938,0.12168853,0.03980672,0.44037572,0.09526592,0.0220855,0.34050363,-0.03362047,-0.10245836,-0.08511913,-0.18587638,-0.13872451,-0.03559391,-0.08171648,-0.18519536,0.07634994,-0.1654478,-0.27955768,0.1703994,-0.15586193,1992000.02383065,0.06329279,0.08286301,0.05739307,-0.14425631,0.12018806,0.03338026,0.44098133,0.09412932,0.01717736,0.34035677,-0.03384004,-0.11713992,-0.08207908,-0.18205492,-0.13929118,-0.03885394,-0.08300967,-0.18696712,0.07545429,-0.16433734,-0.2804305,0.16651496,-0.16065454,1993000.02420838,0.06184824,0.08341525,0.05695823,-0.14868002,0.11899379,0.02708774,0.4401705,0.09268942,0.01413059,0.34076974,-0.03285576,-0.11613458,-0.08490314,-0.18232457,-0.13851494,-0.04218761,-0.08417413,-0.19019085,0.07964397,-0.15739267,-0.28119519,0.16172291,-0.1611052,1994000.02380151,0.06619263,0.08572625,0.05692866,-0.14930303,0.12134311,0.03217524,0.44210127,0.09590739,0.01258234,0.34507287,-0.03646125,-0.1180308,-0.08278181,-0.18276918,-0.13749222,-0.04125949,-0.09262852,-0.18488428,0.07729987,-0.15908432,-0.28184232,0.16288806,-0.15930481,1995000.02320197,0.0665395,0.08456912,0.06026063,-0.15532558,0.11803714,0.02731557,0.44510773,0.09348157,0.00931948,0.3396543,-0.03454359,-0.11486232,-0.08461315,-0.1825024,-0.13823602,-0.0388427,-0.08275517,-0.18444844,0.07810137,-0.15873849,-0.28112516,0.16626203,-0.16278374,1996000.02505043,0.06656297,0.08468276,0.06183267,-0.15327348,0.11698882,0.02753956,0.44213831,0.09238813,0.00804754,0.34770757,-0.0379783,-0.11789731,-0.08810021,-0.18270864,-0.13788289,-0.0400391,-0.08865402,-0.18213294,0.07781754,-0.16160503,-0.28165773,0.16858138,-0.16242948,1997000.02939752,0.06878927,0.08468452,0.06228397,-0.1554845,0.12201011,0.02886085,0.4433248,0.09370609,0.00660644,0.35565343,-0.03655203,-0.12096763,-0.09053395,-0.18107994,-0.13807216,-0.0404453,-0.08763162,-0.18587977,0.07548213,-0.16607209,-0.28068164,0.16582762,-0.16042712,1998000.0241192,0.06218494,0.08386108,0.05545725,-0.14237802,0.12101425,0.03574957,0.44165236,0.09466165,0.0152578,0.34838459,-0.03075441,-0.12270314,-0.08743707,-0.18289083,-0.13607061,-0.04181706,-0.06910057,-0.18329404,0.07418557,-0.16558987,-0.27867433,0.16739661,-0.15971705,1999000.02273714,0.05767531,0.08292346,0.05430043,-0.14222717,0.12119795,0.03680575,0.44125998,0.09718886,0.02105034,0.34662589,-0.02810698,-0.10883574,-0.0808489,-0.18110238,-0.13549431,-0.03575039,-0.08164285,-0.18636094,0.08022583,-0.16253982,-0.27607018,0.16534041,-0.15482667,2000000.02595972,0.06223043,0.08311132,0.05610773,-0.14358376,0.12609118,0.03684893,0.44527605,0.09629135,0.0173848,0.34134778,-0.02845605,-0.10993559,-0.08374476,-0.17830724,-0.13530779,-0.03835677,-0.07634173,-0.18559039,0.07541791,-0.15573902,-0.27854764,0.1630156,-0.15486661,2001000.02498175,0.05945401,0.0855336,0.05752176,-0.14758758,0.12238411,0.03377646,0.44398096,0.09373548,0.01355823,0.34973824,-0.03289232,-0.11243366,-0.08623977,-0.17674142,-0.13448432,-0.03361833,-0.07262217,-0.18282419,0.07791514,-0.16198474,-0.28118008,0.15963213,-0.15613417,2002000.02519485,0.06309473,0.08583619,0.05971743,-0.14881894,0.12139215,0.03287043,0.44422585,0.09275665,0.01286168,0.34340978,-0.03304395,-0.11043008,-0.08047127,-0.17988481,-0.13441159,-0.03500651,-0.07260703,-0.18217656,0.07582644,-0.1596007,-0.28190529,0.16780366,-0.15967737,2003000.02864266,0.06656968,0.08495573,0.06173458,-0.15334895,0.12410971,0.02270236,0.44470167,0.09266464,0.01084335,0.35598469,-0.03461423,-0.11103988,-0.08579455,-0.17810826,-0.1344053,-0.03631298,-0.06786838,-0.18431796,0.08227997,-0.16782443,-0.28060761,0.17252944,-0.16336638,2004000.03153051,0.06468226,0.08754406,0.06341605,-0.15622666,0.12257219,0.02653988,0.44395095,0.09014296,0.00703695,0.34715289,-0.03205673,-0.10838724,-0.08955381,-0.18031745,-0.13521132,-0.03692564,-0.08127246,-0.18605727,0.07945621,-0.16368397,-0.28234968,0.16980018,-0.15556842,2005000.03063891,0.06933937,0.08903151,0.06433346,-0.15111698,0.11856807,0.0286671,0.44298464,0.09222763,0.00435158,0.34880662,-0.0356623,-0.10852555,-0.087671,-0.18476596,-0.13660973,-0.0328521,-0.0839824,-0.18229619,0.07814489,-0.16223212,-0.28127709,0.16786163,-0.160973,2006000.02730312,0.06515624,0.08531764,0.0610176,-0.14681371,0.12250029,0.03400639,0.44107938,0.09261049,0.0090534,0.34592769,-0.03039931,-0.11518554,-0.0908744,-0.17932455,-0.13449006,-0.03577787,-0.07494265,-0.18005149,0.08057732,-0.16060518,-0.2798228,0.17375837,-0.1618887,2007000.02561875,0.06041649,0.08067124,0.05631643,-0.13692497,0.12477893,0.03470165,0.44306082,0.0969124,0.02084833,0.35323238,-0.02184694,-0.10657443,-0.07979751,-0.17682785,-0.13085814,-0.03642251,-0.05810392,-0.18218073,0.07960352,-0.15552737,-0.27897662,0.15973836,-0.1498961,2008000.02439224,0.06264905,0.08517415,0.05773923,-0.14772949,0.12153724,0.03760243,0.44577432,0.09623802,0.01677239,0.35427085,-0.03157993,-0.10636884,-0.07509456,-0.18049268,-0.13262197,-0.03424051,-0.07756107,-0.18639246,0.07965868,-0.16389801,-0.28082246,0.16468498,-0.15717646,2009000.02531171,0.06161314,0.08701752,0.05742263,-0.14370048,0.12294383,0.03183829,0.44515327,0.0931236,0.01285797,0.35256457,-0.02972407,-0.10851987,-0.08089732,-0.1828355,-0.1329903,-0.03405179,-0.07417081,-0.18423603,0.08085313,-0.17222364,-0.28242734,0.1693939,-0.15511201,2010000.02807182,0.06355212,0.08743043,0.05991553,-0.14652872,0.12246066,0.03260593,0.4431763,0.09472016,0.01152479,0.35488939,-0.03207576,-0.10914127,-0.08651838,-0.17675552,-0.13307458,-0.03944182,-0.07831498,-0.18492281,0.08024512,-0.16657239,-0.28312835,0.16208918,-0.15617558,2011000.0250986,0.06483181,0.08429209,0.06145893,-0.15183587,0.12458612,0.02652834,0.44705042,0.09204073,0.00890057,0.35496289,-0.03500376,-0.11736214,-0.08833037,-0.17369331,-0.13351077,-0.03739856,-0.08103082,-0.18611176,0.07948603,-0.16468896,-0.28322119,0.16546582,-0.16572666,2012000.02833327,0.06627588,0.08723873,0.06297201,-0.15646911,0.12162074,0.02581527,0.44400641,0.09164772,0.00657493,0.34543425,-0.03869016,-0.12548742,-0.09042066,-0.179517,-0.13579468,-0.03280947,-0.09073403,-0.18458283,0.08142517,-0.159137,-0.28326434,0.16697177,-0.15767473,2013000.02849879,0.06675139,0.08834194,0.06489099,-0.15817976,0.12010863,0.0273514,0.44343096,0.09169742,0.00360651,0.34870926,-0.03832094,-0.12572762,-0.0894109,-0.17986225,-0.13424195,-0.03210533,-0.08038761,-0.18751559,0.08053513,-0.1647138,-0.28262249,0.17519914,-0.15299532,2014000.02976579,0.07059694,0.08781949,0.06466749,-0.15527014,0.12034535,0.03037533,0.44365269,0.09240645,0.00151029,0.35123363,-0.03491569,-0.11759464,-0.08847871,-0.17893744,-0.13598631,-0.03404848,-0.07922823,-0.18244183,0.07355451,-0.15347221,-0.28051591,0.16839607,-0.15054266,2015000.02638354,0.0679758,0.0827866,0.06064937,-0.14155917,0.12341539,0.03998417,0.44591191,0.09512974,0.01117523,0.35020974,-0.02539053,-0.12305353,-0.09064754,-0.1798411,-0.13475147,-0.0331685,-0.07706411,-0.18391728,0.0745341,-0.1592329,-0.28009009,0.16650718,-0.15699723,2016000.02461406,0.06640635,0.08432233,0.05636585,-0.13855919,0.12414297,0.03885787,0.44532785,0.09566745,0.01912699,0.35408428,-0.02310808,-0.11120372,-0.08671434,-0.17418444,-0.13169515,-0.03380847,-0.0762288,-0.18320403,0.0783698,-0.16433744,-0.280108,0.16375384,-0.15909861,2017000.02662872,0.06819816,0.08030014,0.05961781,-0.1451986,0.12484917,0.03566488,0.44543305,0.09435862,0.01455645,0.36299533,-0.02962334,-0.11263739,-0.08828424,-0.17261872,-0.13266021,-0.03120332,-0.06515051,-0.18312129,0.07545429,-0.16880678,-0.28230774,0.16615826,-0.16246237,2018000.02668725,0.066677,0.08252978,0.06159563,-0.14415249,0.12613079,0.03269089,0.44984946,0.09515066,0.01182975,0.35722971,-0.0285712,-0.10120341,-0.08832174,-0.17219664,-0.13191323,-0.03572188,-0.06422574,-0.18157816,0.07896618,-0.16657212,-0.2823748,0.1650226,-0.1644522,2019000.02755948,0.06487075,0.08495124,0.06187354,-0.14963631,0.12914579,0.03541524,0.44976121,0.09525099,0.01179868,0.35171849,-0.0327247,-0.11470845,-0.08698659,-0.17109703,-0.13276063,-0.03883314,-0.06958826,-0.18214056,0.07958821,-0.1669551,-0.2830092,0.16752896,-0.16470769,2020000.02681274,0.06704579,0.08445598,0.06181361,-0.15115434,0.1263479,0.03272077,0.44564968,0.09453017,0.01039325,0.35022697,-0.0340125,-0.11653914,-0.09610318,-0.17258005,-0.13384441,-0.03791424,-0.08366547,-0.18269069,0.07567072,-0.16841197,-0.28237754,0.16930398,-0.1663139,2021000.02785837,0.06745327,0.08790002,0.06464243,-0.15507062,0.11883056,0.03346455,0.44487032,0.09417321,0.00672319,0.35731211,-0.03519093,-0.10681456,-0.0880006,-0.1756088,-0.13472389,-0.04054869,-0.07967391,-0.18092281,0.07841197,-0.15972738,-0.28193256,0.16637461,-0.15891913,2022000.03012699,0.0708652,0.0868542,0.06256939,-0.15259385,0.11521438,0.02791741,0.44264257,0.09209391,0.00407725,0.3500635,-0.03000042,-0.1203112,-0.0864477,-0.17403908,-0.13304675,-0.0360206,-0.08435544,-0.18191859,0.08045439,-0.16853602,-0.28127497,0.16407216,-0.15829384,2023000.02633562,0.06765153,0.08490139,0.05975953,-0.14552253,0.11988893,0.03179909,0.44522792,0.09513485,0.00853654,0.34443039,-0.02817929,-0.11195639,-0.08831392,-0.17412567,-0.13176106,-0.03490665,-0.08014688,-0.17908494,0.07360602,-0.16689934,-0.28102648,0.16939849,-0.15398856,2024000.02370511,0.06223051,0.08327682,0.05714561,-0.13887857,0.11949391,0.03834964,0.44496864,0.09941915,0.01985607,0.35226762,-0.02164699,-0.1041714,-0.09206805,-0.17382644,-0.12875353,-0.03242457,-0.06343915,-0.181256,0.07794162,-0.16451067,-0.27891695,0.17055719,-0.15450919,2025000.02452789,0.06158879,0.08291276,0.0604187,-0.14324476,0.12385918,0.03925274,0.44545084,0.09840113,0.0177446,0.35363898,-0.0266815,-0.1091032,-0.08880205,-0.17676474,-0.13001351,-0.03097701,-0.05704173,-0.18157279,0.07597075,-0.16531457,-0.27880064,0.1720382,-0.15381667,2026000.02586353,0.06581932,0.08255439,0.06088194,-0.14509827,0.12421175,0.03993879,0.44584513,0.0961863,0.01375168,0.35058436,-0.02948493,-0.10981765,-0.09008835,-0.17678902,-0.13150163,-0.03512334,-0.06237876,-0.18028815,0.07063907,-0.16474558,-0.28103891,0.1676771,-0.15531318,2027000.02664751,0.06760805,0.08495124,0.06146464,-0.14345942,0.12668435,0.03523619,0.4458797,0.0959396,0.0134851,0.3545208,-0.03238893,-0.1153079,-0.08747785,-0.17473495,-0.13128792,-0.0364733,-0.0779485,-0.17971091,0.07752398,-0.16686289,-0.28131798,0.16805086,-0.1506718,2028000.02315373,0.06847285,0.08338295,0.06220506,-0.15391253,0.12591419,0.03386153,0.44750217,0.0955886,0.01255295,0.34501371,-0.03656494,-0.12441479,-0.08899321,-0.17731419,-0.13118349,-0.0398191,-0.06793306,-0.18186711,0.07833268,-0.16510916,-0.28009418,0.16051431,-0.15642084,2029000.02791709,0.07431156,0.08451178,0.06582642,-0.15595993,0.11944137,0.03470157,0.44496143,0.09897941,0.00833369,0.34752616,-0.03736868,-0.11891212,-0.08874269,-0.17757674,-0.13167453,-0.03812531,-0.07343662,-0.17873198,0.08073366,-0.15831612,-0.28087589,0.17013635,-0.15259044,2030000.03077536,0.07084639,0.0886175,0.06721523,-0.15577619,0.11745334,0.03447817,0.44453117,0.09635103,0.00669676,0.34521607,-0.03509692,-0.12082767,-0.09295889,-0.17752539,-0.13190459,-0.03206056,-0.07624786,-0.18180455,0.08315341,-0.16886847,-0.28072026,0.16635343,-0.15006484,2031000.02902494,0.06838687,0.08534208,0.05866361,-0.13995071,0.12572674,0.04225436,0.44585919,0.09762177,0.01620222,0.35103688,-0.03175907,-0.1148665,-0.09564744,-0.17479876,-0.13135035,-0.03358188,-0.06837719,-0.1827258,0.07401279,-0.15968454,-0.27706176,0.16840202,-0.14955182,2032000.02602648,0.06733403,0.08396261,0.05884552,-0.13953845,0.12258185,0.03901443,0.44751784,0.09907229,0.02308267,0.35735983,-0.02501402,-0.11937443,-0.09653795,-0.17420423,-0.12950608,-0.03515209,-0.07515119,-0.17969343,0.07575071,-0.16420364,-0.27612874,0.16834238,-0.14833504,2033000.02526353,0.07204632,0.08494945,0.05934048,-0.14638303,0.12459859,0.04033042,0.44706267,0.09823685,0.01846209,0.35830423,-0.02879745,-0.12419849,-0.09104695,-0.17276846,-0.13031286,-0.03669912,-0.06617458,-0.17880158,0.07645865,-0.16932003,-0.27740455,0.16791682,-0.14920229,2034000.02431487,0.07087868,0.08530795,0.05914214,-0.14619416,0.12368286,0.03798774,0.44672099,0.09756415,0.01476956,0.34798995,-0.03038701,-0.12702127,-0.09990831,-0.17363198,-0.12937696,-0.03627717,-0.06692021,-0.17928435,0.07029352,-0.16523555,-0.27952644,0.16931428,-0.15216282,2035000.02705534,0.06750086,0.087785,0.06177267,-0.14715371,0.12652859,0.03427451,0.44614285,0.09831709,0.01416031,0.34616476,-0.03104125,-0.11363155,-0.09882987,-0.17400286,-0.12941077,-0.03954261,-0.06731103,-0.17578045,0.07884377,-0.16966268,-0.27999544,0.17080374,-0.15594414,2036000.02374413,0.07312159,0.08963471,0.06355105,-0.14885285,0.12795703,0.03359948,0.4455449,0.09861632,0.0111909,0.35920495,-0.03574676,-0.12903883,-0.09605898,-0.17625716,-0.13173749,-0.03924527,-0.0798697,-0.17630322,0.08197785,-0.16729912,-0.27975744,0.16658869,-0.15212956,2037000.02750087,0.06856917,0.08671336,0.06654868,-0.1536842,0.12093852,0.03481017,0.44628534,0.09791762,0.00931758,0.35169581,-0.03673337,-0.11208393,-0.09704676,-0.17942357,-0.1328821,-0.04072813,-0.07893498,-0.17879169,0.07499793,-0.17071362,-0.27964312,0.16663519,-0.14990601,2038000.0280316,0.07208651,0.08489872,0.06464328,-0.15259637,0.12211239,0.0408335,0.44424665,0.09741838,0.00803208,0.3408514,-0.03579313,-0.12904397,-0.09294522,-0.17889504,-0.13100006,-0.04525793,-0.06938726,-0.17833641,0.073828,-0.16587786,-0.27773157,0.16663003,-0.15893973,2039000.02439068,0.06820548,0.08030528,0.05710542,-0.14154041,0.12318655,0.04511251,0.44416323,0.10250787,0.01961519,0.34525302,-0.03141056,-0.12193458,-0.09502999,-0.17519706,-0.13048348,-0.04455063,-0.07706951,-0.17961906,0.07488061,-0.16682069,-0.27679136,0.16727903,-0.15541719,2040000.02364686,0.06700203,0.07878757,0.05858913,-0.13767621,0.12441265,0.04671647,0.44651982,0.10219303,0.02216721,0.35764804,-0.03375307,-0.10755426,-0.09849559,-0.17458394,-0.12863936,-0.03973906,-0.07357341,-0.17627718,0.07783382,-0.1608011,-0.27722317,0.16417836,-0.15869945,2041000.02224465,0.06408264,0.08301772,0.05761089,-0.14459829,0.12844707,0.04011936,0.44791719,0.10114301,0.01732339,0.35361841,-0.03573876,-0.12079497,-0.09714426,-0.17524604,-0.13128583,-0.04356231,-0.06987581,-0.17777002,0.06924945,-0.16556978,-0.27912131,0.16441663,-0.15732105,2042000.02277661,0.06146292,0.08224421,0.06000404,-0.15120547,0.12882292,0.04080354,0.44640866,0.09920283,0.01522069,0.35667071,-0.0394216,-0.11297911,-0.09236021,-0.16933762,-0.13116969,-0.04234814,-0.08285684,-0.17442082,0.07277418,-0.16503066,-0.27910531,0.16424569,-0.15423983,2043000.02562251,0.06507233,0.0842228,0.06064706,-0.15358929,0.12478716,0.0375886,0.44642079,0.09938636,0.01277085,0.35362142,-0.04452293,-0.11313988,-0.09836458,-0.17577234,-0.13327573,-0.04521015,-0.07953812,-0.17756507,0.08018357,-0.16607741,-0.27842516,0.16199662,-0.15654626,2044000.02343453,0.0646254,0.08141719,0.06203162,-0.15431869,0.12796701,0.04067846,0.44392741,0.09769375,0.00956407,0.3488099,-0.04456006,-0.12601054,-0.10581097,-0.17684504,-0.13263775,-0.04760372,-0.07645205,-0.18072914,0.07760421,-0.17192796,-0.27773646,0.16867906,-0.15814947,2045000.024954,0.07194237,0.08607743,0.06603867,-0.15871084,0.12464163,0.03519862,0.44387496,0.0985644,0.00786605,0.35513189,-0.04584274,-0.12409057,-0.11084411,-0.17440522,-0.1341307,-0.0484408,-0.076202,-0.17815079,0.07496726,-0.16837716,-0.27792698,0.17227395,-0.14949453,2046000.02473082,0.06915806,0.08530612,0.06529235,-0.15558681,0.12403822,0.03881322,0.44326326,0.09712292,0.00838184,0.34846133,-0.04505014,-0.11979741,-0.1095431,-0.17585669,-0.1328028,-0.04547402,-0.07391412,-0.18055469,0.07823661,-0.16498473,-0.2795243,0.16965169,-0.14143674,2047000.02254433,0.0619669,0.08321286,0.05693849,-0.14034644,0.12792571,0.04027243,0.44586191,0.10217928,0.01989985,0.3512924,-0.03937946,-0.1217213,-0.09904826,-0.17722814,-0.13155049,-0.05131333,-0.07008076,-0.1793649,0.07758459,-0.1657234,-0.27721551,0.16362196,-0.15392186,2048000.02398615,0.06428354,0.07893267,0.05459663,-0.14402904,0.12501618,0.04668265,0.44606566,0.10068039,0.02026467,0.35584515,-0.04252058,-0.12484445,-0.0970007,-0.1741402,-0.13254361,-0.05351987,-0.07595032,-0.18223241,0.0730942,-0.16909458,-0.27828628,0.16585217,-0.15952064,2049000.01935265,0.06706167,0.08347513,0.05689909,-0.14997201,0.1241716,0.040785,0.44655228,0.10192518,0.0151714,0.34361729,-0.05036039,-0.11957861,-0.10101815,-0.1704064,-0.13462467,-0.05694146,-0.08078781,-0.17973827,0.07489856,-0.16217969,-0.28070405,0.16460097,-0.15842947,2050000.01954505,0.06131743,0.08523834,0.05795673,-0.15516463,0.12403548,0.04106054,0.44427979,0.09998321,0.01342406,0.34113672,-0.05625457,-0.11806741,-0.10279164,-0.17391588,-0.13749722,-0.0530321,-0.07814161,-0.18401071,0.07695127,-0.17241232,-0.28267074,0.16534124,-0.15847228,2051000.02184743,0.0637719,0.08179283,0.06033072,-0.15790637,0.1259824,0.0401873,0.44366199,0.0982965,0.01054702,0.34442273,-0.05250405,-0.12955739,-0.1133703,-0.17167969,-0.1371083,-0.05732292,-0.07946816,-0.18393798,0.07315882,-0.17116548,-0.28122276,0.16369534,-0.16345297,2052000.02155729,0.06481244,0.08377781,0.06094401,-0.16344212,0.12490778,0.03865615,0.44653285,0.09826992,0.00754575,0.33759543,-0.0560433,-0.12661371,-0.1131171,-0.17624071,-0.13705488,-0.059726,-0.09839725,-0.18907511,0.07034222,-0.17271771,-0.28035247,0.17117245,-0.16007006,2053000.02363763,0.06467322,0.0858174,0.06248677,-0.16766118,0.12536927,0.03313856,0.44566113,0.09942731,0.00510109,0.33875492,-0.05367835,-0.13326147,-0.11558145,-0.17753018,-0.1398592,-0.05928588,-0.0903632,-0.18598031,0.07272434,-0.17732647,-0.28150216,0.16420861,-0.15593122,2054000.02703648,0.06745616,0.08207522,0.06464243,-0.16452996,0.12337051,0.03532515,0.44619456,0.09763048,0.00402835,0.33714089,-0.05185031,-0.13555562,-0.11252218,-0.17765801,-0.14127347,-0.05994017,-0.10728402,-0.18475112,0.07097176,-0.1754822,-0.28195828,0.16860323,-0.15836734,2055000.02091017,0.06096993,0.0811979,0.05766975,-0.15221246,0.12499679,0.04385748,0.44592422,0.09923693,0.01400696,0.33857834,-0.05325332,-0.13279675,-0.11052368,-0.17558716,-0.14029498,-0.05768201,-0.09698793,-0.1816033,0.06925131,-0.17568038,-0.28130975,0.16682833,-0.1552265,2056000.0198659,0.05825712,0.08176629,0.05502167,-0.14877258,0.12273329,0.04195663,0.4460904,0.10165185,0.01803633,0.34082499,-0.0502989,-0.12296437,-0.11006441,-0.17548998,-0.13908669,-0.05359528,-0.08173706,-0.18013088,0.06802216,-0.18099813,-0.27986696,0.16509417,-0.1586519,2057000.02115011,0.06096991,0.08374485,0.05529774,-0.15906905,0.12101401,0.03735856,0.44479355,0.10187497,0.01287076,0.33838764,-0.05551019,-0.13560276,-0.11010056,-0.17475741,-0.13936329,-0.06266131,-0.0830174,-0.17940803,0.0773626,-0.1810329,-0.28188813,0.15951949,-0.16758411,2058000.02119879,0.0616164,0.08032626,0.0565826,-0.1580949,0.12259702,0.03572322,0.44258502,0.10090373,0.0126086,0.3394638,-0.06052178,-0.13516031,-0.12077752,-0.1738417,-0.1388108,-0.06198928,-0.08385708,-0.18386319,0.06724235,-0.17150505,-0.28345302,0.16054329,-0.16042449,2059000.02058083,0.06189078,0.07784754,0.05751203,-0.16430965,0.12136532,0.03694144,0.44568199,0.09842361,0.01092502,0.33381173,-0.06054624,-0.14455885,-0.12135142,-0.17705163,-0.14043365,-0.06278747,-0.09425054,-0.18074608,0.06672435,-0.18037224,-0.2834557,0.16577186,-0.1595391,2060000.01953631,0.06525778,0.0793099,0.05825341,-0.16769589,0.12389508,0.03404757,0.44361541,0.09867991,0.00884538,0.3330344,-0.06239103,-0.13949651,-0.11807539,-0.17820063,-0.14227384,-0.06325957,-0.09222651,-0.18235137,0.06820517,-0.17938149,-0.28304294,0.17141287,-0.16581184,2061000.02056995,0.06532952,0.08474249,0.06117056,-0.16928753,0.12523311,0.03480601,0.44431886,0.09938119,0.00598652,0.33109558,-0.06596472,-0.13273479,-0.1162409,-0.18053417,-0.14366098,-0.06172795,-0.09520333,-0.18539687,0.06787593,-0.17413956,-0.28214982,0.16427585,-0.16819341,2062000.02436377,0.06727373,0.08212851,0.06326547,-0.17025718,0.1230983,0.03442421,0.44182879,0.09645554,0.00394072,0.34108093,-0.06741473,-0.13873535,-0.11776215,-0.18443722,-0.14300519,-0.06927805,-0.09540889,-0.1838771,0.06358447,-0.17772341,-0.28160483,0.16020353,-0.16252144,2063000.02221566,0.0596494,0.08177874,0.05687903,-0.15876096,0.12287255,0.03988513,0.44248891,0.10119449,0.01358013,0.33643666,-0.05970905,-0.14081605,-0.11643256,-0.18253474,-0.14185286,-0.06268295,-0.08720425,-0.18092088,0.06438185,-0.17445192,-0.27983654,0.1595643,-0.15814847,2064000.01967319,0.06360212,0.08061337,0.05571346,-0.15981677,0.11924811,0.043157,0.4400821,0.10209836,0.01821413,0.34143844,-0.05294051,-0.13782644,-0.10557342,-0.17889,-0.13844223,-0.06797625,-0.10313872,-0.18386634,0.0666317,-0.17762718,-0.27829617,0.15969606,-0.16469461,2065000.01960485,0.06315749,0.08085176,0.05760089,-0.15920272,0.12151027,0.03779919,0.44634333,0.10019545,0.01447699,0.33777541,-0.05612274,-0.14179431,-0.10970622,-0.17719048,-0.13902572,-0.06778403,-0.09155303,-0.17861289,0.06732957,-0.17172346,-0.28040916,0.16346355,-0.1637293,2066000.02095865,0.05971062,0.07796991,0.05598027,-0.1607549,0.11992725,0.03558167,0.44460005,0.10173238,0.01381225,0.33385274,-0.05781724,-0.14355738,-0.11309601,-0.17729792,-0.13977802,-0.07101062,-0.09493771,-0.17994985,0.06322518,-0.17873463,-0.28043106,0.15275659,-0.16694862,2067000.02142208,0.0635226,0.08162659,0.05538765,-0.16285716,0.12052888,0.0393197,0.44349587,0.10206411,0.01340957,0.33116359,-0.05766964,-0.14313714,-0.11143199,-0.18261954,-0.13929185,-0.06889187,-0.10835911,-0.17988154,0.06403371,-0.17861454,-0.27977434,0.15707044,-0.17041767,2068000.0212365,0.06327975,0.08253415,0.0621023,-0.16750041,0.12566034,0.03351127,0.43916705,0.09955085,0.00868061,0.32761106,-0.05982827,-0.14194617,-0.11351725,-0.18499061,-0.14293875,-0.06785499,-0.0921955,-0.17846712,0.0615505,-0.1741109,-0.27945799,0.16057095,-0.17390878,2069000.02146008,0.06450068,0.08242442,0.06369444,-0.16803907,0.12527628,0.03809953,0.44177371,0.09888572,0.0057031,0.33017933,-0.06697997,-0.14929329,-0.11405329,-0.18401496,-0.1442876,-0.07564105,-0.09980242,-0.18324026,0.06437135,-0.17459293,-0.27877384,0.16275413,-0.16023126,2070000.0242282,0.06469189,0.08560012,0.06434513,-0.16535853,0.12262781,0.03367278,0.43993515,0.09835946,0.00376034,0.33629674,-0.06675433,-0.13702422,-0.11395743,-0.18629235,-0.14323199,-0.06870074,-0.10632252,-0.18087272,0.06734484,-0.1827258,-0.27729899,0.16122414,-0.16414292,2071000.02200292,0.06773979,0.08227373,0.06122416,-0.16424334,0.12210882,0.03979673,0.44186485,0.09918302,0.00731953,0.33305225,-0.06252436,-0.14077833,-0.11855556,-0.18110313,-0.14384729,-0.06825418,-0.10458763,-0.1820851,0.06767789,-0.18035731,-0.27679855,0.16074851,-0.16127314,2072000.01892063,0.06040934,0.07699318,0.05275383,-0.14949715,0.12514347,0.04440659,0.44559604,0.1053258,0.02050019,0.33465543,-0.0566077,-0.12938389,-0.11199559,-0.1782458,-0.13977613,-0.06869953,-0.0877206,-0.18194318,0.06560149,-0.1791887,-0.27289659,0.16298218,-0.15117709,2073000.01575107,0.06067954,0.08229462,0.05554579,-0.15236743,0.12200329,0.04304846,0.44358379,0.10569715,0.01966205,0.33740872,-0.05260158,-0.13369812,-0.11023511,-0.1790636,-0.1383373,-0.06923471,-0.10545714,-0.1798884,0.0630269,-0.17913477,-0.27368233,0.16103715,-0.16263944,2074000.01762276,0.06494399,0.08181939,0.05388664,-0.15656221,0.12504417,0.03942094,0.4412913,0.10484418,0.01531971,0.34509277,-0.05281561,-0.14743491,-0.10958336,-0.18456393,-0.13931011,-0.06758366,-0.09604707,-0.17558141,0.06778976,-0.17287713,-0.27446359,0.15870245,-0.16538221,2075000.01797805,0.06426288,0.07878876,0.05517988,-0.16010061,0.1247533,0.0461271,0.44364631,0.10283425,0.01420894,0.33823603,-0.05636049,-0.1426224,-0.10884485,-0.18046181,-0.14015529,-0.06922417,-0.09016875,-0.17729616,0.06809981,-0.17622834,-0.27431795,0.16668148,-0.15892802,2076000.02087988,0.06557815,0.07933625,0.0571266,-0.16037078,0.12381141,0.03862163,0.4453612,0.10073233,0.01321616,0.32559559,-0.06298491,-0.13958478,-0.11231405,-0.18281725,-0.13974033,-0.06893866,-0.10866281,-0.17664734,0.06436344,-0.1807981,-0.27207169,0.16620457,-0.15499687,2077000.02178964,0.07004412,0.08311913,0.06051695,-0.16602884,0.12739183,0.04500901,0.44583178,0.1026369,0.00965262,0.32647669,-0.065571,-0.14534405,-0.11395305,-0.1841982,-0.13978349,-0.06786974,-0.10478467,-0.17786045,0.06648824,-0.17784861,-0.2715151,0.15965956,-0.15839078,2078000.02249592,0.07328364,0.08180252,0.06281047,-0.16542782,0.12406638,0.03707494,0.44354293,0.10055262,0.00548394,0.33269051,-0.06489599,-0.14948076,-0.10723084,-0.18769452,-0.14117876,-0.07198884,-0.10813873,-0.17699394,0.06800129,-0.16881283,-0.27139467,0.17087048,-0.15589358,2079000.0222542,0.07172022,0.08364955,0.06275731,-0.16746017,0.1227422,0.03589823,0.44317558,0.10010158,0.00620113,0.32162958,-0.07126363,-0.14373975,-0.11326607,-0.18967457,-0.14163622,-0.07105885,-0.09623825,-0.17639661,0.06679821,-0.16865748,-0.26948905,0.16737601,-0.15526497,2080000.02152917,0.0656074,0.08120374,0.05943296,-0.15784545,0.12570527,0.04080123,0.44434789,0.10146193,0.01096897,0.33232063,-0.06578825,-0.14285548,-0.1096836,-0.18832493,-0.13858205,-0.06856091,-0.1059829,-0.17652768,0.06597159,-0.16379152,-0.26611757,0.16559705,-0.15678233,2081000.01835952,0.06479736,0.07916268,0.05499326,-0.14661098,0.1251325,0.04912132,0.44646943,0.10372131,0.02112459,0.33822173,-0.0579865,-0.14275743,-0.1046821,-0.18996416,-0.13482833,-0.06857959,-0.10646302,-0.17367297,0.06590453,-0.16940396,-0.26528934,0.15613085,-0.16524561,2082000.01785512,0.06722211,0.07896292,0.05504267,-0.15276001,0.12498233,0.04473485,0.44396567,0.10328994,0.0175908,0.33832332,-0.05826612,-0.13707714,-0.10283177,-0.18440971,-0.13486648,-0.06502847,-0.09500816,-0.17264976,0.06420805,-0.16952117,-0.26634198,0.16505677,-0.15793107,2083000.01987488,0.06469708,0.08149381,0.05608929,-0.1563067,0.12099181,0.04461023,0.4448345,0.10372555,0.01358865,0.32605329,-0.06555615,-0.14087482,-0.10899338,-0.18343627,-0.13647066,-0.06922723,-0.09231696,-0.17270245,0.07379333,-0.17029436,-0.26631108,0.16047373,-0.15656622,2084000.01978849,0.06644421,0.08254375,0.05705731,-0.16136768,0.11908294,0.04132366,0.44485477,0.10334843,0.01268474,0.33944592,-0.06453808,-0.14447735,-0.10902462,-0.18644512,-0.13639632,-0.07161399,-0.09335611,-0.1738784,0.0625753,-0.17383476,-0.26544154,0.16184647,-0.15820952,2085000.02120017,0.06848694,0.08227092,0.06042718,-0.16080111,0.12763074,0.04197834,0.44355279,0.10033961,0.01104222,0.33545318,-0.07374886,-0.13478558,-0.10917915,-0.18305965,-0.13745151,-0.07420033,-0.1029283,-0.17797388,0.06661505,-0.16746911,-0.26629373,0.16122414,-0.15611228,2086000.02343453,0.07409872,0.08582675,0.06309609,-0.16391554,0.1252114,0.04223263,0.44749197,0.09952701,0.00818487,0.3266921,-0.07519783,-0.14765294,-0.11019588,-0.18837978,-0.13764267,-0.06611617,-0.10652781,-0.17691495,0.0709578,-0.17331615,-0.26507786,0.16404061,-0.14930196,2087000.02177082,0.07073937,0.08439609,0.06401258,-0.16401049,0.12138753,0.03536193,0.44455761,0.10186145,0.0044853,0.32751429,-0.0760195,-0.15539052,-0.10855989,-0.19032022,-0.13642853,-0.06994745,-0.10219525,-0.17760232,0.06609143,-0.17406993,-0.26537931,0.16391397,-0.14976685,2088000.02724753,0.07081798,0.08461984,0.06121953,-0.16454992,0.12294016,0.0368751,0.4446575,0.09986519,0.00118568,0.33299822,-0.07776225,-0.14572467,-0.11047232,-0.18809399,-0.13703179,-0.07041932,-0.10812509,-0.1780964,0.06346854,-0.1717256,-0.262748,0.16439348,-0.16122445,2089000.0253097,0.07137448,0.08374299,0.05941005,-0.15381885,0.12325854,0.04241882,0.4423795,0.10101289,0.00854864,0.32857147,-0.06777126,-0.14998728,-0.1037128,-0.18924047,-0.13452905,-0.07308826,-0.10563396,-0.17178576,0.06754712,-0.17502816,-0.26161572,0.1609271,-0.15660261,2090000.02315261,0.0683516,0.08233723,0.05729073,-0.14914155,0.12405956,0.04700532,0.44323888,0.10160349,0.01920097,0.33803335,-0.0640211,-0.14288035,-0.10826515,-0.18769486,-0.13302201,-0.06596926,-0.10530962,-0.17380863,0.06453759,-0.16985741,-0.26030487,0.16146554,-0.15649638,2091000.02632761,0.07191717,0.08412258,0.05733143,-0.15824272,0.12585852,0.04275862,0.44520861,0.10102978,0.01675086,0.33315572,-0.0692782,-0.13996729,-0.10947289,-0.18997711,-0.1351154,-0.06853288,-0.1005306,-0.17020403,0.06335147,-0.17476894,-0.26093829,0.16899602,-0.15523864,2092000.02248619,0.06915422,0.08481256,0.05747825,-0.15973213,0.12525474,0.04320091,0.44702893,0.10001092,0.01308964,0.33097202,-0.07088586,-0.15067174,-0.10921434,-0.18735181,-0.13422327,-0.07290745,-0.10813744,-0.17123336,0.06307987,-0.17463045,-0.26325282,0.15736258,-0.16081913,2093000.0213842,0.06910127,0.08316135,0.05640222,-0.16031738,0.12454599,0.03919511,0.44458482,0.10094622,0.01110946,0.33638754,-0.07303327,-0.14986175,-0.10555848,-0.1861375,-0.13539816,-0.06669614,-0.09297392,-0.17182526,0.06609143,-0.1737345,-0.26323479,0.16003411,-0.16223902,2094000.02541626,0.07011735,0.08154031,0.05997285,-0.16035029,0.12852034,0.043139,0.44471464,0.09890097,0.0093047,0.33078352,-0.07677764,-0.13846657,-0.10208356,-0.18904637,-0.13642001,-0.06618263,-0.09509142,-0.17086196,0.06550668,-0.1831574,-0.26396346,0.16683674,-0.15319782,2095000.0264129,0.07234769,0.08393559,0.06592143,-0.16797043,0.12387132,0.03501844,0.44799349,0.09792855,0.00637595,0.33290535,-0.07788113,-0.15096501,-0.10616583,-0.19031492,-0.13547115,-0.06831703,-0.10596354,-0.17575532,0.06382351,-0.17912194,-0.26315293,0.16995591,-0.15407015,2096000.02902929,0.07339051,0.08088677,0.06636305,-0.16646187,0.12661064,0.03766236,0.44385773,0.09959365,0.00330449,0.33226782,-0.07948553,-0.14864796,-0.11090805,-0.19288036,-0.13659415,-0.06912059,-0.11712351,-0.17552184,0.06150041,-0.17136055,-0.2620441,0.16764712,-0.15343028,2097000.02650866,0.0760643,0.08341925,0.06425747,-0.1619602,0.12658082,0.04013146,0.44148728,0.09911481,0.00524498,0.32343432,-0.07634541,-0.14801507,-0.10725362,-0.18995576,-0.13578807,-0.06457459,-0.10227102,-0.16926844,0.06452581,-0.16301231,-0.26335067,0.16509959,-0.14785965,2098000.02227223,0.06751525,0.0789953,0.0579539,-0.14934623,0.12308203,0.04601115,0.44464123,0.09889359,0.0185951,0.33735785,-0.06861221,-0.14823245,-0.10712828,-0.19054824,-0.13338827,-0.06139605,-0.09980293,-0.17081222,0.06492839,-0.16557764,-0.2614021,0.16018918,-0.15736046,2099000.02465173,0.07150266,0.07676174,0.05919238,-0.15361738,0.12721647,0.04422829,0.44360599,0.10119347,0.01887603,0.33965275,-0.06599049,-0.1443392,-0.10362775,-0.18853438,-0.1353173,-0.05863121,-0.10767046,-0.17462207,0.06550983,-0.17967427,-0.2618295,0.1561304,-0.16432451,2100000.02497132,0.07247257,0.08055363,0.0629942,-0.1592057,0.13072065,0.04850704,0.44281366,0.10008667,0.01269512,0.33635154,-0.07164358,-0.14516197,-0.10529751,-0.19064644,-0.13475485,-0.06701079,-0.09794059,-0.17346543,0.06646899,-0.16572942,-0.26384532,0.15918019,-0.1547135,2101000.02547483,0.07144153,0.08080404,0.06451457,-0.15685572,0.13217199,0.04026783,0.44583592,0.09828036,0.01295448,0.33286214,-0.0727313,-0.13886741,-0.10072903,-0.19369836,-0.13438824,-0.06248836,-0.09284084,-0.17202374,0.06355462,-0.17689046,-0.26451156,0.1576722,-0.15730698,2102000.02702341,0.07326782,0.07943118,0.06442311,-0.15965487,0.13013704,0.04468253,0.44915354,0.09857912,0.01163477,0.33741835,-0.07562715,-0.14993802,-0.10337783,-0.19267407,-0.13542581,-0.06245642,-0.11461425,-0.17342928,0.06365144,-0.17157067,-0.26586223,0.16292983,-0.15769809,2103000.02704192,0.07450918,0.08308741,0.06524004,-0.16176344,0.127644,0.0406892,0.44513607,0.09761434,0.00738408,0.32643467,-0.07960428,-0.1565423,-0.10818224,-0.19471528,-0.13596158,-0.06578014,-0.10791063,-0.17246194,0.06779191,-0.17171924,-0.26749837,0.1670839,-0.15647031,2104000.02730312,0.07285883,0.08231777,0.06793562,-0.16239992,0.13107793,0.04000707,0.44512615,0.09526884,0.00521486,0.32598895,-0.07494406,-0.14886141,-0.10029484,-0.19471487,-0.13527821,-0.06842954,-0.10821278,-0.17410274,0.07028615,-0.17456697,-0.26884213,0.16989635,-0.15389928,2105000.02968386,0.07583109,0.08339306,0.06781515,-0.16281606,0.132287,0.03973733,0.44236073,0.09825073,0.00476059,0.32973966,-0.07337317,-0.1408473,-0.10335917,-0.19495323,-0.13544224,-0.06211225,-0.09749158,-0.1725274,0.06627477,-0.17469004,-0.26805279,0.17563233,-0.15142485,2106000.02563371,0.06853328,0.08117066,0.06069813,-0.14671257,0.13035311,0.04584215,0.44511834,0.10199673,0.01834347,0.34035704,-0.06988654,-0.13365361,-0.09957008,-0.19040658,-0.13339888,-0.0612394,-0.0913076,-0.17248733,0.06882094,-0.17445517,-0.26672903,0.16364174,-0.15490866,2107000.02556008,0.06808336,0.07987544,0.06213984,-0.14783999,0.13189027,0.04635714,0.44878969,0.10306651,0.02212022,0.3453263,-0.06412935,-0.14743336,-0.10042137,-0.18877812,-0.13344175,-0.05887536,-0.09750251,-0.17541918,0.06913393,-0.17140442,-0.26779857,0.1615591,-0.15590201,2108000.02683151,0.07075176,0.08195829,0.06392064,-0.15083788,0.13605864,0.04004123,0.44854403,0.09971063,0.01714723,0.34264967,-0.07368597,-0.15116619,-0.10131808,-0.19220994,-0.13361697,-0.05999522,-0.09195568,-0.17479616,0.06221013,-0.17274663,-0.26923573,0.16360287,-0.15874171,2109000.02630882,0.07218207,0.07912942,0.06233993,-0.15498835,0.13472012,0.04071838,0.44769359,0.09888817,0.01496765,0.3344619,-0.07856233,-0.14107615,-0.10947096,-0.1902114,-0.13483891,-0.0582508,-0.0930422,-0.17665331,0.06011683,-0.17415048,-0.27306205,0.15961793,-0.15214403,2110000.02653026,0.07483396,0.08116367,0.06683502,-0.15529953,0.13068908,0.04319327,0.44448844,0.10046697,0.01497621,0.34196934,-0.07625034,-0.14484377,-0.10343614,-0.18981884,-0.13446502,-0.05523943,-0.10096205,-0.17642175,0.06607983,-0.17723125,-0.27351961,0.16657081,-0.15476769,2111000.02715946,0.07616231,0.08262133,0.06923471,-0.16223003,0.12965786,0.04179281,0.4496083,0.09749183,0.01143124,0.33279505,-0.07740764,-0.13959357,-0.10780472,-0.19253521,-0.13539602,-0.05715127,-0.10727143,-0.18009312,0.06841825,-0.17374837,-0.27352479,0.17084572,-0.15017201,2112000.03204193,0.07699279,0.08498686,0.06943963,-0.16259058,0.13411914,0.03873098,0.44619757,0.09815121,0.00771785,0.3264201,-0.07741521,-0.14047617,-0.10919066,-0.19638322,-0.1350873,-0.06005043,-0.10980864,-0.17593284,0.06565871,-0.17804605,-0.2738516,0.17228428,-0.15104343,2113000.03258275,0.08272891,0.08762755,0.07282785,-0.16285172,0.13333376,0.0423075,0.44615072,0.09583993,0.00524709,0.33442792,-0.07884767,-0.1427038,-0.10173447,-0.19555154,-0.13465042,-0.05667922,-0.09528228,-0.17311332,0.07065718,-0.17453751,-0.2741957,0.1711373,-0.15659265,2114000.02724003,0.07356183,0.0839436,0.06718995,-0.15127817,0.133422,0.03988391,0.44774568,0.09754686,0.01485755,0.33760035,-0.07519841,-0.14652212,-0.09990509,-0.19075604,-0.13440003,-0.05580039,-0.09248848,-0.17862445,0.06572724,-0.172929,-0.274113,0.1670014,-0.15841307,2115000.02460116,0.07179231,0.07789846,0.06282974,-0.14472485,0.13097069,0.05140417,0.44683456,0.10109437,0.02412295,0.33766696,-0.06562975,-0.13277368,-0.09946421,-0.18747815,-0.13240117,-0.05082573,-0.09947772,-0.17721783,0.07378686,-0.16217797,-0.27390331,0.16778925,-0.15570936,2116000.02387882,0.07418504,0.07992524,0.06460596,-0.14753814,0.13446185,0.04512199,0.45086023,0.09943476,0.01950962,0.34258574,-0.06984746,-0.14502975,-0.1038537,-0.18709999,-0.13251784,-0.050392,-0.09856455,-0.17840722,0.0669397,-0.17579314,-0.27675983,0.16545002,-0.15961403,2117000.02869055,0.07140628,0.08297617,0.06447895,-0.15180759,0.13360426,0.04288412,0.44864917,0.09862719,0.01513247,0.33687443,-0.0743779,-0.14652339,-0.10790238,-0.18780406,-0.13493396,-0.05667023,-0.09066131,-0.17503418,0.06813572,-0.17511757,-0.27795151,0.167814,-0.16093619,2118000.02971798,0.0734394,0.08484585,0.06563702,-0.15383452,0.13325903,0.04189285,0.45288593,0.0993788,0.01480647,0.33502764,-0.07461616,-0.14619334,-0.10256074,-0.18984737,-0.13488747,-0.05588054,-0.08884117,-0.17592669,0.07350183,-0.1668375,-0.28045687,0.16876757,-0.15846403,2119000.02779962,0.07528863,0.08341673,0.06921071,-0.15844963,0.13050359,0.04070181,0.45211455,0.0977935,0.0127382,0.33425283,-0.07903932,-0.15535635,-0.09753302,-0.18930481,-0.1348756,-0.05323327,-0.09874387,-0.17505345,0.06916276,-0.16871828,-0.2813254,0.16795047,-0.1568173,2120000.03094136,0.07880707,0.08198703,0.0710795,-0.16104792,0.13146444,0.04128117,0.44895342,0.09619538,0.00938174,0.33597264,-0.0814369,-0.14051105,-0.10910478,-0.18830138,-0.13488978,-0.0539239,-0.08365111,-0.17528974,0.07182587,-0.16629472,-0.2817989,0.17581615,-0.15233982,2121000.03232697,0.08316617,0.0866086,0.07225717,-0.16349463,0.13036767,0.03962087,0.44811761,0.09944391,0.00670105,0.34452087,-0.08405041,-0.14460109,-0.10412833,-0.18857862,-0.13580006,-0.05594715,-0.08769942,-0.1770152,0.07512874,-0.17256369,-0.28205284,0.17042245,-0.15351762,2122000.0311028,0.0841407,0.08713224,0.07249738,-0.16232666,0.13094227,0.03918411,0.44978237,0.09782732,0.00495814,0.33770624,-0.07920468,-0.14158249,-0.1058801,-0.19071874,-0.13525744,-0.05297494,-0.09348812,-0.17912883,0.0741275,-0.17216592,-0.27936774,0.17053261,-0.15523189,2123000.02646825,0.07624089,0.08523393,0.06823297,-0.14798008,0.13433073,0.04920255,0.44805396,0.10199047,0.01594064,0.33236507,-0.07729627,-0.14908752,-0.10219093,-0.19259857,-0.13372514,-0.05669134,-0.09007113,-0.17754614,0.07202091,-0.17677473,-0.27913362,0.17365979,-0.16085421,2124000.02814572,0.07476348,0.08072333,0.06718936,-0.14407471,0.1349425,0.05058673,0.45298544,0.10349222,0.021571,0.33870265,-0.07756539,-0.14349665,-0.09952202,-0.18553516,-0.13455562,-0.04989018,-0.08724918,-0.17847255,0.07139494,-0.17426001,-0.27912092,0.1717713,-0.15871349,2125000.03113241,0.07679787,0.08490013,0.06756095,-0.1513848,0.12877023,0.04430133,0.45312402,0.09965982,0.01626327,0.34691185,-0.07228103,-0.14102948,-0.10531815,-0.1815979,-0.13459803,-0.05197297,-0.08591025,-0.17722839,0.06846486,-0.17337036,-0.28292438,0.17465024,-0.16054972,2126000.03170313,0.07467884,0.08600052,0.06662039,-0.14946158,0.12745586,0.04235676,0.45462394,0.10024761,0.01521727,0.33698553,-0.0780817,-0.13569646,-0.09918898,-0.18687366,-0.13354467,-0.04975992,-0.09038353,-0.17757578,0.06377699,-0.17659773,-0.28358772,0.17441417,-0.16071904,2127000.03245195,0.07823563,0.08509137,0.069929,-0.15359683,0.12544048,0.04166801,0.45393667,0.09847149,0.01403647,0.33608949,-0.07869665,-0.14512877,-0.10271332,-0.18310861,-0.13552612,-0.04661684,-0.08738955,-0.17779896,0.07080164,-0.17308903,-0.28464821,0.16965945,-0.15688756,2128000.03273147,0.08079462,0.08806637,0.06773609,-0.15960549,0.12671016,0.03872927,0.45262504,0.09809121,0.01096982,0.33733949,-0.0810084,-0.14570895,-0.10377502,-0.18584692,-0.13463105,-0.05068064,-0.09048164,-0.17577866,0.0792943,-0.16871017,-0.28540459,0.1739108,-0.15468647,2129000.03126894,0.08068565,0.0872406,0.07184958,-0.16354446,0.13154812,0.04252343,0.45498335,0.09627727,0.00844698,0.33824292,-0.07846129,-0.13888696,-0.10182643,-0.18207382,-0.13530333,-0.05242972,-0.09536842,-0.17729101,0.07335453,-0.16877292,-0.28501788,0.17240888,-0.15193726,2130000.03255896,0.08119234,0.0910703,0.07194503,-0.15937664,0.1306603,0.04192994,0.45281342,0.09710887,0.0076862,0.33586806,-0.08263035,-0.13875186,-0.09684303,-0.18244292,-0.13584277,-0.05113753,-0.09991962,-0.17638248,0.06968667,-0.17245367,-0.28468904,0.17380932,-0.15741806,2131000.02980869,0.07368814,0.08652657,0.0672723,-0.14802116,0.13490652,0.04697865,0.45115808,0.1010666,0.01766846,0.34154201,-0.0779162,-0.14000762,-0.09865755,-0.18179779,-0.13345414,-0.04911174,-0.09331412,-0.17396471,0.07315032,-0.17013107,-0.2832447,0.17411549,-0.15754327,2132000.0311981,0.07461654,0.08121566,0.06652376,-0.14900404,0.13575689,0.05144401,0.44889501,0.10206292,0.02116997,0.34596679,-0.07183021,-0.14413995,-0.09760989,-0.18229468,-0.13191068,-0.04406876,-0.09352532,-0.17857078,0.07686863,-0.16233951,-0.28316152,0.16973299,-0.15740398,2133000.03028172,0.07680628,0.08467741,0.06965753,-0.15303117,0.13302255,0.04105411,0.45049047,0.10138016,0.01694997,0.33937922,-0.0775165,-0.1471574,-0.0948704,-0.18257001,-0.13428529,-0.05057077,-0.08376446,-0.17903319,0.07279292,-0.16410559,-0.28582713,0.16982549,-0.15763895,2134000.03210639,0.07789139,0.08231243,0.06758648,-0.15023805,0.12388141,0.04749423,0.4519451,0.10078637,0.01477797,0.34335855,-0.07911662,-0.1503913,-0.09491915,-0.1828716,-0.13451511,-0.04897257,-0.08754073,-0.1787193,0.0765234,-0.16951892,-0.28666142,0.16854697,-0.15536846,2135000.03150552,0.07711462,0.08666146,0.07019194,-0.15442908,0.12860118,0.04406733,0.45254683,0.09787866,0.01412736,0.34083223,-0.08131333,-0.15190956,-0.0996831,-0.178662,-0.13302398,-0.04514704,-0.08863951,-0.17812693,0.07413057,-0.16305357,-0.28513387,0.17567152,-0.16110341,2136000.03296903,0.08025965,0.08569658,0.07145288,-0.15839423,0.13051382,0.03798475,0.45041439,0.09813346,0.01175356,0.33684224,-0.0776393,-0.1328591,-0.09923986,-0.17802209,-0.13271016,-0.04613215,-0.08735751,-0.18093102,0.07424279,-0.16901076,-0.28530073,0.17136398,-0.15604974,2137000.03376611,0.07676867,0.08905802,0.07344684,-0.15942156,0.13272966,0.03751227,0.45124993,0.09655984,0.00921009,0.33561775,-0.08054834,-0.13503651,-0.09603895,-0.18414803,-0.13283899,-0.05036016,-0.08463767,-0.17866126,0.07501413,-0.1741479,-0.28501481,0.16952927,-0.15838099,2138000.03219032,0.08014017,0.08561737,0.07315133,-0.15745938,0.13165264,0.03732399,0.45177129,0.09601993,0.00933898,0.34015596,-0.08302684,-0.14392176,-0.09370067,-0.18444633,-0.13213348,-0.04972464,-0.09473098,-0.1786294,0.07927493,-0.16414651,-0.28593546,0.17182671,-0.16183819,2139000.03223201,0.07595348,0.08344382,0.06546166,-0.14349242,0.13107657,0.04447628,0.45114857,0.10071281,0.02327806,0.33924532,-0.07524063,-0.13191144,-0.09434213,-0.18455006,-0.13099408,-0.04502295,-0.08371912,-0.17446052,0.07650683,-0.16491693,-0.28541711,0.17115314,-0.16088268,2140000.02821565,0.0720106,0.08503233,0.06519509,-0.14418307,0.13237399,0.04903896,0.45168674,0.09983014,0.02387329,0.34251106,-0.07602128,-0.12779494,-0.09764972,-0.17817314,-0.13111404,-0.04653482,-0.08431137,-0.17454799,0.07380439,-0.17137513,-0.28525215,0.16978507,-0.1527437,2141000.02876031,0.07687458,0.08886153,0.06734429,-0.14980569,0.1344552,0.04458652,0.45266962,0.09818725,0.01972459,0.34523827,-0.0779373,-0.13883562,-0.09694713,-0.18001099,-0.13228579,-0.04537481,-0.0871973,-0.17897259,0.08421775,-0.16861683,-0.28721508,0.17684804,-0.15868616,2142000.02753018,0.07620245,0.08651899,0.06697994,-0.15520217,0.1331376,0.04524015,0.45230961,0.09480944,0.01816618,0.33858868,-0.08248443,-0.13166861,-0.09725807,-0.17912911,-0.13284038,-0.04422509,-0.0982865,-0.17554539,0.07978376,-0.1718408,-0.28845176,0.17360729,-0.16181847,2143000.02970291,0.07753886,0.08450805,0.06748404,-0.15598319,0.12960325,0.04173676,0.45140302,0.09677359,0.01654055,0.33832216,-0.08343142,-0.14603925,-0.09703671,-0.17938246,-0.13108823,-0.049848,-0.08439436,-0.17759648,0.07697821,-0.17321977,-0.28896528,0.1736891,-0.16292472,2144000.03267096,0.07953285,0.08847669,0.06946436,-0.15770088,0.12555975,0.04375453,0.44866198,0.09744491,0.01422852,0.33743879,-0.09078101,-0.14380586,-0.09693301,-0.17852001,-0.13174403,-0.04896323,-0.07386712,-0.17666864,0.07403257,-0.17058279,-0.28771034,0.17587793,-0.15284815,2145000.02772476,0.07945994,0.08781619,0.07144526,-0.16147947,0.12918456,0.04147206,0.44980359,0.09787121,0.01063059,0.33324188,-0.08777037,-0.15884133,-0.10212442,-0.18272069,-0.1340162,-0.04482815,-0.09130824,-0.17577095,0.07798899,-0.16363686,-0.28729635,0.17367205,-0.15820475,2146000.03018595,0.08036976,0.08547527,0.0691584,-0.15314984,0.13201872,0.03603731,0.45080349,0.09666832,0.01234998,0.33562151,-0.08596928,-0.14663552,-0.09582365,-0.18162873,-0.13307327,-0.05136985,-0.08229775,-0.17746601,0.07605017,-0.15930301,-0.28879634,0.17222597,-0.16593595,2147000.02534948,0.07154875,0.08225207,0.06381799,-0.14297271,0.12488952,0.04371147,0.45071149,0.09797366,0.02506828,0.3443861,-0.07916193,-0.15988104,-0.08872312,-0.17638436,-0.13123876,-0.04740655,-0.08079819,-0.17607811,0.07837431,-0.16163395,-0.28736666,0.16412151,-0.16915581,2148000.02428632,0.07669442,0.08632253,0.06340834,-0.14847158,0.12769279,0.04517743,0.45160374,0.09733942,0.02383704,0.33521658,-0.08131805,-0.15034521,-0.09461127,-0.17679806,-0.12989394,-0.04568281,-0.08118019,-0.17725715,0.07720659,-0.16395295,-0.28861392,0.16972476,-0.16466647,2149000.02455744,0.07364077,0.08227092,0.06309207,-0.15763454,0.13093105,0.04426802,0.45395488,0.09437335,0.02005595,0.33602116,-0.08679131,-0.14007545,-0.09460777,-0.17648849,-0.13221547,-0.04908641,-0.09098908,-0.17372806,0.07809932,-0.16660844,-0.28974709,0.17351346,-0.16115254,2150000.02642705,0.07613438,0.08502375,0.0652227,-0.15527549,0.13244684,0.03841759,0.45421001,0.09434374,0.01779549,0.33655259,-0.0860273,-0.1502061,-0.09988855,-0.17733657,-0.13175309,-0.04945847,-0.08287581,-0.18064053,0.0751576,-0.17802483,-0.29286355,0.17075796,-0.16422711,2151000.02737696,0.0748622,0.08609838,0.06527168,-0.15865611,0.1312857,0.04206828,0.45451784,0.09398841,0.01580949,0.33960944,-0.08950309,-0.14943634,-0.10240001,-0.17766745,-0.13309684,-0.04936966,-0.09307054,-0.17889878,0.07568925,-0.16955167,-0.29304087,0.16399007,-0.16620675,2152000.02799675,0.07582403,0.08629137,0.06652959,-0.16199964,0.12662192,0.03490764,0.45374972,0.09199382,0.01293407,0.33890334,-0.09439053,-0.14666307,-0.09860256,-0.18109001,-0.13332266,-0.05350514,-0.07477421,-0.1796611,0.07238457,-0.17128502,-0.29159215,0.16852157,-0.16435607,2153000.0305764,0.07703636,0.08838964,0.06947158,-0.16568051,0.12866008,0.03518927,0.45209864,0.0917888,0.00995063,0.33707562,-0.1006024,-0.14645506,-0.09695779,-0.17935282,-0.13239256,-0.05159572,-0.08559249,-0.17828465,0.07659096,-0.16534375,-0.29166424,0.17700948,-0.16493548,2154000.02809306,0.07802884,0.08745323,0.07062554,-0.16364597,0.13020861,0.03399548,0.45154852,0.09160151,0.0101747,0.33526346,-0.09460398,-0.1541298,-0.10733972,-0.18001147,-0.13394867,-0.05654864,-0.07792261,-0.17450026,0.07817085,-0.16390479,-0.29197484,0.17396995,-0.1650905,2155000.02746091,0.0700299,0.08536009,0.06214864,-0.14882486,0.12631691,0.03972232,0.45201164,0.0954467,0.02132091,0.33672965,-0.08974497,-0.157169,-0.10085548,-0.17818013,-0.13062589,-0.05858526,-0.08034232,-0.17725439,0.07903118,-0.16039963,-0.29007435,0.17111595,-0.1692917,2156000.0261746,0.07027286,0.08565382,0.06149924,-0.1506481,0.12510157,0.0422094,0.45227528,0.09528892,0.02335324,0.34655672,-0.09158696,-0.14549123,-0.10285839,-0.1749886,-0.13142842,-0.0522986,-0.07790338,-0.17804374,0.07390514,-0.16712672,-0.29086563,0.16686253,-0.17178226,2157000.02540005,0.07045822,0.08388452,0.06171722,-0.15675768,0.13032044,0.04333781,0.45097438,0.09331238,0.01789609,0.33893976,-0.09194069,-0.15988293,-0.10390618,-0.17155983,-0.13388395,-0.05532065,-0.0749251,-0.18052733,0.07548402,-0.17080502,-0.2943736,0.17041202,-0.17461748,2158000.02624295,0.06503461,0.08573154,0.06207406,-0.16341509,0.12759227,0.03569269,0.45369604,0.09443465,0.01588215,0.33139497,-0.09629174,-0.15824211,-0.10552575,-0.17480426,-0.1331044,-0.05713687,-0.0793855,-0.17628011,0.07598108,-0.17036721,-0.2966744,0.17146854,-0.16458228,2159000.02828768,0.06992369,0.08573154,0.06315412,-0.16308072,0.12611884,0.03641608,0.45188379,0.09322711,0.01554798,0.33025283,-0.09861851,-0.15484947,-0.10512865,-0.17390005,-0.13327026,-0.05852034,-0.08347192,-0.17930037,0.07826577,-0.17354479,-0.29804757,0.17082243,-0.16153701,2160000.02705693,0.07053756,0.08661652,0.06415315,-0.16563925,0.12049028,0.03330009,0.45250377,0.09143579,0.01348965,0.32851931,-0.09916227,-0.14792126,-0.11096628,-0.16961297,-0.13507332,-0.06198493,-0.08770441,-0.17968567,0.07542911,-0.17282972,-0.29773432,0.17066264,-0.16600022,2161000.02723089,0.07096929,0.08937724,0.06607383,-0.16842955,0.12329596,0.03790848,0.45202783,0.09063597,0.00970942,0.33238634,-0.1004689,-0.1609758,-0.10785434,-0.17407514,-0.13595359,-0.0605493,-0.08334427,-0.17972213,0.07453054,-0.17307772,-0.29770806,0.16799037,-0.16794938,2162000.02787961,0.07577036,0.08821997,0.06486079,-0.171113,0.12449279,0.03283444,0.45179573,0.09080969,0.0093579,0.32931873,-0.10187644,-0.14992525,-0.10370281,-0.17640369,-0.13775641,-0.05716525,-0.08611763,-0.18009973,0.0721428,-0.1699955,-0.29677415,0.17565364,-0.1735259,2163000.02608508,0.06982094,0.08497003,0.06214864,-0.15732065,0.12366619,0.03482123,0.45021641,0.09393715,0.01902151,0.32238808,-0.09619705,-0.15945007,-0.10723753,-0.17542782,-0.13313603,-0.05966078,-0.09045321,-0.17603227,0.07864495,-0.15928511,-0.29566288,0.1619394,-0.17364754,2164000.02477007,0.06473216,0.08311605,0.06077665,-0.15770702,0.12568766,0.04280863,0.44694126,0.09461412,0.02328819,0.34035617,-0.09163292,-0.14822608,-0.10976426,-0.17087813,-0.13171303,-0.0605604,-0.08250184,-0.1773812,0.08039978,-0.16611417,-0.29643503,0.16312136,-0.16992289,2165000.02787108,0.06611016,0.08509592,0.06081652,-0.16182567,0.13007215,0.03896598,0.44957298,0.09196985,0.01850191,0.33896205,-0.10087571,-0.14289413,-0.11248299,-0.17064399,-0.13592331,-0.05761444,-0.07913731,-0.17878798,0.07441457,-0.17508546,-0.30045381,0.1681916,-0.17526703,2166000.02358912,0.070186,0.08730341,0.06089571,-0.16008069,0.12851436,0.03264643,0.44944328,0.09003794,0.01626008,0.33092132,-0.09968855,-0.16086891,-0.10818235,-0.17269474,-0.13706437,-0.06244994,-0.09062921,-0.17439371,0.06988068,-0.17873624,-0.30126485,0.1673436,-0.18059625,2167000.02740616,0.06930551,0.08476321,0.06293598,-0.16794527,0.12761439,0.03774996,0.45009783,0.09262197,0.01619129,0.33304936,-0.09783516,-0.15386733,-0.10841727,-0.1720117,-0.13790523,-0.06541365,-0.08672511,-0.17967103,0.07868037,-0.18149509,-0.30205077,0.17419939,-0.17206015,2168000.02762841,0.07200007,0.08438029,0.06297462,-0.16739035,0.12252574,0.03367408,0.44869956,0.0884759,0.01344676,0.32993424,-0.10718882,-0.14967416,-0.11198287,-0.17423525,-0.13716808,-0.06482184,-0.08521007,-0.18280666,0.08258433,-0.17785601,-0.3021186,0.17398973,-0.17625502,2169000.02689187,0.07118291,0.08747216,0.06379572,-0.17339872,0.12228942,0.03574503,0.4502632,0.08952506,0.01053653,0.32763052,-0.10656955,-0.1537493,-0.10998414,-0.17583375,-0.13870376,-0.06119914,-0.08180004,-0.18328364,0.08022037,-0.17848074,-0.30159914,0.16914019,-0.18689546,2170000.02846139,0.07009516,0.08697587,0.06441696,-0.17533846,0.12363017,0.03227828,0.44884947,0.08885242,0.01078495,0.32383657,-0.10276882,-0.16501212,-0.11297326,-0.17560603,-0.1391805,-0.06436203,-0.09179131,-0.18187898,0.07455164,-0.17323734,-0.29923737,0.17223781,-0.17909652,2171000.02494389,0.06717534,0.07923477,0.06095267,-0.15793142,0.1230941,0.04127024,0.45013562,0.09208161,0.02187076,0.32771143,-0.09453514,-0.15948725,-0.10714865,-0.17186014,-0.1365642,-0.06460511,-0.08649272,-0.17979926,0.08249747,-0.1670181,-0.29877773,0.17046158,-0.17257041,2172000.02185659,0.06662436,0.08184231,0.058827,-0.15602598,0.12175528,0.04284345,0.45075074,0.09173147,0.02692074,0.3373149,-0.09140343,-0.14687106,-0.10548668,-0.17087753,-0.13880879,-0.06315883,-0.08149396,-0.17876759,0.08273312,-0.17806184,-0.30108172,0.1710107,-0.17909545,2173000.02378247,0.06673864,0.08494966,0.06103441,-0.16307767,0.13023011,0.03819956,0.45123845,0.09158432,0.02205564,0.33873793,-0.09439209,-0.15755519,-0.1132431,-0.1672585,-0.13841492,-0.06120221,-0.094566,-0.18136597,0.07614323,-0.17512831,-0.30456641,0.16555974,-0.18427138,2174000.0238982,0.06350888,0.08062455,0.05942071,-0.16611619,0.12981136,0.03237546,0.45161965,0.0899317,0.01955529,0.33317119,-0.09705175,-0.15402895,-0.10835627,-0.17237681,-0.13943279,-0.06061056,-0.07843729,-0.18335786,0.07671531,-0.18122068,-0.30670378,0.16793594,-0.18391079,2175000.02691193,0.0624462,0.08699753,0.05858941,-0.16923761,0.12574436,0.03035888,0.44717127,0.09063278,0.01929667,0.3325251,-0.09954597,-0.1528042,-0.11199117,-0.1713727,-0.14236845,-0.06658768,-0.09436233,-0.18203026,0.07167996,-0.17819658,-0.30748114,0.17089292,-0.17769872,2176000.02736777,0.07017188,0.0874403,0.06184564,-0.16938816,0.12580581,0.03455966,0.44883645,0.09040435,0.01652875,0.33578363,-0.09717526,-0.16133267,-0.10914261,-0.17059407,-0.14253202,-0.06228759,-0.0834432,-0.18024421,0.07057833,-0.18642843,-0.30747348,0.17056347,-0.17723608,2177000.02800705,0.07160969,0.0893438,0.0652227,-0.17109589,0.12370766,0.0332355,0.45229247,0.0864085,0.01462051,0.33431143,-0.09605174,-0.16518274,-0.11169131,-0.17111488,-0.14185771,-0.06126801,-0.08524176,-0.18235047,0.06927725,-0.18398765,-0.30688244,0.17132398,-0.17400131,2178000.02513853,0.06732429,0.08451987,0.06468416,-0.1764859,0.12507935,0.04038264,0.44893765,0.08780856,0.01246567,0.32582361,-0.09841868,-0.15290643,-0.11533834,-0.17402302,-0.14241332,-0.06432509,-0.09653756,-0.18482238,0.08005043,-0.18109418,-0.30643678,0.17345226,-0.17851201,2179000.02448955,0.06084286,0.08653589,0.05880673,-0.16264807,0.12465683,0.03975431,0.4455063,0.0904968,0.02380895,0.3319805,-0.08949049,-0.15699071,-0.11349091,-0.17167349,-0.14191872,-0.0681057,-0.08800182,-0.18365696,0.08129164,-0.18378919,-0.30518824,0.1668354,-0.17442632,2180000.02179885,0.06195749,0.08514933,0.05853021,-0.16134609,0.12131388,0.04514972,0.44694331,0.09106944,0.02929659,0.33453545,-0.08816712,-0.15594511,-0.11611451,-0.16589463,-0.14329794,-0.06548154,-0.08417892,-0.18558373,0.07305606,-0.18800609,-0.30490664,0.16637804,-0.1790269,2181000.02281401,0.06446264,0.0880711,0.0585102,-0.16233847,0.12626942,0.03317862,0.45013598,0.09012929,0.02473715,0.34026101,-0.09214652,-0.1606499,-0.11857102,-0.16074401,-0.14466797,-0.0708426,-0.09218015,-0.18318716,0.07473565,-0.18596983,-0.30811074,0.1694908,-0.18584362,2182000.02302685,0.06197864,0.08469984,0.05869821,-0.167813,0.12749086,0.03386541,0.4472186,0.09056744,0.0212724,0.33860764,-0.09451178,-0.16218959,-0.12670079,-0.16949405,-0.14522301,-0.06907173,-0.09067997,-0.18531336,0.07332858,-0.18049692,-0.30985159,0.17383368,-0.18566328,2183000.02368526,0.06067954,0.08503626,0.06150955,-0.17413458,0.12715568,0.03130305,0.44777,0.09136535,0.02088412,0.33877477,-0.09506907,-0.17267185,-0.12006626,-0.17031699,-0.14516144,-0.0655468,-0.09101604,-0.18421493,0.07033428,-0.19266811,-0.31094122,0.16993393,-0.18149294,2184000.02519666,0.06613475,0.0861951,0.06234142,-0.17994244,0.126882,0.03350451,0.45075727,0.09215363,0.01881787,0.34129503,-0.09074404,-0.15569051,-0.12012548,-0.16850631,-0.14591646,-0.06858508,-0.08988318,-0.18543932,0.07265065,-0.18512961,-0.309962,0.17018321,-0.18622543,2185000.02842371,0.065517,0.08456686,0.06399491,-0.17939658,0.12476057,0.03265534,0.44627842,0.09078375,0.0153714,0.33604583,-0.09395131,-0.16008447,-0.12172195,-0.17158045,-0.14891079,-0.06804353,-0.09938147,-0.18321413,0.07957184,-0.18619649,-0.31181616,0.16763097,-0.17860864,2186000.02826876,0.06542428,0.09053525,0.06555779,-0.17982402,0.12476057,0.02875862,0.44866636,0.08963291,0.01310309,0.33038634,-0.09547792,-0.16504599,-0.12659205,-0.17502029,-0.1493118,-0.07255797,-0.09109242,-0.18313932,0.07282043,-0.18791464,-0.31055492,0.17301109,-0.18319246,2187000.02499309,0.06377368,0.08295298,0.06196065,-0.17461081,0.12466564,0.03358246,0.45044836,0.088448,0.01749594,0.33296806,-0.08721048,-0.16302274,-0.11825842,-0.1697152,-0.14896861,-0.0664494,-0.087447,-0.18422049,0.07133182,-0.17640139,-0.30921841,0.17290975,-0.1846997,2188000.02146128,0.05953106,0.08347201,0.05699809,-0.16247302,0.12307195,0.04131311,0.4494532,0.09383502,0.0273848,0.34248477,-0.08154862,-0.16369073,-0.11701938,-0.17104293,-0.14575116,-0.06787746,-0.08190262,-0.18586616,0.07011729,-0.18457249,-0.30791649,0.16505162,-0.1866494,2189000.02024225,0.06307475,0.08354494,0.05970777,-0.16707093,0.12638402,0.03328851,0.44828394,0.0920874,0.02485256,0.33556557,-0.08644447,-0.16450119,-0.12046153,-0.16969906,-0.14827949,-0.06695878,-0.08766316,-0.18629956,0.07380485,-0.18924196,-0.30926594,0.16540627,-0.18125273,2190000.02245675,0.06526049,0.08475654,0.05790717,-0.16918369,0.126882,0.03191961,0.44900569,0.09052752,0.02162423,0.33333746,-0.08563485,-0.16873375,-0.12030604,-0.16416433,-0.14969398,-0.06855424,-0.07860011,-0.18374442,0.07545901,-0.18348962,-0.31197372,0.16719607,-0.19062379,2191000.02597144,0.0606075,0.08829126,0.05866889,-0.17228584,0.12734066,0.03354292,0.45106933,0.09145202,0.02172784,0.34263968,-0.08192132,-0.16519774,-0.12860489,-0.16108277,-0.15031619,-0.06983469,-0.08650021,-0.18646853,0.07711376,-0.18181787,-0.31245568,0.16537863,-0.18067217,2192000.02604889,0.06239755,0.09006333,0.06134996,-0.17946403,0.12370766,0.03194821,0.448423,0.09133505,0.0206178,0.34066743,-0.08214621,-0.14889121,-0.12765862,-0.16751173,-0.15027571,-0.06890707,-0.08679024,-0.18662451,0.07302351,-0.18853973,-0.31159979,0.17202358,-0.18424848,2193000.02416046,0.06522063,0.08434718,0.06362654,-0.18058835,0.12463795,0.03224893,0.44863757,0.09066933,0.01696187,0.3423638,-0.08321576,-0.15919597,-0.13184439,-0.16644938,-0.150639,-0.06864636,-0.09372156,-0.18450637,0.07962898,-0.17933422,-0.31154001,0.17462291,-0.18843557,2194000.02665948,0.06702997,0.08567797,0.06669436,-0.1811796,0.13158758,0.03116471,0.44884223,0.09119852,0.01438048,0.34467831,-0.08635106,-0.16124088,-0.12695427,-0.17233828,-0.15182601,-0.07144856,-0.09176706,-0.18632326,0.07275596,-0.1824263,-0.31265068,0.16866568,-0.19095407,2195000.02941182,0.06572928,0.08893465,0.06540157,-0.18107109,0.12844318,0.03058637,0.44949013,0.09084841,0.01438662,0.33498001,-0.08120145,-0.16407539,-0.1293672,-0.17252709,-0.15391335,-0.07144362,-0.09543918,-0.18591741,0.07610776,-0.18208864,-0.31089401,0.16649264,-0.18646592,2196000.02690885,0.06039891,0.08353152,0.05936834,-0.16545898,0.12710993,0.04042263,0.4479326,0.09510364,0.02697343,0.34022143,-0.06960943,-0.16453987,-0.12453371,-0.16935997,-0.15043765,-0.0683417,-0.08697761,-0.18842781,0.07678376,-0.18282813,-0.3081415,0.17522345,-0.18102907,2197000.02456697,0.06355368,0.08807862,0.05978629,-0.16442081,0.12207567,0.03706872,0.45336974,0.09497911,0.02974606,0.34502363,-0.06967989,-0.15989542,-0.12559643,-0.16907349,-0.15017359,-0.06643404,-0.08445466,-0.18778068,0.07380603,-0.18762122,-0.30856079,0.17207649,-0.18396114,2198000.02803443,0.0630886,0.08862909,0.0623287,-0.17090379,0.12440898,0.04033042,0.45078647,0.09366006,0.02476191,0.34715563,-0.06491578,-0.16156712,-0.12519252,-0.16677442,-0.15214877,-0.06861466,-0.08886157,-0.18273033,0.07738327,-0.18801771,-0.31228861,0.16750745,-0.18194197,2199000.02895525,0.06102676,0.08893465,0.05952834,-0.17237064,0.12340955,0.03109759,0.45084915,0.09641578,0.02381926,0.33890757,-0.06397583,-0.15163657,-0.12843263,-0.16506955,-0.15419608,-0.06711762,-0.10693156,-0.18539514,0.07786793,-0.19350283,-0.31227869,0.16463952,-0.18183416,2200000.02596138,0.06014192,0.08857515,0.06142672,-0.17792571,0.12157299,0.03665278,0.44956335,0.0977584,0.02407931,0.33877146,-0.06552506,-0.15203111,-0.1233501,-0.16443722,-0.15283991,-0.06634305,-0.08576059,-0.18293114,0.077615,-0.182741,-0.31262216,0.1713652,-0.18573043,2201000.0275699,0.0655771,0.08893465,0.06393875,-0.17753521,0.12421069,0.03465353,0.45015827,0.09449007,0.02223286,0.33239162,-0.06658112,-0.16579762,-0.12156235,-0.16920242,-0.15367225,-0.06750789,-0.09320912,-0.18412216,0.07397468,-0.18966606,-0.31181318,0.17305841,-0.18012276,2202000.02999403,0.06696475,0.08750354,0.06790916,-0.17857023,0.13037612,0.03215278,0.44863936,0.09549306,0.01962806,0.33877262,-0.06341103,-0.15469489,-0.12749922,-0.16846384,-0.15315659,-0.06534071,-0.09851437,-0.18943402,0.08074241,-0.18804957,-0.31124938,0.17340215,-0.18625686,2203000.0268524,0.06917384,0.08805767,0.06589305,-0.17471479,0.13030511,0.03651515,0.44878849,0.09658719,0.02145108,0.34103698,-0.06051955,-0.13788834,-0.12863396,-0.16878538,-0.15331936,-0.06524871,-0.10839454,-0.1857044,0.07205641,-0.18616332,-0.30979222,0.16591269,-0.18252039,2204000.02690885,0.06394532,0.08287294,0.06010855,-0.16073501,0.12758155,0.03988221,0.44808167,0.09713744,0.03300885,0.33893225,-0.04966671,-0.14762273,-0.12454014,-0.16532411,-0.15070443,-0.06751858,-0.102784,-0.18341847,0.06867005,-0.1896081,-0.3065843,0.17154408,-0.19025272,2205000.02633957,0.06442279,0.08443365,0.06390139,-0.16868918,0.13162152,0.04206357,0.45055485,0.09792416,0.03395421,0.34805676,-0.04784995,-0.14849389,-0.12443317,-0.16627832,-0.15260932,-0.06344091,-0.08826899,-0.18429811,0.07763259,-0.18457028,-0.30781594,0.16914746,-0.1898884,2206000.02642705,0.06414323,0.08526511,0.06518837,-0.16861945,0.12990455,0.03881183,0.45080069,0.09848211,0.03016082,0.34127074,-0.05010665,-0.14783351,-0.12457599,-0.16929089,-0.1532696,-0.06093967,-0.1027052,-0.18392773,0.08048033,-0.19057105,-0.30920622,0.16821602,-0.19211681,2207000.02727028,0.06248889,0.09037082,0.06368314,-0.16948882,0.13108699,0.03640124,0.44905344,0.09553028,0.02858598,0.3430692,-0.0538949,-0.15135804,-0.12547608,-0.16677156,-0.15354754,-0.05983862,-0.09311329,-0.18437697,0.0774054,-0.18637121,-0.30847365,0.17013875,-0.19377677,2208000.02845299,0.06803916,0.08987577,0.06770276,-0.17054676,0.12974918,0.036492,0.44980559,0.09599911,0.02732055,0.34074152,-0.04719412,-0.14792886,-0.12077461,-0.16584706,-0.153689,-0.06385066,-0.08945963,-0.1862133,0.07225242,-0.18559237,-0.30836529,0.17221634,-0.18145068,2209000.02742524,0.06757242,0.08998597,0.06866249,-0.17482145,0.12572727,0.03171663,0.44950002,0.09615849,0.02599502,0.33645806,-0.04668082,-0.14131586,-0.12297168,-0.16648042,-0.15227218,-0.06600463,-0.09662347,-0.1851296,0.0781949,-0.18669261,-0.30595374,0.17928177,-0.18042415,2210000.03130281,0.07203826,0.09153257,0.06896541,-0.17599933,0.1288185,0.037474,0.448634,0.09789582,0.02218976,0.34075037,-0.05186039,-0.14366135,-0.13058247,-0.16906743,-0.15441547,-0.06337555,-0.09755909,-0.18509673,0.08138143,-0.19024587,-0.30574033,0.17641856,-0.17477483,2211000.02774358,0.06908772,0.08436459,0.0665416,-0.16420677,0.13011725,0.03550046,0.44843885,0.09671311,0.02728196,0.33825856,-0.04311974,-0.1448525,-0.12371996,-0.16809259,-0.1512793,-0.0603363,-0.09371238,-0.18226044,0.07287433,-0.18333326,-0.30525428,0.17207433,-0.18385598,2212000.02397627,0.06372056,0.0848015,0.05944728,-0.15651682,0.1291046,0.04447441,0.4525741,0.10150693,0.03938367,0.34772551,-0.03232282,-0.1385023,-0.11919608,-0.16926777,-0.14833161,-0.05957259,-0.08601341,-0.17870198,0.07474869,-0.1863755,-0.30165103,0.16931479,-0.17993869,2213000.02566158,0.0676942,0.08476923,0.06194167,-0.15995365,0.13426732,0.04441652,0.44978887,0.10098069,0.03732732,0.3545467,-0.03390708,-0.13607918,-0.1187923,-0.16972362,-0.15176532,-0.05993164,-0.09581893,-0.18068007,0.07673855,-0.18940607,-0.30216268,0.17594767,-0.17955697,2214000.02558411,0.06333824,0.08625717,0.06385249,-0.16293064,0.13319963,0.04307488,0.45014611,0.10015783,0.03413715,0.35431924,-0.03800098,-0.13761745,-0.11880527,-0.16515273,-0.15146194,-0.06056617,-0.08760069,-0.18208177,0.07047845,-0.19165552,-0.30463257,0.17090985,-0.19371128,2215000.02700862,0.06718787,0.08907383,0.06352516,-0.16608702,0.13228925,0.0381707,0.45382693,0.10124122,0.03280084,0.3424122,-0.03958092,-0.1470162,-0.11907439,-0.17062484,-0.15176052,-0.06121694,-0.0892309,-0.18382695,0.08023422,-0.18228634,-0.3029477,0.17504768,-0.17304073,2216000.02734776,0.07222717,0.08882653,0.06459365,-0.16657293,0.1323106,0.0368331,0.45291615,0.10098316,0.03164364,0.34600222,-0.03694056,-0.13630117,-0.11635063,-0.16935968,-0.15232584,-0.05515463,-0.09237059,-0.18459627,0.08243097,-0.18763027,-0.3016727,0.16724215,-0.17183855,2217000.02941182,0.0738239,0.08921295,0.06947706,-0.16747878,0.13087635,0.03608035,0.45224842,0.099465,0.02686717,0.3433215,-0.0389907,-0.15035596,-0.11482008,-0.17013985,-0.15086347,-0.06049154,-0.07692303,-0.18209285,0.08117307,-0.18120295,-0.30058491,0.17194548,-0.18282519,2218000.03120692,0.07130693,0.08885547,0.06999899,-0.16935562,0.12823202,0.03875553,0.45125908,0.09810721,0.02434522,0.34131315,-0.03767915,-0.14287829,-0.1111871,-0.17036454,-0.15024032,-0.05925389,-0.09968432,-0.178229,0.07931821,-0.18027639,-0.2982823,0.17492554,-0.17790478,2219000.02845077,0.06701118,0.08728547,0.06501332,-0.15704422,0.13364935,0.043909,0.44997302,0.10138759,0.03238353,0.34754023,-0.0322025,-0.15008563,-0.10901579,-0.1705821,-0.14879303,-0.06044668,-0.09091005,-0.17984152,0.07616932,-0.17319719,-0.29605323,0.17529936,-0.1762013,2220000.0248766,0.06816261,0.08468612,0.06087364,-0.15404291,0.12778842,0.04850986,0.45019931,0.1045852,0.04190176,0.34093145,-0.02530239,-0.1409817,-0.11005065,-0.17048705,-0.14601868,-0.05691722,-0.08783833,-0.18123457,0.07871703,-0.17759693,-0.29469591,0.17295864,-0.17295662,2221000.02682447,0.06992437,0.08851662,0.06354747,-0.15932764,0.13023658,0.04857252,0.45237058,0.10349817,0.03698643,0.34342849,-0.0281869,-0.13385484,-0.11079055,-0.16946542,-0.14762527,-0.05615947,-0.08730166,-0.18096189,0.07518547,-0.18262322,-0.29570988,0.1648791,-0.17737737,2222000.02798801,0.07145108,0.08840653,0.06605513,-0.15969124,0.13234916,0.04390925,0.4527522,0.1046647,0.03333647,0.34555608,-0.03002622,-0.13778952,-0.10651161,-0.16755211,-0.14922081,-0.06281864,-0.08121691,-0.18380924,0.07615503,-0.18290189,-0.29507336,0.17179166,-0.17472494,2223000.02969478,0.06990089,0.09094915,0.06341932,-0.16033888,0.1308639,0.03998409,0.45300338,0.10155482,0.03234762,0.34698465,-0.032173,-0.13985288,-0.10722679,-0.16904502,-0.14831936,-0.05635467,-0.08129584,-0.18570407,0.08572853,-0.18060379,-0.29364863,0.17578235,-0.1773982,2224000.02937432,0.07321878,0.09125284,0.06455626,-0.16450742,0.12547842,0.04298271,0.45111826,0.10201922,0.03078572,0.34218004,-0.03560331,-0.14642595,-0.10659588,-0.16970046,-0.1492994,-0.05930619,-0.09433746,-0.18293594,0.07787896,-0.17945026,-0.29351264,0.17369686,-0.16785215,2225000.03340194,0.07440215,0.09122571,0.06626906,-0.16963883,0.13142933,0.03961087,0.45068538,0.10203806,0.02847524,0.34242591,-0.03516579,-0.14305626,-0.10854138,-0.17241457,-0.1484839,-0.05974611,-0.09263422,-0.17999943,0.0768413,-0.17731656,-0.29218212,0.1752032,-0.17153648,2226000.03066466,0.07267443,0.08940224,0.07078338,-0.17021522,0.13061221,0.0434887,0.44877148,0.10233864,0.02509204,0.33547717,-0.03575589,-0.14042479,-0.10757938,-0.17655317,-0.1482532,-0.05966344,-0.09606086,-0.18108369,0.08246238,-0.17247447,-0.29087907,0.17522345,-0.16788903,2227000.02639659,0.07342765,0.08535091,0.06663985,-0.16327304,0.12680285,0.04159497,0.44916523,0.10537402,0.03068636,0.34262446,-0.03187385,-0.14102747,-0.10765702,-0.1703669,-0.14561051,-0.05568094,-0.10074645,-0.1807365,0.07431745,-0.17212987,-0.28883061,0.17094164,-0.16462848,2228000.02782098,0.07572231,0.08625717,0.06203162,-0.15434462,0.1273981,0.05108813,0.44951856,0.10801262,0.04091012,0.34389848,-0.02969491,-0.1443392,-0.09703951,-0.17076245,-0.14498389,-0.05673778,-0.0896957,-0.17623244,0.07507357,-0.1700049,-0.28715485,0.16844158,-0.17498425,2229000.02846326,0.07270491,0.09005875,0.061756,-0.15897495,0.12453952,0.04723323,0.45230752,0.10766412,0.03575142,0.34423083,-0.02697022,-0.13715993,-0.09102418,-0.17046921,-0.1446626,-0.06125404,-0.08436421,-0.17720982,0.07477538,-0.17487517,-0.28585863,0.17204598,-0.17272331,2230000.02880256,0.0751375,0.0901983,0.0635775,-0.16176748,0.11860012,0.04191302,0.45349967,0.1047782,0.03298976,0.34121609,-0.03051606,-0.13708556,-0.09334242,-0.17050643,-0.14499231,-0.05772191,-0.09729937,-0.17662919,0.07829371,-0.17992239,-0.28676626,0.1656687,-0.17341061,2231000.02569069,0.07329956,0.08505955,0.06390484,-0.16541062,0.12234215,0.04262786,0.45296457,0.10434794,0.03196823,0.33758807,-0.03285369,-0.14160489,-0.09507031,-0.17069484,-0.14476095,-0.05458742,-0.1040051,-0.17328253,0.07593112,-0.17711447,-0.28695405,0.17261299,-0.16273783,2232000.02991658,0.07571188,0.08931189,0.06741091,-0.16510966,0.12768474,0.04182435,0.45171565,0.10582519,0.03097471,0.34656286,-0.03277765,-0.14211567,-0.09355601,-0.17380399,-0.14537562,-0.05497452,-0.09257459,-0.17451809,0.08283918,-0.17721502,-0.28649351,0.17771542,-0.16361842,2233000.03347941,0.07756498,0.09185857,0.06938014,-0.16672595,0.13381621,0.04408646,0.45181844,0.10578725,0.02817688,0.34667635,-0.03568422,-0.13884188,-0.09323171,-0.17611447,-0.14381756,-0.05850938,-0.08734087,-0.17424107,0.08057648,-0.17300253,-0.28637087,0.18254857,-0.16095439,2234000.03014096,0.07595348,0.09047919,0.06995067,-0.16766955,0.1254621,0.04625223,0.44967583,0.10466855,0.02609439,0.34950066,-0.0328574,-0.13891006,-0.09101477,-0.17348714,-0.14429893,-0.05373216,-0.0830807,-0.1761961,0.07230516,-0.16564332,-0.28501481,0.17643005,-0.16543745,2235000.02721011,0.07164338,0.08979269,0.06356956,-0.15612073,0.12843379,0.04965995,0.4495877,0.10413342,0.0356414,0.34154233,-0.02807307,-0.14189073,-0.08758154,-0.17475726,-0.14025731,-0.04823316,-0.09024774,-0.17566687,0.07912932,-0.16253108,-0.28365812,0.17742613,-0.16105531,2236000.02497383,0.07116592,0.08581181,0.05961781,-0.15300061,0.12672791,0.04942037,0.45015833,0.10877085,0.04128166,0.34509003,-0.02491089,-0.13732632,-0.08721424,-0.16862187,-0.1399547,-0.05095492,-0.09619709,-0.17685361,0.07468836,-0.17595966,-0.28307065,0.17251752,-0.16721287,2237000.02772626,0.07811963,0.0840975,0.0626367,-0.15887712,0.12505876,0.04404041,0.45202854,0.10688396,0.03643326,0.33765095,-0.02584009,-0.13281943,-0.08559259,-0.17195739,-0.14045638,-0.05233405,-0.07635286,-0.17577291,0.06974668,-0.16560939,-0.28422654,0.17370096,-0.16588564,2238000.02901612,0.07366003,0.08815434,0.06271578,-0.15674394,0.12406654,0.04604769,0.45017362,0.10574478,0.03365747,0.33958769,-0.03021854,-0.13757069,-0.08458949,-0.17497359,-0.13949332,-0.04942662,-0.09925984,-0.17528757,0.07930295,-0.16624905,-0.28317404,0.16549605,-0.16396506,2239000.02977228,0.07327231,0.08815157,0.06571589,-0.15729447,0.12922962,0.03960799,0.44921181,0.10498231,0.03438066,0.34176376,-0.03340823,-0.13241184,-0.07588314,-0.17595063,-0.13996613,-0.05343544,-0.09278066,-0.17340139,0.07963683,-0.17427173,-0.28414008,0.17132744,-0.15910129,2240000.02940364,0.07795104,0.08810063,0.06570427,-0.16633715,0.12949459,0.04499942,0.44887987,0.10530495,0.03238397,0.33840111,-0.02895143,-0.13568567,-0.07303688,-0.17458756,-0.13778964,-0.05044024,-0.09113911,-0.16882063,0.0815421,-0.17150313,-0.28408936,0.17363578,-0.15940596,2241000.03221748,0.08030745,0.08735712,0.06642707,-0.16355999,0.1262027,0.04282824,0.44980755,0.10360942,0.02928302,0.34278387,-0.03035815,-0.13459966,-0.07631569,-0.1772514,-0.13751779,-0.04910802,-0.08498583,-0.17269823,0.07780399,-0.1666649,-0.2842795,0.17870747,-0.16550183,2242000.03222471,0.07891867,0.08901564,0.06650017,-0.16497785,0.12939247,0.04302878,0.4469294,0.10556169,0.03053646,0.34027258,-0.02657351,-0.13157433,-0.06912345,-0.17374836,-0.13757963,-0.05166456,-0.09215658,-0.1749474,0.08473758,-0.15817195,-0.28456202,0.1760864,-0.16103619,2243000.02751959,0.07394546,0.08410415,0.06185165,-0.15052548,0.12715037,0.05170495,0.44934693,0.1087173,0.04223384,0.33797196,-0.02275742,-0.13216251,-0.06479607,-0.17398967,-0.13566068,-0.04634609,-0.08545543,-0.17279086,0.07678989,-0.14966144,-0.28202826,0.17407714,-0.15445513,2244000.02797781,0.07777733,0.08801468,0.06098427,-0.14926057,0.1286072,0.05126042,0.45160854,0.10639794,0.04193961,0.34210637,-0.01895073,-0.12912355,-0.06908853,-0.17443284,-0.13388017,-0.04397218,-0.08555876,-0.16672121,0.07314563,-0.15303683,-0.2826983,0.17256987,-0.15764283,2245000.02611708,0.07980213,0.08754179,0.06380666,-0.15650399,0.13298649,0.04911431,0.44913441,0.10594959,0.04008114,0.33745515,-0.02182622,-0.12790374,-0.06385127,-0.17282437,-0.13560236,-0.0465404,-0.07744925,-0.1724181,0.08080161,-0.16238055,-0.2851209,0.17354359,-0.16760014,2246000.02693113,0.07516441,0.08265534,0.06583661,-0.15660171,0.13159361,0.04659933,0.4478575,0.10591426,0.03871829,0.33629128,-0.02321364,-0.12806375,-0.06557806,-0.17544027,-0.13494731,-0.04417879,-0.0744709,-0.17384095,0.07669051,-0.16225065,-0.28622293,0.17718266,-0.15796337,2247000.02888006,0.07975747,0.09024974,0.06392384,-0.15830332,0.12938872,0.04589241,0.44838354,0.1079085,0.03780489,0.33038247,-0.02290068,-0.13388465,-0.06336582,-0.17799093,-0.13327074,-0.04429986,-0.08938944,-0.17215432,0.07569517,-0.16075651,-0.28695509,0.18224017,-0.15921219,2248000.03112168,0.08043783,0.08798501,0.06711319,-0.16336554,0.12524125,0.04695291,0.44912851,0.10648048,0.03538951,0.33620989,-0.025206,-0.14080201,-0.06546771,-0.18005165,-0.13404514,-0.04586962,-0.07752801,-0.17572965,0.0833712,-0.16038457,-0.2871531,0.17867155,-0.16178568,2249000.03085974,0.08162906,0.08826442,0.06806129,-0.1652644,0.12791415,0.0461732,0.44823712,0.10496369,0.03133123,0.34452412,-0.02958008,-0.13381419,-0.07115946,-0.1742724,-0.13486595,-0.04831116,-0.0788417,-0.17184541,0.07972594,-0.1491134,-0.28783241,0.1796906,-0.16075154,2250000.0303812,0.0773104,0.08824258,0.06295688,-0.15386067,0.12738898,0.04804134,0.44866845,0.10552164,0.03825838,0.34272173,-0.02243712,-0.13744725,-0.06099695,-0.17404024,-0.13244799,-0.04159365,-0.07743052,-0.17184176,0.07546821,-0.15193038,-0.28772044,0.17572556,-0.16073507,2251000.02601973,0.06994405,0.085892,0.06010253,-0.14702238,0.12624253,0.05626704,0.44479197,0.10679425,0.04789798,0.33740187,-0.01674747,-0.14030759,-0.06451845,-0.17834662,-0.12897322,-0.04201184,-0.06650826,-0.17156249,0.07987879,-0.14672564,-0.28830445,0.17662229,-0.15458074,2252000.02554541,0.07181739,0.08640166,0.06209353,-0.15458523,0.12742454,0.05348907,0.45227209,0.10618341,0.04516612,0.3386983,-0.01955187,-0.14918542,-0.06666582,-0.17506918,-0.12952313,-0.04302531,-0.07215106,-0.17137054,0.08052604,-0.15403205,-0.29001269,0.17449345,-0.16194434,2253000.02816316,0.0748043,0.08532125,0.06184564,-0.15507776,0.13031627,0.04477502,0.45372164,0.10592033,0.04104031,0.33663651,-0.02145242,-0.14237304,-0.06423996,-0.17510866,-0.12998421,-0.04433382,-0.07827152,-0.1730157,0.08473524,-0.15746908,-0.29228485,0.18080145,-0.16727017,2254000.02630118,0.07975909,0.08573439,0.06458978,-0.15798862,0.1285803,0.0493546,0.44881725,0.10450285,0.04051385,0.34168941,-0.01916526,-0.13244775,-0.06103919,-0.17674141,-0.12978253,-0.04197276,-0.07192686,-0.1713842,0.07759479,-0.15538499,-0.29391116,0.17602561,-0.16259642,2255000.02710598,0.07640772,0.08847582,0.06407403,-0.16190642,0.12476853,0.04777565,0.4494532,0.10523735,0.03808207,0.33944309,-0.02473688,-0.13333689,-0.06082245,-0.17223458,-0.13229883,-0.04728775,-0.07430962,-0.17341383,0.07837117,-0.15747434,-0.2948778,0.1731956,-0.16062987,2256000.02855094,0.07899759,0.0908009,0.06623196,-0.16507839,0.12536384,0.04408662,0.44988614,0.10352349,0.03507932,0.33260977,-0.02558459,-0.12332501,-0.06464863,-0.17709313,-0.1306878,-0.04221401,-0.07859077,-0.17493607,0.07984057,-0.1525684,-0.29631057,0.17792661,-0.16178675,2257000.03281151,0.08441568,0.08740501,0.06840166,-0.16700487,0.12485244,0.0476152,0.44509339,0.10432916,0.033131,0.33470356,-0.02950397,-0.13359314,-0.06507284,-0.17589654,-0.13234401,-0.04107982,-0.07170991,-0.1729116,0.08131705,-0.15702859,-0.29654682,0.18297181,-0.16642743,2258000.03098205,0.07981302,0.08674791,0.06627554,-0.15899613,0.12487252,0.0499137,0.44572169,0.10475808,0.03798245,0.32284477,-0.02381416,-0.13853391,-0.06915595,-0.17636676,-0.12933812,-0.04475334,-0.08095013,-0.17366612,0.07639186,-0.14909856,-0.29678181,0.1820233,-0.16428702,2259000.02494475,0.07730526,0.08480971,0.05976677,-0.14841811,0.12595145,0.05552927,0.44902942,0.1074697,0.04768012,0.34044853,-0.01826883,-0.13400634,-0.06019808,-0.17106467,-0.12770987,-0.03912742,-0.08006436,-0.17627718,0.08622331,-0.14939205,-0.29599115,0.1760194,-0.17045,2260000.02478954,0.07705317,0.08675815,0.06121243,-0.1557235,0.12989199,0.05224472,0.45218641,0.10662542,0.04437466,0.34116796,-0.0185928,-0.14337169,-0.06154901,-0.17183305,-0.1290925,-0.04059995,-0.06758244,-0.17310783,0.08504587,-0.15769313,-0.29791406,0.17056154,-0.17074811,2261000.02541846,0.07493689,0.08946031,0.06309433,-0.15744253,0.12918499,0.05172442,0.45398065,0.10552263,0.0410805,0.3360748,-0.02153281,-0.14019988,-0.06536441,-0.17632528,-0.12933388,-0.0429408,-0.0734825,-0.17691156,0.08015611,-0.16330594,-0.29944977,0.17411914,-0.16792977,2262000.0268733,0.07640786,0.08876932,0.0618067,-0.15607487,0.12971976,0.04731463,0.45103443,0.10387504,0.03970259,0.34255892,-0.02517209,-0.1362357,-0.0694776,-0.17526457,-0.12974514,-0.03765456,-0.07235105,-0.17554361,0.07809891,-0.15201133,-0.30105475,0.17518146,-0.16731845,2263000.02836665,0.07587449,0.08904984,0.06515475,-0.16265993,0.12478399,0.05238996,0.45184377,0.102609,0.03766359,0.33395362,-0.02781381,-0.13711198,-0.0698614,-0.17150626,-0.13220464,-0.03776489,-0.07331956,-0.17772514,0.08427262,-0.15502621,-0.30233964,0.17520176,-0.16986202,2264000.02448851,0.078434,0.09126334,0.06713659,-0.16532718,0.12681486,0.0489901,0.45038584,0.10207395,0.03535395,0.33852515,-0.02914482,-0.1382183,-0.06617759,-0.17535025,-0.13407487,-0.04097809,-0.06324236,-0.17671777,0.08168766,-0.15692453,-0.30351213,0.1783767,-0.16668019,2265000.02886206,0.07912995,0.09209988,0.07000092,-0.16669279,0.12380709,0.04657849,0.44887987,0.10249068,0.03175626,0.33562726,-0.03048893,-0.15151049,-0.06425256,-0.17586814,-0.13298631,-0.04188754,-0.07151234,-0.17727523,0.07776106,-0.15107098,-0.30456457,0.17548279,-0.16616683,2266000.0298809,0.07756341,0.09196693,0.06924019,-0.16530024,0.12187757,0.0444726,0.45060602,0.10153041,0.03039917,0.34108093,-0.03071544,-0.13765883,-0.07708485,-0.17479609,-0.1353696,-0.04478803,-0.06905264,-0.18075456,0.07896379,-0.15451199,-0.30554584,0.18046285,-0.17214961,2267000.02937432,0.07466474,0.08873168,0.06423599,-0.15675747,0.12496483,0.04783872,0.44938442,0.10343827,0.03834832,0.3425127,-0.0241333,-0.13970198,-0.06653606,-0.17832762,-0.13341729,-0.04273817,-0.07513695,-0.17795613,0.08493973,-0.15028077,-0.30437404,0.17685863,-0.16825338,2268000.02464453,0.0734691,0.08637507,0.06320115,-0.14943434,0.12254093,0.05742953,0.45058593,0.10616528,0.04783649,0.32660389,-0.01533316,-0.13579413,-0.06592157,-0.17173085,-0.13066655,-0.03616841,-0.07038412,-0.1770146,0.07978782,-0.15610015,-0.30422211,0.17222747,-0.17732853,2269000.02605891,0.07640786,0.08949044,0.06262816,-0.1540298,0.12405884,0.0526058,0.45346799,0.10486432,0.04403757,0.3373003,-0.02445526,-0.14163189,-0.06816075,-0.17095464,-0.13463861,-0.03297675,-0.06339869,-0.1772787,0.07673018,-0.15784554,-0.30681115,0.17976978,-0.18316752,2270000.02959839,0.07301121,0.08752445,0.06469896,-0.15561034,0.12488305,0.05690383,0.45304051,0.10420596,0.04136074,0.34438843,-0.02893893,-0.14883204,-0.06640462,-0.17148875,-0.13371392,-0.04093132,-0.07065439,-0.17923126,0.0766914,-0.15343739,-0.30754575,0.1794547,-0.17453091,2271000.02594271,0.07669549,0.09073267,0.06701996,-0.15876411,0.12589891,0.05126679,0.45250642,0.10382751,0.04035819,0.33832207,-0.02251963,-0.14063017,-0.06984252,-0.17876588,-0.13500631,-0.03990415,-0.07304981,-0.18386434,0.08143553,-0.15875356,-0.30936339,0.18095043,-0.17193967,2272000.02890934,0.07960615,0.09270038,0.06643185,-0.16459882,0.12515046,0.04798357,0.45284221,0.10311536,0.03985421,0.33640185,-0.02892698,-0.14405353,-0.06796199,-0.17318738,-0.13785268,-0.03489986,-0.07236385,-0.18266439,0.08528464,-0.16562043,-0.31006086,0.17860577,-0.1702446,2273000.03014096,0.07877325,0.08833242,0.06808551,-0.161851,0.12979504,0.04505179,0.45423207,0.10434489,0.03594527,0.33556613,-0.02985508,-0.13421607,-0.07203175,-0.17918266,-0.13809589,-0.04051298,-0.07730382,-0.18466911,0.07542023,-0.16327989,-0.3111904,0.17257583,-0.17243375,2274000.03017032,0.07637864,0.08919316,0.06741726,-0.16330257,0.12743305,0.05057935,0.44929609,0.1039224,0.03367365,0.33916515,-0.03201628,-0.14146514,-0.07279401,-0.17685984,-0.13688305,-0.03729371,-0.08584902,-0.18771969,0.07458888,-0.16362399,-0.31091774,0.17806739,-0.17630264,2275000.02925694,0.07556926,0.0908278,0.06896541,-0.16000415,0.12424133,0.05299602,0.44866258,0.10342748,0.03534944,0.33056846,-0.03158285,-0.13941355,-0.07208605,-0.17611171,-0.1365235,-0.03826246,-0.0808624,-0.18362385,0.07794359,-0.15016954,-0.31038746,0.17750674,-0.17448443,2276000.02958529,0.06930211,0.08541225,0.06378083,-0.14991313,0.12893589,0.0567839,0.4520773,0.10514457,0.04766151,0.34818247,-0.01945502,-0.13198023,-0.06569303,-0.17732829,-0.13378312,-0.03657876,-0.07662295,-0.17939162,0.07768451,-0.14779557,-0.30922562,0.17616458,-0.17083266,2277000.02880256,0.0746416,0.08991077,0.06561813,-0.15488718,0.12815709,0.05938881,0.45461923,0.10653053,0.04740931,0.34714025,-0.02251342,-0.1388955,-0.07358939,-0.17418253,-0.13625397,-0.03186896,-0.06564035,-0.18257147,0.08296105,-0.15236379,-0.31077951,0.17406119,-0.18059522,2278000.02969478,0.07433204,0.08449107,0.0675993,-0.15438287,0.12820522,0.05811698,0.45331371,0.1046009,0.04249647,0.34943151,-0.02543576,-0.13610242,-0.06614497,-0.17341071,-0.13562031,-0.0331522,-0.06534012,-0.18052448,0.08043857,-0.16307744,-0.31150457,0.17023805,-0.18142593,2279000.02369559,0.07664584,0.08689837,0.06687605,-0.15568699,0.12663043,0.05123562,0.45118102,0.10486364,0.04202808,0.34769958,-0.02693503,-0.12795465,-0.06808776,-0.172782,-0.13716383,-0.03567867,-0.08247613,-0.18117557,0.08413526,-0.15824078,-0.31326136,0.18002984,-0.176682,2280000.0270378,0.07944015,0.08966362,0.06678524,-0.15646614,0.12468461,0.05131397,0.45379436,0.10386883,0.04211745,0.34584931,-0.02472913,-0.13519071,-0.06826431,-0.17308247,-0.13863331,-0.03462987,-0.07216121,-0.18391378,0.07822149,-0.15958479,-0.3136974,0.18553688,-0.17255029,2281000.02803629,0.07539484,0.09210218,0.06876631,-0.15981705,0.12492831,0.05079702,0.45498416,0.10225621,0.03799836,0.33513787,-0.02914341,-0.1475537,-0.07642058,-0.17548354,-0.13915291,-0.03099561,-0.06768722,-0.18193357,0.08354258,-0.15731007,-0.31426725,0.17505056,-0.17944923,2282000.03313994,0.07963539,0.09188154,0.07232226,-0.16005558,0.13052829,0.04705399,0.45265257,0.10030536,0.03552476,0.3424105,-0.0276923,-0.14257023,-0.07706787,-0.1759301,-0.14044304,-0.02805263,-0.08115471,-0.18253016,0.08002067,-0.16388641,-0.31306097,0.17518932,-0.17692906,2283000.03302163,0.07779792,0.09130301,0.07243953,-0.15946345,0.13447575,0.05350104,0.44981554,0.10281199,0.03434392,0.33959305,-0.02701935,-0.13542938,-0.07342122,-0.17797205,-0.13999075,-0.03205505,-0.08659887,-0.18425301,0.08023598,-0.16274036,-0.31340975,0.17591338,-0.17393701,2284000.02993165,0.07651457,0.0905042,0.06437648,-0.14276096,0.13061848,0.06154853,0.45199549,0.10469952,0.04514553,0.34351712,-0.02284384,-0.13541493,-0.074298,-0.17913698,-0.1390145,-0.02579402,-0.0686452,-0.17823556,0.08978017,-0.15662235,-0.31035277,0.1767669,-0.1813374,2285000.02621258,0.07628421,0.08373049,0.06434513,-0.14741977,0.13161066,0.06197731,0.45476639,0.10390962,0.05197785,0.35822144,-0.02164003,-0.12866403,-0.07198122,-0.17372508,-0.13775347,-0.02802667,-0.07396179,-0.18418418,0.08696035,-0.15513109,-0.30987477,0.17625232,-0.17872767,2286000.02431538,0.07881255,0.09013411,0.06622031,-0.14751361,0.12989199,0.0566934,0.45649296,0.10740168,0.04752696,0.34231877,-0.02647785,-0.12470583,-0.07193433,-0.17337917,-0.14016674,-0.02799269,-0.07085176,-0.18297274,0.08025206,-0.15535113,-0.31279665,0.18125924,-0.17170158,2287000.02382157,0.0761108,0.0908009,0.06793371,-0.14919512,0.13044783,0.05360119,0.45405838,0.10390797,0.04464779,0.34572977,-0.02318407,-0.12508842,-0.06685429,-0.17229526,-0.14033368,-0.02711759,-0.061529,-0.18452814,0.08593323,-0.15759118,-0.31387013,0.17676184,-0.17303483,2288000.02708612,0.07353716,0.08972301,0.06782433,-0.14627531,0.13085465,0.05523214,0.45356262,0.10607581,0.04430389,0.33968839,-0.02696482,-0.12575218,-0.07442667,-0.17477624,-0.14261243,-0.02984954,-0.06452108,-0.1856609,0.08521874,-0.1590586,-0.31449345,0.17551981,-0.17014478,2289000.02696029,0.07559656,0.090524,0.0686445,-0.15407741,0.12794496,0.05246273,0.4549042,0.10289925,0.04140322,0.3465654,-0.03047451,-0.13447331,-0.07702208,-0.18038695,-0.14329223,-0.02699357,-0.07319106,-0.18640858,0.08323059,-0.1621237,-0.31490681,0.17113684,-0.17218009,2290000.02987912,0.08114649,0.09133003,0.07223004,-0.15690151,0.13026756,0.04853524,0.45552826,0.10204522,0.03809901,0.34231347,-0.02928874,-0.13951933,-0.07245075,-0.18068935,-0.14459375,-0.02655864,-0.07647986,-0.18582007,0.07707457,-0.15451199,-0.31500384,0.16943312,-0.17127459,2291000.03252736,0.08402031,0.09102839,0.07456125,-0.15717624,0.13523063,0.05633733,0.45504427,0.10124689,0.03519478,0.34776369,-0.03031187,-0.13570631,-0.08369257,-0.18059662,-0.1466101,-0.02562964,-0.08326392,-0.18842004,0.08733625,-0.15440258,-0.31482545,0.1810188,-0.17107749,2292000.03140974,0.08466358,0.09122571,0.07409354,-0.1579413,0.13061546,0.05144359,0.45693409,0.10268017,0.03440287,0.35113806,-0.03337933,-0.13857266,-0.08221205,-0.17374758,-0.14543517,-0.02214225,-0.08652472,-0.18518399,0.08959759,-0.15725574,-0.3124662,0.18391591,-0.17195451,2293000.02580504,0.07833484,0.08705651,0.06426065,-0.13918263,0.1240446,0.05769221,0.4556447,0.10785041,0.04669042,0.35542795,-0.02454629,-0.12529594,-0.08215395,-0.17593209,-0.14412126,-0.02532502,-0.0764937,-0.18623719,0.08129164,-0.15586349,-0.31092596,0.17666617,-0.17482133,2294000.02471178,0.07772851,0.08713435,0.06297544,-0.13753656,0.12585507,0.0633425,0.45555109,0.10605162,0.05257511,0.34571803,-0.02241483,-0.12085544,-0.07714637,-0.17334786,-0.14273027,-0.02527588,-0.06385285,-0.1841772,0.07885718,-0.16491216,-0.31063619,0.17256987,-0.1728874,2295000.02611708,0.07480493,0.08911847,0.06461222,-0.13892305,0.12946363,0.06002276,0.45603913,0.10478142,0.04718456,0.34691733,-0.02527782,-0.1324757,-0.0737812,-0.17500456,-0.14418922,-0.02280138,-0.06842142,-0.18459065,0.07873236,-0.15937196,-0.3129954,0.17721723,-0.17284352,2296000.02832726,0.07866076,0.08593882,0.06428473,-0.14661707,0.12879263,0.0555896,0.4573386,0.10445136,0.04408075,0.34920287,-0.0267478,-0.13778938,-0.07781229,-0.17297879,-0.14600757,-0.02114126,-0.06660623,-0.18535213,0.07786045,-0.16000597,-0.31324297,0.17457208,-0.16584574,2297000.02890934,0.07967897,0.08916937,0.06775129,-0.14593261,0.13032044,0.05768511,0.45903715,0.10515265,0.043402,0.34704852,-0.02630535,-0.1353969,-0.07581435,-0.17874357,-0.14523451,-0.02464162,-0.08414303,-0.18368581,0.08164844,-0.15988037,-0.31372434,0.1811886,-0.18048464,2298000.03141305,0.08044107,0.09279352,0.07072208,-0.150749,0.12880132,0.05192443,0.458606,0.10662223,0.04186495,0.35189208,-0.02583384,-0.14104022,-0.08541801,-0.17633136,-0.14837703,-0.02269663,-0.08018468,-0.18456413,0.07421608,-0.15809838,-0.31512234,0.18009657,-0.16927791,2299000.03044276,0.07946257,0.09642243,0.07430791,-0.1561656,0.12981711,0.05350495,0.45754161,0.10480943,0.03797291,0.34981453,-0.0313345,-0.13622436,-0.08584087,-0.18174227,-0.15080719,-0.02374109,-0.07484066,-0.18704385,0.08183353,-0.16138449,-0.31425065,0.18025164,-0.17062625,2300000.03216949,0.08487502,0.09064144,0.07723548,-0.15078011,0.13063411,0.05268031,0.4557192,0.1038768,0.03538853,0.34475341,-0.03206317,-0.14447585,-0.08150107,-0.17746918,-0.15012415,-0.02379397,-0.07800514,-0.18892403,0.08306675,-0.16507806,-0.31398407,0.17938082,-0.17171176,2301000.03243869,0.08916084,0.09490401,0.07472306,-0.15161373,0.13678938,0.05417982,0.45567614,0.10300326,0.0341383,0.35360274,-0.02738687,-0.14249271,-0.08155308,-0.1776624,-0.15049498,-0.02236332,-0.07927357,-0.18785353,0.07698778,-0.16167964,-0.31236529,0.18242335,-0.17192331,2302000.03004962,0.08201031,0.08731045,0.06556319,-0.136905,0.1315048,0.05858066,0.45385703,0.10633487,0.04582497,0.34903917,-0.0201347,-0.12990576,-0.07874647,-0.17623621,-0.14662413,-0.0207651,-0.07029442,-0.18563715,0.08143532,-0.15597735,-0.3101123,0.18135108,-0.17271233,2303000.03001263,0.08283066,0.08926291,0.06556533,-0.13541093,0.12873745,0.06289518,0.45704421,0.10761517,0.04992077,0.34770539,-0.01907773,-0.1307871,-0.07899035,-0.17708144,-0.14561138,-0.01935919,-0.07052287,-0.18268003,0.08369143,-0.16194382,-0.30815518,0.17344232,-0.16968271,2304000.02857865,0.0832856,0.09246242,0.06628162,-0.13951825,0.13089795,0.05657857,0.45991907,0.10782326,0.0455566,0.35583735,-0.02069003,-0.12549675,-0.08219911,-0.17544661,-0.1487674,-0.02289446,-0.072359,-0.18477315,0.08300578,-0.16822125,-0.31036681,0.174946,-0.17145623,2305000.03048029,0.08238624,0.09296209,0.06769042,-0.14080808,0.12548447,0.05921683,0.45697045,0.10668338,0.04315695,0.3586562,-0.0201099,-0.12785988,-0.08074879,-0.17720763,-0.14853187,-0.02270969,-0.07737104,-0.18535972,0.08237074,-0.16748437,-0.31088668,0.17847925,-0.16914837,2306000.02865611,0.08504692,0.0952049,0.06888653,-0.14120258,0.12760554,0.05618133,0.46039778,0.10692162,0.04270182,0.35738635,-0.02412141,-0.1296466,-0.09070227,-0.17985122,-0.14748047,-0.0215128,-0.07591616,-0.18636507,0.07225319,-0.16581753,-0.31102589,0.17799728,-0.16310842,2307000.03034401,0.08677866,0.08867797,0.06966192,-0.14574066,0.13526228,0.0535936,0.45934618,0.10538049,0.03975714,0.35155201,-0.026832,-0.13319145,-0.08515425,-0.17466816,-0.14970252,-0.02174687,-0.07600539,-0.18583141,0.08831587,-0.1614181,-0.31095734,0.18923637,-0.17065322,2308000.03152772,0.0854907,0.09495655,0.07129533,-0.14366612,0.1353042,0.04847382,0.45881787,0.10658304,0.03721609,0.35646942,-0.02785354,-0.13317423,-0.08069906,-0.17444697,-0.14929804,-0.02080383,-0.08088662,-0.18752746,0.0867383,-0.15936528,-0.31154415,0.18850778,-0.16989243,2309000.03350426,0.08695335,0.09426626,0.07495732,-0.14865109,0.13594298,0.05185759,0.45648345,0.10580545,0.03482252,0.35292888,-0.02636993,-0.14027987,-0.08906266,-0.17831084,-0.14888647,-0.02139402,-0.09577556,-0.18466185,0.08196979,-0.16145715,-0.30941507,0.18054052,-0.16722584,2310000.03186286,0.08455662,0.0913392,0.06863649,-0.13951641,0.13490482,0.05476894,0.45548397,0.10655768,0.03882465,0.35758668,-0.02032861,-0.13410707,-0.08307169,-0.17684029,-0.15045924,-0.01827781,-0.09112307,-0.18565819,0.08356051,-0.15381943,-0.30734095,0.17578304,-0.16473889,2311000.02871999,0.08828931,0.08990105,0.06446102,-0.12800431,0.12993947,0.06258164,0.45703891,0.10869595,0.04899895,0.34420845,-0.01391828,-0.12982652,-0.0710284,-0.177095,-0.14657697,-0.02061871,-0.07312038,-0.18653895,0.08015012,-0.1565509,-0.30546126,0.17322503,-0.15905599,2312000.02781258,0.08828931,0.09141539,0.06909256,-0.13731194,0.12976798,0.05312042,0.45741996,0.11167247,0.04618524,0.35348684,-0.01957406,-0.13925622,-0.07446764,-0.18029904,-0.14676401,-0.02247333,-0.07805681,-0.18432489,0.07752412,-0.16614018,-0.30577892,0.17329763,-0.16428143,2313000.03080874,0.08659852,0.09080571,0.0703628,-0.13975067,0.12997887,0.05350135,0.46280989,0.11124643,0.04345299,0.35602993,-0.02119846,-0.12990473,-0.07871065,-0.17214024,-0.14855948,-0.02146288,-0.08276769,-0.1851559,0.08239319,-0.17034447,-0.30689445,0.17956148,-0.1731827,2314000.03183754,0.0878292,0.09108457,0.07228189,-0.14020225,0.12927768,0.05762964,0.4595592,0.11038234,0.04227442,0.35189229,-0.01861801,-0.13217112,-0.07798654,-0.17898422,-0.14725053,-0.02586685,-0.07810324,-0.18641064,0.08039978,-0.15638857,-0.30764377,0.18308479,-0.16821721,2315000.03400343,0.09028634,0.09254955,0.0752369,-0.14608836,0.12659965,0.05324484,0.4574241,0.10887144,0.04038401,0.35636082,-0.02064466,-0.13054869,-0.07653872,-0.18175453,-0.14968435,-0.02347155,-0.08170272,-0.18857169,0.08642373,-0.15656905,-0.3065291,0.17740606,-0.16416939,2316000.03459324,0.09166636,0.09260383,0.07684167,-0.14589751,0.13139823,0.05824256,0.45685327,0.10837752,0.0366659,0.34965402,-0.02216562,-0.14012891,-0.08193499,-0.17861891,-0.1499428,-0.01698393,-0.08527724,-0.18683837,0.08314093,-0.15805818,-0.30469859,0.18481563,-0.16684023,2317000.03372998,0.0950274,0.09315912,0.077268,-0.14390425,0.13400529,0.05239295,0.45781788,0.10809115,0.03373791,0.34963793,-0.02202257,-0.13826717,-0.08314069,-0.17688748,-0.15085883,-0.02064548,-0.08731826,-0.18736364,0.07791608,-0.15729924,-0.30377564,0.18072757,-0.16536532,2318000.03075709,0.09034628,0.09360571,0.07158259,-0.13392037,0.12982327,0.05738947,0.45736974,0.11186688,0.04111159,0.35212284,-0.01484373,-0.14166266,-0.08565456,-0.17786893,-0.14900506,-0.01747618,-0.07747019,-0.18481934,0.08342692,-0.15960464,-0.30119634,0.18680872,-0.15996766,2319000.02963325,0.08788145,0.09001125,0.06653628,-0.12521695,0.13022038,0.06307453,0.45612606,0.11391249,0.05060941,0.34952369,-0.01211144,-0.13832982,-0.07202248,-0.17751659,-0.14794868,-0.01794152,-0.07874382,-0.18250971,0.08046485,-0.15080713,-0.2979005,0.17924176,-0.15985496,2320000.03037341,0.09176178,0.09091596,0.07070446,-0.12994885,0.12808195,0.0581349,0.45930037,0.11595102,0.04664935,0.35293534,-0.01384521,-0.13770868,-0.07840697,-0.17564365,-0.15079346,-0.01630615,-0.07414015,-0.18473642,0.07366394,-0.15469523,-0.30118281,0.17948715,-0.15886031,2321000.03090786,0.08998092,0.09204589,0.07150666,-0.133882,0.12957846,0.05878048,0.45865655,0.11142144,0.04294315,0.35733619,-0.01886,-0.13129257,-0.07086951,-0.1802792,-0.14973384,-0.02028742,-0.07185293,-0.18405524,0.08116367,-0.15384147,-0.30187291,0.17328337,-0.15254384,2322000.031937,0.09592131,0.09083033,0.07105076,-0.13228019,0.1243717,0.06084512,0.46039778,0.11083721,0.04228645,0.35075095,-0.01753838,-0.1403162,-0.08201598,-0.18040295,-0.14814079,-0.02505507,-0.07563619,-0.18369725,0.0794554,-0.15835464,-0.30100587,0.17387033,-0.1593671,2323000.03073407,0.0995516,0.09271227,0.07284381,-0.13806523,0.12880132,0.05633121,0.4575392,0.11430922,0.03948256,0.34304723,-0.02276604,-0.13161907,-0.0823717,-0.17744003,-0.14982106,-0.01749731,-0.08306342,-0.18464926,0.08531361,-0.1606926,-0.30022874,0.1812502,-0.16079891,2324000.02986027,0.10214759,0.0916609,0.07779828,-0.14074439,0.13643557,0.05945094,0.45859089,0.11183727,0.03699531,0.33960122,-0.02019151,-0.13962989,-0.07555623,-0.17940368,-0.15061709,-0.01791165,-0.08070643,-0.18851343,0.08711568,-0.15421066,-0.30001622,0.18928856,-0.15195335,2325000.02995661,0.1008263,0.09473553,0.07962616,-0.13718896,0.13704354,0.05740972,0.45819193,0.11166372,0.03349673,0.35201687,-0.02192342,-0.14087327,-0.07584874,-0.18110587,-0.1483272,-0.02029127,-0.08026796,-0.18432227,0.089019,-0.15164566,-0.29885989,0.18510932,-0.14914332,2326000.02867492,0.0989181,0.0896787,0.07079183,-0.12812465,0.13203929,0.06071663,0.45553049,0.11454462,0.04170023,0.35514188,-0.01844734,-0.14021623,-0.06854679,-0.17818432,-0.14770898,-0.01891513,-0.08059499,-0.18255413,0.08377461,-0.1518918,-0.29551971,0.18583426,-0.15683432,2327000.02882149,0.09418885,0.08710168,0.06496997,-0.12046706,0.13073035,0.06410746,0.46089524,0.11557838,0.05084641,0.35086912,-0.0139021,-0.1311326,-0.06988772,-0.17592487,-0.14807959,-0.0150597,-0.07486451,-0.17874926,0.0806991,-0.15508924,-0.29203257,0.1828789,-0.15451407,2328000.02659204,0.09652227,0.09016093,0.06865087,-0.12548947,0.12861107,0.06027173,0.45801109,0.11433586,0.04645751,0.35188147,-0.01860008,-0.13327956,-0.07478611,-0.17751309,-0.14698081,-0.01742337,-0.08356268,-0.18440351,0.08140836,-0.16294678,-0.2936101,0.17691326,-0.15504816,2329000.02961889,0.09421507,0.09154049,0.06814618,-0.12834065,0.12747213,0.05941201,0.46029466,0.11550263,0.04189051,0.36164927,-0.0243253,-0.13796689,-0.07352445,-0.17602392,-0.1475421,-0.01865907,-0.08164994,-0.18134601,0.08028256,-0.15947555,-0.29384506,0.18476009,-0.15093119,2330000.02784315,0.10066532,0.09054523,0.06955688,-0.13088009,0.12615867,0.05665847,0.45943791,0.11422656,0.04201725,0.3525793,-0.02306943,-0.14130406,-0.07163964,-0.17562339,-0.14709364,-0.02103419,-0.08291836,-0.18030176,0.08059467,-0.15903568,-0.29394436,0.17644334,-0.15000863,2331000.02925007,0.1027486,0.09220515,0.07221608,-0.12906976,0.12837538,0.05599967,0.45733252,0.11271798,0.03905483,0.3416355,-0.03171688,-0.14684899,-0.07461997,-0.17809314,-0.14741915,-0.01552531,-0.07768556,-0.1812503,0.08091227,-0.16028814,-0.29535389,0.18537574,-0.15251373,2332000.03092902,0.10123844,0.09101876,0.07604484,-0.1358055,0.13245153,0.06079882,0.45562679,0.1146825,0.03382058,0.34631655,-0.03112194,-0.15030748,-0.07836902,-0.18049803,-0.14864404,-0.02184705,-0.08297677,-0.18671297,0.08408517,-0.15722531,-0.29264712,0.18656987,-0.15559351,2333000.03294804,0.09854572,0.09320801,0.07918101,-0.13710764,0.13428645,0.05555316,0.45506233,0.11374998,0.0330895,0.34514862,-0.03286484,-0.13870291,-0.07868329,-0.18160494,-0.1476429,-0.02304298,-0.08031645,-0.18615855,0.08189822,-0.14601153,-0.2934804,0.18617687,-0.15928186,2334000.03088913,0.10096651,0.09190856,0.07238782,-0.12832095,0.13318813,0.05222262,0.45739701,0.1136765,0.03596799,0.34410825,-0.0272225,-0.13880891,-0.07014155,-0.17885347,-0.14629301,-0.02503761,-0.07487194,-0.17991345,0.0825472,-0.14583975,-0.29226112,0.183488,-0.15323222,2335000.02600083,0.09740259,0.08949686,0.06632257,-0.11765029,0.12802026,0.06542129,0.46038735,0.11629345,0.04650429,0.35847834,-0.02293415,-0.13544402,-0.07049979,-0.1765997,-0.14365555,-0.01993474,-0.07747754,-0.18289752,0.08564462,-0.15133992,-0.28767061,0.18092352,-0.14863499,2336000.02802751,0.10078035,0.09128715,0.06922662,-0.12147043,0.13070045,0.05886555,0.46007541,0.11476129,0.04482736,0.36134934,-0.02360607,-0.13821056,-0.07201661,-0.1766493,-0.14441513,-0.02154527,-0.06782147,-0.17930259,0.08032446,-0.15455012,-0.28762496,0.18436219,-0.14347927,2337000.02315998,0.09934901,0.0949144,0.06731013,-0.12691709,0.12409575,0.0588429,0.45964518,0.11452509,0.04051822,0.35298386,-0.03170663,-0.13625328,-0.07073087,-0.1805319,-0.14653115,-0.02193137,-0.07847635,-0.18243806,0.08255234,-0.15860081,-0.28896502,0.18218195,-0.1606669,2338000.02983255,0.09832793,0.09407912,0.06886804,-0.12928092,0.12532495,0.05826455,0.45536929,0.11189504,0.03802114,0.33639419,-0.03322199,-0.13808173,-0.07606366,-0.18038963,-0.14581925,-0.02985641,-0.08852788,-0.17832997,0.0860002,-0.15877494,-0.28962037,0.17754656,-0.16108041,2339000.02894952,0.10027704,0.09352399,0.07302118,-0.13458164,0.12589777,0.05953205,0.45871732,0.11262705,0.0365025,0.34001309,-0.04143352,-0.13470165,-0.07864052,-0.17704658,-0.14643832,-0.02428582,-0.08794437,-0.18215048,0.08796032,-0.15128486,-0.28911194,0.18474154,-0.15590487,2340000.028998,0.10068485,0.09521642,0.075197,-0.13629575,0.13363312,0.05457353,0.45865655,0.11159375,0.03268734,0.34388804,-0.03978502,-0.14443727,-0.07752567,-0.18435335,-0.14760387,-0.02867969,-0.08717398,-0.18387656,0.08467016,-0.14903784,-0.2892746,0.18497509,-0.15568933,2341000.02978418,0.10673229,0.09516244,0.07784843,-0.13828707,0.13081536,0.05495889,0.45737177,0.1087085,0.02986659,0.34069535,-0.04313979,-0.149395,-0.07948674,-0.18499315,-0.14719832,-0.02627109,-0.09605895,-0.18172176,0.08431026,-0.16199274,-0.28923631,0.18457542,-0.15476769,2342000.03079277,0.10583178,0.09109018,0.07749116,-0.1388609,0.13215527,0.05669608,0.45561677,0.11094582,0.02771061,0.33947423,-0.04702577,-0.13609765,-0.069578,-0.18265161,-0.14581637,-0.02891807,-0.08479071,-0.18356766,0.08573332,-0.16648093,-0.28711495,0.18580021,-0.15666433,2343000.02909364,0.09732787,0.09272999,0.06987905,-0.12821524,0.12930481,0.05913932,0.45879138,0.11419696,0.03384975,0.34569052,-0.04196789,-0.14465183,-0.07431548,-0.18601272,-0.14400925,-0.02450354,-0.07597011,-0.18353294,0.07687046,-0.15989892,-0.28610227,0.17587721,-0.15003289,2344000.02776437,0.09453698,0.08940347,0.06664302,-0.12097781,0.12574606,0.05761967,0.45603198,0.11389843,0.04450018,0.35184094,-0.03593053,-0.14378305,-0.07989947,-0.18044871,-0.14092949,-0.0207441,-0.07475943,-0.18377869,0.08927706,-0.15407357,-0.2836273,0.17777635,-0.15070428,2345000.03038593,0.0995314,0.08883732,0.06663518,-0.12948298,0.1244461,0.0560111,0.45607498,0.11244083,0.04122685,0.35031849,-0.04436837,-0.14608409,-0.06747565,-0.18024018,-0.14198972,-0.02372089,-0.0796004,-0.18143603,0.08499734,-0.15339135,-0.28386399,0.17448044,-0.14766808,2346000.02912407,0.10129197,0.09047133,0.06860019,-0.13178548,0.12292805,0.05772977,0.4588317,0.11162777,0.03755084,0.3479358,-0.04637429,-0.14341974,-0.08061578,-0.17937624,-0.14288899,-0.02770209,-0.07918449,-0.18252303,0.08487012,-0.15703252,-0.28457177,0.18362643,-0.15120465,2347000.02748427,0.0967145,0.09449118,0.06902645,-0.13037246,0.12548603,0.05280103,0.45820844,0.10893543,0.03557434,0.33954498,-0.04595395,-0.14356013,-0.08109525,-0.17850266,-0.1448535,-0.02396773,-0.08567038,-0.18288036,0.08450826,-0.15430751,-0.28526458,0.17896385,-0.14925686,2348000.02796932,0.10023776,0.09252419,0.07098072,-0.13687526,0.13155814,0.0549366,0.4550193,0.1102063,0.03481318,0.3345983,-0.04465125,-0.14779617,-0.07680112,-0.18294199,-0.14474113,-0.02406142,-0.08029876,-0.17916963,0.08234809,-0.14850543,-0.28502625,0.17943001,-0.14864023,2349000.02856098,0.09698125,0.09446717,0.07153472,-0.13588145,0.13562536,0.05621994,0.45779365,0.11107668,0.03115803,0.3348746,-0.05041536,-0.14480925,-0.08355588,-0.18295491,-0.14423603,-0.02899682,-0.08062728,-0.18227392,0.07542519,-0.15404673,-0.2854279,0.18234199,-0.1518658,2350000.03044276,0.10159373,0.09319569,0.07460896,-0.14081693,0.13150495,0.05704693,0.45465884,0.10826853,0.02772497,0.34436336,-0.05576083,-0.15264951,-0.07483663,-0.18230197,-0.14440544,-0.03058175,-0.08945342,-0.1786311,0.0732186,-0.16504133,-0.28572819,0.18068302,-0.1525773,2351000.02769706,0.09774165,0.08946373,0.07178261,-0.13721283,0.13088197,0.05522917,0.45487016,0.10727186,0.02932936,0.3469044,-0.05363452,-0.14075765,-0.07519966,-0.1892298,-0.14271034,-0.0316574,-0.08112179,-0.17770059,0.08194914,-0.15750103,-0.28460816,0.18286163,-0.15055241,2352000.02723194,0.0953552,0.08996116,0.06495531,-0.12642549,0.13095695,0.06034558,0.45924962,0.11033646,0.04066206,0.33863702,-0.04606633,-0.14274673,-0.06931102,-0.18565664,-0.1389371,-0.02529669,-0.09524063,-0.18192741,0.07879401,-0.1502247,-0.28150702,0.18140413,-0.15460435,2353000.02775589,0.09512096,0.09291528,0.06753648,-0.12630749,0.12573832,0.05747052,0.45479131,0.11047431,0.0411064,0.34748951,-0.04835612,-0.14691485,-0.06999338,-0.18491961,-0.14175318,-0.0275774,-0.08151159,-0.17548062,0.07871463,-0.15050052,-0.27976477,0.18451142,-0.14673384,2354000.02969647,0.09740259,0.09338672,0.06920345,-0.13401584,0.12267581,0.05526914,0.45609063,0.1088663,0.03771671,0.35208184,-0.05121957,-0.13169864,-0.07035225,-0.18247798,-0.14183414,-0.02733469,-0.08505256,-0.17905211,0.08469397,-0.15174165,-0.28088129,0.17985041,-0.15064533,2355000.0285709,0.09978905,0.09180535,0.06804168,-0.13707019,0.1251424,0.05296785,0.45374209,0.10840393,0.03641016,0.34329697,-0.05061389,-0.15110244,-0.07718193,-0.18349718,-0.14030576,-0.03014665,-0.07397713,-0.17778346,0.0796598,-0.14916424,-0.2811996,0.17902191,-0.14926557,2356000.02589349,0.09701367,0.08989374,0.06856534,-0.13546181,0.12957667,0.05543414,0.45687002,0.10756633,0.03553861,0.35042679,-0.05772141,-0.14906597,-0.07565026,-0.18336533,-0.14129062,-0.02832975,-0.08732153,-0.17810062,0.08092232,-0.15524614,-0.28257108,0.18805209,-0.14919806,2357000.02813425,0.09974056,0.09136418,0.07418294,-0.14030625,0.1348501,0.05303329,0.45588997,0.10764889,0.03258646,0.34909883,-0.05677566,-0.14495526,-0.07714204,-0.18817936,-0.14132354,-0.02555193,-0.08496562,-0.17983617,0.08122949,-0.15463874,-0.28476569,0.18606643,-0.14702213,2358000.03007549,0.09777389,0.09300725,0.07764923,-0.14128308,0.13653792,0.05342232,0.45175675,0.10775036,0.02975739,0.34252909,-0.05897596,-0.14345457,-0.07513035,-0.18700068,-0.14117487,-0.03009907,-0.07897554,-0.17669712,0.08067441,-0.15463138,-0.28304219,0.18490955,-0.15123762,2359000.03177396,0.09793359,0.09345137,0.0761751,-0.14176811,0.13484064,0.04918,0.45709208,0.10763964,0.02687436,0.33219349,-0.05840921,-0.1488806,-0.06520748,-0.18796988,-0.14235927,-0.02558631,-0.08389908,-0.1762211,0.08507149,-0.15039964,-0.28228289,0.18622376,-0.141977,2360000.02629161,0.09591432,0.09301209,0.06572277,-0.12481172,0.13127385,0.06088504,0.45517927,0.10993647,0.04005228,0.33788663,-0.05084872,-0.14441903,-0.08101504,-0.18243636,-0.14103729,-0.02374097,-0.09170961,-0.17452043,0.07994178,-0.15295482,-0.28032732,0.18145487,-0.14365581,2361000.02710579,0.09196905,0.09081616,0.06568971,-0.12908839,0.13392892,0.05681983,0.45607314,0.11244083,0.0451401,0.34081972,-0.05173564,-0.1576349,-0.07935051,-0.18401842,-0.13853182,-0.02791496,-0.08388031,-0.17276534,0.07898669,-0.15055671,-0.28009543,0.18235543,-0.14741996,2362000.02782362,0.09469425,0.09526762,0.06812772,-0.13191442,0.12741208,0.06331527,0.4572891,0.11146045,0.04060057,0.34987208,-0.05536522,-0.14492157,-0.07258095,-0.18770258,-0.13885044,-0.02559252,-0.07755295,-0.1755345,0.084904,-0.15401898,-0.28187221,0.18487094,-0.15233266,2363000.02740622,0.09626129,0.09382538,0.06907029,-0.13508056,0.12516554,0.05885296,0.45700935,0.10909756,0.03811443,0.34625897,-0.05964699,-0.15184924,-0.07340211,-0.18191338,-0.13616303,-0.01976585,-0.08733755,-0.17314234,0.08005249,-0.154953,-0.28179064,0.18540011,-0.15553583,2364000.0295805,0.09375412,0.09527037,0.0692101,-0.13841027,0.12670876,0.06170237,0.45849964,0.10879304,0.03725865,0.34828532,-0.05774932,-0.14377269,-0.07988761,-0.18234567,-0.13796593,-0.02235917,-0.07147146,-0.17459413,0.07410599,-0.15865813,-0.28188118,0.18256792,-0.15251626,2365000.02896884,0.09662766,0.09391484,0.07242266,-0.13768588,0.13652825,0.05799348,0.45756325,0.10666168,0.03336452,0.34765244,-0.0617979,-0.1471725,-0.07707927,-0.18730004,-0.13976137,-0.0334035,-0.08629303,-0.17420058,0.07984886,-0.15549682,-0.28162596,0.18238275,-0.14971296,2366000.02880371,0.09983807,0.09472039,0.07415658,-0.13878916,0.13673727,0.05329896,0.45554802,0.10645882,0.03044313,0.33945179,-0.06371178,-0.1536693,-0.07931422,-0.1887394,-0.14171916,-0.03004348,-0.08796897,-0.17334828,0.07570321,-0.15557826,-0.28203005,0.18946064,-0.15501903,2367000.02856098,0.10086606,0.09383664,0.07636391,-0.14241728,0.13763033,0.05334904,0.45725814,0.10573401,0.0279073,0.3364543,-0.06525223,-0.1567433,-0.08637294,-0.19184014,-0.14117689,-0.0267638,-0.07862051,-0.17538758,0.08058874,-0.15805644,-0.28304097,0.18206654,-0.15389234,2368000.02902636,0.09502107,0.09456043,0.0701744,-0.13705774,0.13235167,0.05711522,0.45593551,0.1074639,0.03294109,0.34110603,-0.05966781,-0.14669037,-0.07790139,-0.19041218,-0.13858062,-0.02619468,-0.09089421,-0.17565347,0.08151164,-0.15627606,-0.28316405,0.17932327,-0.14727588,2369000.02548682,0.09332763,0.08988091,0.06427767,-0.12576868,0.13119942,0.06529782,0.4569028,0.10987621,0.04387323,0.34990561,-0.05921825,-0.14644696,-0.07976,-0.18582247,-0.13597116,-0.02593879,-0.08940839,-0.17114975,0.08534944,-0.15454881,-0.28091806,0.17609394,-0.15402125,2370000.02536057,0.09236939,0.09230672,0.06814618,-0.13257109,0.1295518,0.06228109,0.45831504,0.10885496,0.04181927,0.34946436,-0.06514904,-0.14788151,-0.08195193,-0.18053705,-0.13763705,-0.02661862,-0.07136826,-0.17284571,0.07771359,-0.15303683,-0.28311914,0.17542334,-0.14954859,2371000.02505008,0.09196191,0.08601613,0.07144872,-0.13668008,0.12634964,0.05770495,0.45995629,0.10767968,0.03813362,0.34502363,-0.06679539,-0.14203237,-0.08499467,-0.18450516,-0.13906945,-0.02860894,-0.09023457,-0.17195037,0.08369129,-0.15458414,-0.2829763,0.18640806,-0.15660357,2372000.02638825,0.08797322,0.09086628,0.06978191,-0.13851604,0.12372201,0.0585769,0.45839328,0.10950533,0.03546005,0.34460387,-0.06412303,-0.14545313,-0.08998566,-0.18646298,-0.13840027,-0.02704339,-0.08109444,-0.1737633,0.08110138,-0.15860589,-0.28388712,0.18480644,-0.15147275,2373000.02909488,0.09341311,0.09518679,0.07299349,-0.14006332,0.13037805,0.05911859,0.45788833,0.1089047,0.03293143,0.35176641,-0.06652164,-0.1458654,-0.09282367,-0.18833272,-0.13950263,-0.03019551,-0.06284847,-0.17410176,0.07501163,-0.1599746,-0.28530219,0.18329427,-0.15201463,2374000.02966722,0.09415001,0.09221991,0.0757324,-0.14094877,0.13554369,0.05714847,0.45917904,0.10558439,0.0296041,0.3501237,-0.0688606,-0.14968242,-0.09031023,-0.18722232,-0.14279163,-0.02835087,-0.09169201,-0.17558841,0.0813453,-0.16288169,-0.28589103,0.17927861,-0.16184196,2375000.02910391,0.09495216,0.09613283,0.07864731,-0.14649719,0.14135723,0.05396174,0.45605516,0.10707249,0.02762633,0.34695852,-0.07124552,-0.15617564,-0.09147114,-0.19025308,-0.14019546,-0.02920924,-0.09014062,-0.17755881,0.07833005,-0.15932523,-0.28709957,0.18589829,-0.15671939,2376000.03116977,0.09399289,0.09813432,0.07756373,-0.14304896,0.14213319,0.05876425,0.45872855,0.10646083,0.02601338,0.33888969,-0.07239711,-0.15668352,-0.08927253,-0.19190639,-0.14047317,-0.02636242,-0.07171904,-0.17794111,0.07486958,-0.16306438,-0.28709957,0.18877524,-0.14884013,2377000.02995661,0.09389977,0.09046181,0.06764747,-0.13217656,0.13038567,0.06114063,0.45622733,0.11053426,0.03881232,0.33972451,-0.06417334,-0.15088651,-0.08293955,-0.18492472,-0.13937809,-0.02419208,-0.07402363,-0.17574991,0.0803417,-0.15829904,-0.28480557,0.18250591,-0.1523657,2378000.02922086,0.09225804,0.09352692,0.06840761,-0.12923777,0.12712809,0.05933406,0.4589932,0.10764846,0.04113364,0.34866765,-0.06613571,-0.14109521,-0.07952435,-0.18581668,-0.13915899,-0.02525529,-0.08668393,-0.17254364,0.07980956,-0.16358745,-0.28635678,0.17883559,-0.1491324,2379000.03066698,0.09465772,0.09460989,0.07091868,-0.13682283,0.13011743,0.05794737,0.45958182,0.10831201,0.03459686,0.35144019,-0.06869905,-0.14474356,-0.08877341,-0.18889627,-0.1408594,-0.029556,-0.07512556,-0.17539109,0.07726476,-0.16533332,-0.28980097,0.17621207,-0.15226281,2380000.03008435,0.09516001,0.09372088,0.06972655,-0.13570786,0.1340152,0.05386851,0.45838183,0.10819233,0.03261169,0.34331632,-0.07019239,-0.14621773,-0.09136012,-0.18934943,-0.14084621,-0.02647291,-0.07853512,-0.17415628,0.08116163,-0.17254438,-0.2904495,0.17801027,-0.15879546,2381000.03087032,0.09326272,0.09413845,0.07283986,-0.1429567,0.13823918,0.05495869,0.45995557,0.1060897,0.03103439,0.34412536,-0.07591435,-0.15581247,-0.09085082,-0.19085924,-0.14127354,-0.0276391,-0.08709857,-0.17482544,0.07553708,-0.17172262,-0.29147795,0.18695112,-0.1592512,2382000.03191838,0.09477579,0.09236645,0.07605114,-0.14326115,0.13684288,0.05462538,0.46164855,0.10717248,0.02970549,0.34668973,-0.078853,-0.16135357,-0.09538319,-0.18987101,-0.1408852,-0.03115105,-0.07356466,-0.17511874,0.07172139,-0.16419382,-0.29169506,0.18085881,-0.15800625,2383000.0320145,0.0973302,0.09688432,0.07783136,-0.14307326,0.13901569,0.0586442,0.46020001,0.10543218,0.02553212,0.34086651,-0.07740728,-0.14817889,-0.08888455,-0.19375528,-0.14191943,-0.02805107,-0.08331578,-0.17638327,0.0756911,-0.15927531,-0.29126507,0.18188247,-0.14892365,2384000.03167154,0.09719431,0.09303674,0.07843048,-0.14356792,0.13348231,0.05890527,0.456177,0.10453147,0.02579077,0.34843186,-0.07016829,-0.14688948,-0.09034767,-0.19162375,-0.14300254,-0.02702152,-0.09047411,-0.17345135,0.07515611,-0.16897582,-0.29371998,0.18163648,-0.15687349,2385000.02513794,0.09001644,0.09168309,0.07022681,-0.13167581,0.13006441,0.06034872,0.45688304,0.10972444,0.03812743,0.34918398,-0.06806163,-0.16211949,-0.09240371,-0.19373213,-0.14079759,-0.0232189,-0.07733273,-0.17680807,0.07301517,-0.16669008,-0.29258221,0.18864807,-0.16289726,2386000.02940364,0.09091106,0.09408452,0.07158557,-0.13468063,0.12821005,0.05842528,0.45817536,0.10798743,0.03813962,0.34482959,-0.06658798,-0.14825669,-0.08365069,-0.190798,-0.14051946,-0.02432175,-0.0767518,-0.17399448,0.07803362,-0.16068709,-0.29115644,0.17874755,-0.15513758,2387000.02896787,0.0884628,0.0925631,0.0729054,-0.14009088,0.12947261,0.06265658,0.46033585,0.10650802,0.03259642,0.34237567,-0.07403019,-0.15845627,-0.08421868,-0.1931026,-0.14298074,-0.02787263,-0.08864979,-0.17545606,0.07224906,-0.16849358,-0.29409248,0.18207799,-0.15723212,2388000.02967592,0.09140464,0.09417269,0.073094,-0.14190903,0.13157533,0.06128232,0.46127233,0.10729232,0.0313656,0.35038951,-0.0723797,-0.15291405,-0.09037538,-0.1902667,-0.14174688,-0.02967001,-0.08058584,-0.17668149,0.07547352,-0.17074135,-0.29442069,0.18408281,-0.15947753,2389000.03119919,0.09419649,0.0961681,0.07340956,-0.14289881,0.13493641,0.05737526,0.45797127,0.10791391,0.02961861,0.35428444,-0.07412396,-0.15160535,-0.09168482,-0.1926457,-0.14209509,-0.03101802,-0.07722335,-0.17374398,0.07410712,-0.16182218,-0.29496565,0.17927258,-0.16276534,2390000.03218797,0.09486014,0.09849533,0.0770907,-0.14710268,0.13883723,0.05955532,0.45782492,0.1059678,0.02760042,0.34342098,-0.07790247,-0.14381166,-0.09488813,-0.19397296,-0.14283162,-0.02295885,-0.08281028,-0.17370501,0.07336932,-0.16313115,-0.29565343,0.18217662,-0.16563897,2391000.03142078,0.09514558,0.09658332,0.07868183,-0.14832924,0.1392781,0.05469504,0.45826751,0.10622075,0.02374617,0.34010249,-0.07888773,-0.1425506,-0.09531327,-0.19199112,-0.14398123,-0.02359704,-0.08164748,-0.1768534,0.07419848,-0.15975033,-0.2974602,0.18568145,-0.16870841,2392000.02996462,0.09171545,0.0958925,0.0739194,-0.13967033,0.13097207,0.0597875,0.45951891,0.10546187,0.03035739,0.34015712,-0.0676126,-0.1537879,-0.09146418,-0.19162011,-0.14362842,-0.0267156,-0.07448128,-0.17647056,0.08015139,-0.16158356,-0.29703018,0.18704529,-0.16402332,2393000.02865611,0.08978093,0.09378923,0.06869821,-0.13014436,0.1303733,0.06173233,0.46142045,0.10768173,0.04098679,0.34441102,-0.06758212,-0.15656021,-0.08937938,-0.19156955,-0.141045,-0.02306884,-0.08398978,-0.17955774,0.07500312,-0.16662295,-0.29541093,0.17960042,-0.16496058,2394000.03385254,0.09069332,0.09877291,0.07304176,-0.13475828,0.12921579,0.05908645,0.46080127,0.11005341,0.03661359,0.3424558,-0.06762763,-0.14825661,-0.08650251,-0.18849598,-0.14306432,-0.02413765,-0.07315648,-0.1738918,0.07806623,-0.16536973,-0.29736364,0.18276232,-0.15987192,2395000.03066698,0.08924258,0.0960557,0.0728531,-0.13869078,0.13154063,0.05742892,0.46135086,0.1052219,0.03389857,0.33917737,-0.06906177,-0.14741379,-0.08545256,-0.19398011,-0.14258277,-0.02552839,-0.07044398,-0.17091343,0.08117116,-0.17092472,-0.29922286,0.17503916,-0.16015197,2396000.03000678,0.09136289,0.09359117,0.07398527,-0.14090292,0.13533258,0.05363206,0.46119267,0.10467597,0.03202888,0.34764448,-0.07655189,-0.14283769,-0.08844317,-0.19652067,-0.14323701,-0.02337921,-0.08441845,-0.17612417,0.07222337,-0.17870779,-0.30126151,0.18141018,-0.16242079,2397000.02922972,0.09446176,0.09713471,0.07485009,-0.14876485,0.14151528,0.05610092,0.46307319,0.10446019,0.03043971,0.35159248,-0.07441622,-0.15042199,-0.09167649,-0.19044594,-0.14418648,-0.02494593,-0.08628255,-0.17825128,0.07366982,-0.16960584,-0.30232733,0.17757241,-0.16575904,2398000.03328767,0.09188161,0.09486267,0.07922881,-0.15070778,0.14103198,0.05041339,0.45947441,0.10472245,0.02730161,0.34495369,-0.08106638,-0.15099347,-0.10030483,-0.19111434,-0.14557074,-0.02622872,-0.08550546,-0.17717491,0.07742662,-0.16942033,-0.30300727,0.1830876,-0.16510426,2399000.03430652,0.09410045,0.09566773,0.078585,-0.15050972,0.13766168,0.04953898,0.45547289,0.10431883,0.02510754,0.3453413,-0.07446782,-0.15486822,-0.09432738,-0.19373915,-0.14399572,-0.03097142,-0.09241523,-0.17796189,0.07905436,-0.16796134,-0.30146447,0.19101803,-0.16539884,2400000.02966545,0.08956496,0.09675305,0.07015679,-0.13368402,0.13187978,0.06059324,0.46060979,0.10730574,0.03525073,0.34568495,-0.06967326,-0.15072286,-0.08896692,-0.18736213,-0.14234057,-0.03000701,-0.09318516,-0.17555255,0.07391733,-0.1686656,-0.30173916,0.18556052,-0.1594054,2401000.02958965,0.08957782,0.09400354,0.06796953,-0.13717984,0.13160254,0.05950746,0.45897815,0.11014663,0.04062689,0.35220402,-0.06694451,-0.14837,-0.08933701,-0.18577071,-0.14251254,-0.0319365,-0.07627412,-0.17967768,0.06883524,-0.16357607,-0.30205598,0.17094916,-0.16067724,2402000.02944449,0.08888599,0.09410601,0.07017707,-0.14396971,0.13053423,0.05355217,0.45976752,0.10639821,0.03500941,0.3530851,-0.07433004,-0.14608409,-0.09053431,-0.19075021,-0.14423613,-0.03365274,-0.08875136,-0.17574517,0.07494873,-0.17183334,-0.30420572,0.18227544,-0.1627897,2403000.03166889,0.08666086,0.0983251,0.07074322,-0.14620446,0.12942411,0.05413362,0.4589932,0.10570598,0.03236981,0.33624801,-0.07769239,-0.16547546,-0.10072152,-0.19077627,-0.14522943,-0.03339561,-0.08434828,-0.17380048,0.08110148,-0.17124291,-0.30746976,0.18716189,-0.16623236,2404000.02865832,0.09144609,0.09688004,0.0742394,-0.14545737,0.13107006,0.05204589,0.45965061,0.10611694,0.03202334,0.34444651,-0.07584012,-0.16189849,-0.09316163,-0.18854918,-0.146276,-0.03398624,-0.07920279,-0.17793122,0.08066913,-0.16956919,-0.30987817,0.18015319,-0.17605883,2405000.03084275,0.09200598,0.09676705,0.07466573,-0.15190238,0.13598967,0.04770862,0.46123675,0.10334371,0.02710197,0.34103346,-0.08170845,-0.15729038,-0.09469379,-0.19158244,-0.1474213,-0.03417316,-0.08604392,-0.17900284,0.08026884,-0.17301816,-0.31019622,0.18475853,-0.16937946,2406000.03283322,0.09391503,0.09668586,0.07920682,-0.15735535,0.13834253,0.05135369,0.45877329,0.09999599,0.0239978,0.342599,-0.08587004,-0.15897262,-0.09516508,-0.19001326,-0.14716356,-0.03384231,-0.08434547,-0.18249311,0.08168385,-0.17569937,-0.31179824,0.17949744,-0.17305596,2407000.03171518,0.08938006,0.0949979,0.07880046,-0.15388399,0.13762869,0.0480943,0.45841897,0.10488523,0.02364754,0.3358795,-0.08152114,-0.14856963,-0.09939911,-0.18959369,-0.14874744,-0.0348754,-0.09226892,-0.17972828,0.07580924,-0.17901337,-0.30992296,0.18622018,-0.17177494,2408000.02805643,0.0846739,0.09605373,0.06852312,-0.14528354,0.13332234,0.06015251,0.45696196,0.10437084,0.03589246,0.34065306,-0.07537559,-0.15451084,-0.10224166,-0.18640988,-0.14492171,-0.04133222,-0.0841085,-0.18052937,0.07834542,-0.17618701,-0.30866531,0.18298158,-0.17550112,2409000.02816333,0.08571707,0.09657027,0.06935482,-0.14464821,0.13095516,0.05667992,0.46138352,0.10230623,0.03725863,0.34680185,-0.07560427,-0.16440155,-0.0978656,-0.18680885,-0.14548543,-0.03976051,-0.08415421,-0.18052514,0.0799827,-0.1698387,-0.31064019,0.1762273,-0.16980959,2410000.02866801,0.08828101,0.09787115,0.0701818,-0.15518104,0.12929378,0.05451665,0.4633925,0.10220269,0.03167298,0.33427542,-0.0802138,-0.1479459,-0.09969275,-0.18552552,-0.14724058,-0.03493032,-0.07762704,-0.18581165,0.07405768,-0.18044606,-0.31555361,0.18284272,-0.17287096,2411000.03242636,0.08695371,0.0997861,0.07038206,-0.1518912,0.13264084,0.04867636,0.45990199,0.10400422,0.02909281,0.33042675,-0.08221678,-0.15768713,-0.1078674,-0.18370661,-0.14820421,-0.03823231,-0.08164812,-0.185829,0.07533424,-0.18570475,-0.31814295,0.18458739,-0.1728874,2412000.02892037,0.08467647,0.09506745,0.07080879,-0.15621439,0.13591452,0.05292349,0.46109453,0.10015362,0.02738307,0.33518648,-0.0864233,-0.15982541,-0.10822993,-0.18752846,-0.14954506,-0.04178477,-0.08159065,-0.18642941,0.08161205,-0.18253146,-0.31917608,0.18062687,-0.18173814,2413000.03005631,0.08642682,0.09623286,0.07473435,-0.16343199,0.13685884,0.04813201,0.45941308,0.09997801,0.02473094,0.33352992,-0.08728261,-0.15607706,-0.10967772,-0.18819176,-0.15008309,-0.0451337,-0.08515196,-0.18842235,0.08206485,-0.17887825,-0.3187438,0.18399645,-0.17483424,2414000.03315433,0.08627623,0.09915069,0.07437439,-0.1676722,0.1392729,0.04898972,0.46136898,0.1001506,0.02138655,0.3383486,-0.08822324,-0.14665492,-0.10822356,-0.18820994,-0.15196171,-0.04178475,-0.08623168,-0.18761058,0.08195115,-0.18122892,-0.31887954,0.18003115,-0.17582178,2415000.03617632,0.08486584,0.10312534,0.07490311,-0.16600321,0.13930707,0.04319414,0.46140927,0.09797511,0.01948241,0.34408218,-0.08653007,-0.15210374,-0.10257755,-0.18427944,-0.15437765,-0.0455497,-0.09419845,-0.18735842,0.07932726,-0.18536867,-0.31827036,0.18044013,-0.17153592,2416000.02860937,0.08218876,0.10007375,0.06832799,-0.15255401,0.12896372,0.0504231,0.46097666,0.10009255,0.02906427,0.33678252,-0.0820289,-0.15040314,-0.1068548,-0.18653727,-0.15152314,-0.047846,-0.08374164,-0.19048317,0.08062129,-0.18206958,-0.31769109,0.18377866,-0.18237631,2417000.02883289,0.08050481,0.09668088,0.06845302,-0.15286966,0.12487377,0.05260957,0.46059218,0.10153231,0.03653788,0.34385788,-0.07766315,-0.16226083,-0.10896,-0.18772964,-0.14974822,-0.04042509,-0.08066875,-0.18731652,0.07820652,-0.17683551,-0.31820118,0.17230429,-0.18169263,2418000.02798843,0.0829671,0.09708791,0.07110722,-0.15971451,0.13485546,0.04579524,0.46382427,0.10083558,0.03083866,0.34086549,-0.08428951,-0.16332774,-0.11110637,-0.18377544,-0.15127701,-0.04901364,-0.08222445,-0.18668038,0.07785228,-0.1924275,-0.32270488,0.18027678,-0.18002145,2419000.02753254,0.08215544,0.09742573,0.06992511,-0.16087547,0.13311507,0.04724295,0.46230111,0.10154723,0.02803341,0.34186813,-0.08195613,-0.1590617,-0.11331042,-0.18798228,-0.1524985,-0.04881866,-0.07705844,-0.18824671,0.07972314,-0.18899532,-0.32464185,0.17767528,-0.18193881,2420000.02890101,0.0812069,0.09686962,0.0695475,-0.16419052,0.13477129,0.04506024,0.46146271,0.09875368,0.02735124,0.34386247,-0.08285263,-0.15769345,-0.10832809,-0.18805033,-0.15274724,-0.04965349,-0.08932559,-0.18641005,0.0825922,-0.1843873,-0.32515028,0.18841209,-0.18947583,2421000.0278626,0.08329874,0.09806802,0.07216803,-0.166069,0.13535595,0.04388126,0.46495938,0.09551023,0.02525445,0.33601394,-0.0880506,-0.15965053,-0.11241227,-0.18889406,-0.1549091,-0.04709101,-0.099518,-0.19138283,0.07911329,-0.1879108,-0.32623899,0.18402672,-0.18863182,2422000.02840582,0.08444601,0.0975661,0.07350873,-0.173632,0.13602498,0.04538355,0.45747563,0.09444899,0.02201633,0.33289313,-0.08842638,-0.1612146,-0.11351311,-0.18450758,-0.15378945,-0.04633738,-0.0941777,-0.18853782,0.07800191,-0.18192646,-0.32659325,0.17909081,-0.17867371,2423000.03026877,0.08570569,0.0942971,0.07175395,-0.17159933,0.13694304,0.04104256,0.460062,0.09521567,0.02121654,0.33658284,-0.08254018,-0.16215377,-0.11842338,-0.18972561,-0.15569544,-0.05239792,-0.07405353,-0.18844172,0.07960309,-0.18483701,-0.32494339,0.17964591,-0.17953846,2424000.0282599,0.07666969,0.09710355,0.06504554,-0.15890981,0.12385253,0.04760884,0.45912814,0.09621615,0.03228045,0.33913681,-0.07829352,-0.16628043,-0.11304439,-0.18204208,-0.15623589,-0.04945951,-0.08417957,-0.19064677,0.07455982,-0.18404204,-0.32381713,0.18157099,-0.18115154,2425000.02944449,0.08202942,0.09462853,0.06681553,-0.15796983,0.12587437,0.05299495,0.45997125,0.09946961,0.03423391,0.34839487,-0.08319105,-0.16663952,-0.10960107,-0.18403316,-0.15503898,-0.05132245,-0.08305766,-0.19036183,0.07623374,-0.19465318,-0.3243216,0.18294145,-0.18345226,2426000.03140663,0.07990912,0.09717742,0.0678188,-0.16165271,0.1342265,0.0427316,0.45827782,0.0981545,0.02983554,0.3441563,-0.0862681,-0.15515572,-0.1144947,-0.18612367,-0.15624551,-0.05371869,-0.08444539,-0.18927625,0.08164834,-0.19388856,-0.32832611,0.18934193,-0.19022185,2427000.02890101,0.08032108,0.09820581,0.06692484,-0.16715704,0.13588347,0.04654595,0.45893836,0.0966935,0.02818181,0.33967811,-0.08174328,-0.16248171,-0.11451621,-0.18773931,-0.15746287,-0.05854223,-0.08352683,-0.19115615,0.07678897,-0.19234492,-0.3284604,0.18723796,-0.18577993,2428000.02952211,0.08189239,0.09465227,0.06673624,-0.16997196,0.13524073,0.04510428,0.45931739,0.09630896,0.02764138,0.34692058,-0.08727089,-0.170449,-0.11307151,-0.18528183,-0.15732683,-0.05694932,-0.0798576,-0.19014774,0.08103354,-0.18838015,-0.32771963,0.1835584,-0.1882131,2429000.02980331,0.08313189,0.09823529,0.07026808,-0.17036176,0.13635342,0.04409795,0.45848802,0.09649781,0.02585279,0.34129792,-0.08642011,-0.16329643,-0.11990955,-0.1832606,-0.15611187,-0.05353845,-0.09648626,-0.18969005,0.0815431,-0.19156918,-0.3286387,0.18385407,-0.19165425,2430000.03117219,0.08682386,0.098902,0.07434917,-0.17383134,0.1357239,0.04098957,0.45705438,0.09449613,0.02119278,0.33912557,-0.08706713,-0.17073976,-0.11914604,-0.18970793,-0.15690053,-0.0539237,-0.09602042,-0.19449483,0.07781812,-0.19297969,-0.32876015,0.18438031,-0.18444951,2431000.03189969,0.07997162,0.10182215,0.07138222,-0.16768593,0.13037251,0.04085515,0.45870322,0.09552838,0.02411714,0.33687589,-0.08285087,-0.16936156,-0.12335562,-0.19143306,-0.15815476,-0.05987203,-0.09215808,-0.1907057,0.0737299,-0.18872522,-0.32782462,0.18544348,-0.18835327,2432000.02655336,0.07738928,0.09446985,0.06333181,-0.15769199,0.12547119,0.04783636,0.45853454,0.09659687,0.03714868,0.34142247,-0.07467661,-0.16421007,-0.12300842,-0.18569863,-0.15477328,-0.05602619,-0.09883536,-0.18961547,0.08120519,-0.17853428,-0.32455167,0.18394257,-0.19098189,2433000.0282313,0.07944286,0.09509743,0.06302637,-0.16407987,0.12800817,0.04820941,0.45703945,0.0960173,0.03490569,0.34836993,-0.07820186,-0.15789203,-0.11467193,-0.18650663,-0.15745063,-0.0572602,-0.08918916,-0.18764463,0.07691333,-0.19092396,-0.32647851,0.18317978,-0.18331495,2434000.02794022,0.07982019,0.09456526,0.06409715,-0.16271952,0.12978365,0.04421007,0.45992804,0.09516322,0.03013821,0.34462634,-0.07655255,-0.17249469,-0.12191753,-0.18702188,-0.15716766,-0.06713166,-0.07705973,-0.19258273,0.07945886,-0.19722499,-0.32980084,0.18252893,-0.18561065,2435000.02598033,0.07757518,0.09581438,0.06345265,-0.16189362,0.12957712,0.04442181,0.46183425,0.09355787,0.03018655,0.33481175,-0.0840972,-0.16822384,-0.12427352,-0.18696541,-0.15955248,-0.06230002,-0.08707585,-0.19273134,0.07274588,-0.19913936,-0.33074749,0.1799241,-0.18859901,2436000.0257382,0.08482574,0.09382217,0.06567352,-0.16751803,0.13159926,0.03999383,0.46131247,0.09421958,0.02737432,0.34122995,-0.08711354,-0.16739494,-0.12162902,-0.18275765,-0.15890715,-0.06125127,-0.092568,-0.19606829,0.07565527,-0.19308469,-0.33073646,0.17788304,-0.19642338,2437000.02812456,0.08304854,0.09781709,0.06927561,-0.17057951,0.13901079,0.0400613,0.46118936,0.09447957,0.02436987,0.34189162,-0.0831176,-0.17635335,-0.12522648,-0.18547972,-0.15980849,-0.06256064,-0.088393,-0.19176678,0.07875545,-0.19124767,-0.33021429,0.18338136,-0.19605163,2438000.03103593,0.08488024,0.09743094,0.07170527,-0.17446429,0.13994707,0.03447733,0.45787382,0.09434973,0.0223155,0.34252462,-0.08879375,-0.17376892,-0.12207358,-0.18777077,-0.16181064,-0.06487943,-0.09471337,-0.19652745,0.0811659,-0.19805959,-0.32904953,0.18302554,-0.19256535,2439000.02971553,0.08365371,0.095602,0.06696681,-0.16583857,0.13194245,0.04614683,0.4591065,0.09518569,0.02627967,0.34343383,-0.08303213,-0.17434563,-0.12347423,-0.18927385,-0.16020879,-0.06576406,-0.10019704,-0.19407195,0.08084343,-0.1919338,-0.32746902,0.18204866,-0.19245587,2440000.02603938,0.07509962,0.0929121,0.06164833,-0.15776081,0.12864344,0.05148277,0.45800292,0.09710181,0.03599747,0.3422986,-0.07680735,-0.15861054,-0.12700453,-0.18113717,-0.15949206,-0.0650009,-0.09027471,-0.19711043,0.07642958,-0.19005096,-0.32598758,0.18143235,-0.18569943,2441000.02441994,0.07755341,0.09750661,0.06359156,-0.1633123,0.12684512,0.04720191,0.45753166,0.09729268,0.03318625,0.34961754,-0.07705113,-0.16018505,-0.12721391,-0.18680051,-0.15858491,-0.06516094,-0.08218205,-0.19470784,0.07609674,-0.18948111,-0.329467,0.18176018,-0.18632346,2442000.02690184,0.08050481,0.09567379,0.064544,-0.16676483,0.12372509,0.03814407,0.46108809,0.09539919,0.02996334,0.34781477,-0.08099227,-0.16172644,-0.1297441,-0.18704279,-0.16121937,-0.06732851,-0.09223332,-0.19160005,0.08192711,-0.18719408,-0.33123097,0.18027939,-0.19488427,2443000.02858068,0.0797327,0.09753639,0.06507969,-0.16474086,0.12380934,0.04150547,0.4604235,0.09497859,0.02825859,0.34981161,-0.0826791,-0.16255063,-0.13195823,-0.1839211,-0.16171338,-0.06179003,-0.1000828,-0.19365487,0.08154369,-0.18943018,-0.33129466,0.17758602,-0.19435264,2444000.028998,0.07868697,0.09822758,0.06546573,-0.17470099,0.1312544,0.03885237,0.45714432,0.09204232,0.02692742,0.33526701,-0.08509313,-0.16404523,-0.13483334,-0.18386944,-0.16097943,-0.0663076,-0.09035005,-0.19535312,0.07967396,-0.19956571,-0.33137107,0.18267649,-0.18648127,2445000.03004625,0.08112964,0.09678591,0.06684271,-0.17495883,0.13386132,0.0387932,0.46232873,0.09224873,0.02306501,0.3438009,-0.08833694,-0.16392846,-0.13205668,-0.18477324,-0.16182244,-0.0703591,-0.09569991,-0.19576448,0.07508726,-0.19175759,-0.33101439,0.1873828,-0.19865243,2446000.02898809,0.08563282,0.09856505,0.0698182,-0.17357667,0.13673903,0.03815671,0.46104246,0.0942191,0.01942297,0.3397055,-0.08811831,-0.1648335,-0.13339515,-0.1886646,-0.1630418,-0.0716408,-0.10628466,-0.1976327,0.0783355,-0.18774694,-0.32942951,0.18234238,-0.19044368,2447000.02495403,0.08249345,0.094294,0.06538089,-0.16870798,0.12938568,0.03999311,0.45765725,0.0946293,0.02223902,0.33438176,-0.08200756,-0.18654233,-0.1348619,-0.18589273,-0.16273446,-0.06851644,-0.10667998,-0.19452311,0.07368351,-0.18922944,-0.3257989,0.18284272,-0.19062649,2448000.02668908,0.07612617,0.09493316,0.05949006,-0.15807906,0.12017496,0.05056166,0.45759603,0.09434052,0.03472944,0.34110111,-0.07874182,-0.17673354,-0.13299444,-0.19005248,-0.16045648,-0.07192555,-0.08726966,-0.19049975,0.07561669,-0.18819565,-0.32474479,0.17927247,-0.19025652,2449000.02560267,0.08181398,0.09528185,0.06074726,-0.16010734,0.12541862,0.04457991,0.46036074,0.09751006,0.03381801,0.33592489,-0.07996564,-0.1678803,-0.13418852,-0.18843393,-0.16323173,-0.07146669,-0.08751288,-0.19521728,0.07212584,-0.19244269,-0.32712248,0.18004251,-0.19292144,2450000.0273968,0.08000384,0.09145562,0.06028134,-0.16900821,0.13075636,0.04180775,0.46089619,0.09487663,0.0288361,0.34576967,-0.08367854,-0.17505081,-0.13136619,-0.18641675,-0.16448915,-0.06975021,-0.10320169,-0.19672763,0.07475457,-0.19917704,-0.32808167,0.17439593,-0.19049016,2451000.02755208,0.08152882,0.09739297,0.06138108,-0.16873845,0.12842049,0.03803053,0.46091715,0.09255795,0.0278145,0.33945227,-0.08028804,-0.16982904,-0.13292229,-0.18832736,-0.16375346,-0.07084908,-0.09072509,-0.19386439,0.07236989,-0.1930081,-0.32814753,0.18297413,-0.18329193,2452000.02807605,0.08106934,0.09658853,0.06534585,-0.17228055,0.13038109,0.04376066,0.4609994,0.09662899,0.02572878,0.35276407,-0.0831634,-0.17351373,-0.1412046,-0.18603446,-0.1652406,-0.07811102,-0.09582899,-0.1953671,0.0745676,-0.19495744,-0.32855821,0.18018906,-0.17806174,2453000.02870682,0.08331283,0.09878399,0.06660511,-0.1767157,0.13551064,0.03579002,0.46038735,0.09431356,0.02198389,0.34500811,-0.09354599,-0.17315345,-0.1366026,-0.18914691,-0.16669326,-0.07443681,-0.10279741,-0.19581881,0.08063824,-0.19212,-0.32690996,0.18270428,-0.18946569,2454000.02839628,0.08442593,0.09953497,0.06871679,-0.17648454,0.13515648,0.0354797,0.45921266,0.09392506,0.02010355,0.33888903,-0.08708268,-0.17220868,-0.13845861,-0.1904493,-0.16695847,-0.07361523,-0.10974663,-0.19313075,0.07924923,-0.19280352,-0.32556835,0.18678604,-0.18773484,2455000.02845423,0.0850443,0.09163097,0.06480476,-0.16587412,0.13265489,0.03484353,0.45583081,0.09452911,0.02369706,0.33709887,-0.07998955,-0.17282924,-0.13015199,-0.18903571,-0.16408142,-0.07291871,-0.08451857,-0.19424646,0.07062386,-0.18657576,-0.32274237,0.17844185,-0.18476808,2456000.02645636,0.08412731,0.09049793,0.06043026,-0.15693128,0.12683079,0.04617703,0.46091816,0.09504814,0.03440031,0.33875376,-0.07545745,-0.17408286,-0.12912969,-0.18525378,-0.16308728,-0.07687675,-0.08560542,-0.19187215,0.07595231,-0.19727904,-0.32064113,0.18013021,-0.18593091,2457000.02775589,0.08141399,0.09572743,0.06142077,-0.16297752,0.12942411,0.04501791,0.45834568,0.0953481,0.03224643,0.34571618,-0.07881398,-0.169319,-0.13313365,-0.18795225,-0.16427058,-0.07671519,-0.10266478,-0.19338961,0.07823409,-0.19326176,-0.32238954,0.17832685,-0.18128935,2458000.02749395,0.08410375,0.09747966,0.06397765,-0.16631815,0.13058771,0.04671318,0.46110871,0.09553183,0.0280075,0.33985889,-0.08567914,-0.1624326,-0.1364917,-0.18731187,-0.1649505,-0.07121289,-0.09993806,-0.19433963,0.07393149,-0.18854786,-0.32389814,0.18315235,-0.18093581,2459000.02636861,0.08217968,0.0951713,0.06474176,-0.16847567,0.13404427,0.04262607,0.46100172,0.09413675,0.02750216,0.33688688,-0.08448593,-0.1756608,-0.13099796,-0.18784271,-0.16524613,-0.07265461,-0.10764595,-0.1943994,0.07350493,-0.19100036,-0.32130504,0.18054582,-0.18320489,2460000.02523426,0.0819058,0.0986435,0.06561352,-0.17144454,0.13329382,0.04390567,0.46125329,0.09494354,0.02592981,0.33478233,-0.08694136,-0.1792374,-0.13303994,-0.19001424,-0.16659841,-0.07150303,-0.10652646,-0.19003104,0.0759292,-0.20098047,-0.32029617,0.17297933,-0.17973335,2461000.02809544,0.08669297,0.09342325,0.06829071,-0.17408778,0.13517338,0.039907,0.45948157,0.09325122,0.02295932,0.34271362,-0.08810871,-0.1800739,-0.13504398,-0.1934609,-0.16782533,-0.07861329,-0.10411731,-0.19200507,0.07184386,-0.19104137,-0.31906953,0.1840678,-0.18264835,2462000.02796932,0.0881405,0.09598179,0.07007397,-0.17491053,0.1337214,0.04262827,0.46044987,0.09403941,0.02060903,0.33748686,-0.08515271,-0.17114003,-0.13502137,-0.19042997,-0.1672149,-0.07322682,-0.10650977,-0.1924873,0.07418288,-0.18878336,-0.3172577,0.18145904,-0.17844471,2463000.02409141,0.08126906,0.09595788,0.0614888,-0.15923272,0.12592182,0.04233493,0.45635366,0.09756576,0.03171584,0.33559874,-0.07625141,-0.16834189,-0.12845795,-0.1931762,-0.16408293,-0.07181037,-0.10209947,-0.19113952,0.07111716,-0.18842395,-0.31529096,0.17995343,-0.17501986,2464000.02707675,0.08032266,0.09342699,0.06012347,-0.15774344,0.1236819,0.04402725,0.45834491,0.0981039,0.03638459,0.34299907,-0.0750922,-0.16700931,-0.12376587,-0.18920127,-0.16387783,-0.07176559,-0.09778099,-0.19102035,0.07641213,-0.19022991,-0.31399104,0.18294539,-0.1749122,2465000.02855156,0.08303899,0.09550957,0.06298648,-0.16435102,0.13649085,0.04345027,0.45633185,0.0977907,0.03133346,0.33234924,-0.08003754,-0.16765727,-0.13144855,-0.18621761,-0.16524658,-0.07031295,-0.09503116,-0.19615626,0.07743707,-0.19211105,-0.3137053,0.17486447,-0.18073334,2466000.02372101,0.08335331,0.09711785,0.06273855,-0.1650714,0.13602978,0.04136612,0.45993134,0.09661014,0.02826278,0.34034672,-0.08463005,-0.17169991,-0.13906851,-0.18809929,-0.16552752,-0.07133739,-0.10085092,-0.1947708,0.07734808,-0.18628094,-0.31434759,0.17794144,-0.17358938,2467000.02499033,0.08109294,0.09403618,0.06322423,-0.16665331,0.13741338,0.04374141,0.45967302,0.09662496,0.02803415,0.34479383,-0.08991659,-0.17569791,-0.12448506,-0.19319813,-0.16591632,-0.07231003,-0.11285628,-0.19661716,0.07149749,-0.18642315,-0.3136014,0.17803104,-0.17128114,2468000.02747444,0.08458918,0.09486652,0.06794377,-0.17186223,0.13741338,0.04331433,0.45761201,0.09503184,0.02466378,0.34105709,-0.0863804,-0.17592984,-0.13218552,-0.18902677,-0.16491365,-0.07616473,-0.10129699,-0.19375035,0.07790411,-0.18651514,-0.31126156,0.18190713,-0.17083281,2469000.03012385,0.08479375,0.09817623,0.07162612,-0.17420323,0.13726696,0.03564481,0.46081975,0.09472764,0.02179297,0.33675754,-0.08838953,-0.1746871,-0.12524483,-0.19008447,-0.16569981,-0.07800308,-0.09839352,-0.1913725,0.08038401,-0.18028058,-0.30939114,0.18703042,-0.16649199,2470000.03074455,0.08441564,0.0983731,0.06863254,-0.16667609,0.13333659,0.04276502,0.45672023,0.09597305,0.02237571,0.33820447,-0.08786718,-0.17168143,-0.12607311,-0.19395311,-0.16539629,-0.0722492,-0.10552871,-0.18873343,0.07757015,-0.17912652,-0.3075785,0.18889371,-0.16898027,2471000.02501195,0.07919051,0.09244059,0.06109321,-0.15825018,0.12670121,0.04926423,0.45665342,0.09753596,0.03427081,0.33064756,-0.07982688,-0.16787955,-0.12741141,-0.19459303,-0.1604874,-0.07233077,-0.10290061,-0.18538804,0.07023232,-0.18027894,-0.30462489,0.18054582,-0.1705222,2472000.02503023,0.07822968,0.09753639,0.06032137,-0.15702036,0.126562,0.04897901,0.45975843,0.09810141,0.0343126,0.33818164,-0.08637012,-0.1676145,-0.1153689,-0.18786907,-0.16159922,-0.07284444,-0.0989664,-0.19345811,0.07391697,-0.19018692,-0.30486846,0.17844319,-0.16847183,2473000.0275222,0.08380925,0.09531204,0.06194591,-0.16402753,0.12909472,0.04819193,0.46089697,0.09706297,0.03005758,0.34737802,-0.08733028,-0.15489615,-0.12191995,-0.19191322,-0.16291724,-0.0670519,-0.09483665,-0.18898882,0.07675229,-0.18114828,-0.30578771,0.17862102,-0.17164646,2474000.02541656,0.08645278,0.09145562,0.06278844,-0.16633296,0.13485035,0.04679836,0.45819497,0.09624688,0.02774111,0.32662791,-0.09049707,-0.16494702,-0.12238725,-0.19597121,-0.16126375,-0.06891213,-0.09734116,-0.18718238,0.07967803,-0.18609193,-0.30430067,0.18330158,-0.16870323,2475000.0284931,0.08522891,0.09831131,0.06573351,-0.17078294,0.13533358,0.04309007,0.46136773,0.09458971,0.02683806,0.3314631,-0.09361365,-0.16382018,-0.1149847,-0.19727346,-0.16212136,-0.06929632,-0.09334924,-0.19334452,0.07297548,-0.17545219,-0.30423912,0.180161,-0.16971883,2476000.02880388,0.08470331,0.09436388,0.06793618,-0.17336905,0.14005019,0.04112386,0.45958185,0.09228564,0.02359852,0.32814994,-0.09160729,-0.1652796,-0.11703756,-0.19108307,-0.16243319,-0.0682343,-0.10759867,-0.19223042,0.0779554,-0.17908779,-0.30312011,0.1848719,-0.17234959,2477000.02865832,0.08723082,0.09886772,0.07129108,-0.17714547,0.14039679,0.04167019,0.45789993,0.09343226,0.02018694,0.33124718,-0.09735923,-0.17444164,-0.1239366,-0.19232582,-0.1624109,-0.07087969,-0.1091781,-0.19028957,0.08015965,-0.17859624,-0.30191019,0.18498862,-0.17391773,2478000.03020146,0.07858826,0.09787367,0.06924045,-0.17563915,0.13275586,0.04075364,0.45465681,0.0925468,0.02131249,0.33268598,-0.09211989,-0.17461975,-0.12751845,-0.19329588,-0.15983325,-0.07114927,-0.10854442,-0.18574758,0.07628471,-0.17978756,-0.30043733,0.18314984,-0.18214466,2479000.02378101,0.07575013,0.08917181,0.06008387,-0.16306585,0.12813857,0.04977104,0.45926678,0.09701167,0.03247568,0.32996473,-0.08429316,-0.1739348,-0.12009968,-0.18988954,-0.15664379,-0.06787386,-0.10054729,-0.18748046,0.07473881,-0.1768367,-0.29807904,0.18439782,-0.17086375,2480000.02588282,0.07623089,0.09220527,0.05950841,-0.16200578,0.13091739,0.0394804,0.46057197,0.09589471,0.03221808,0.33263662,-0.0881483,-0.16037859,-0.12099658,-0.19023573,-0.1569836,-0.06382168,-0.09429162,-0.18344188,0.0744532,-0.17586169,-0.29804528,0.18487388,-0.17231323,2481000.02626045,0.07839892,0.09200711,0.05927042,-0.16920523,0.13005114,0.04469052,0.46134681,0.09575628,0.02799167,0.33114445,-0.09207766,-0.16047673,-0.11096831,-0.19509244,-0.15729025,-0.06783105,-0.09155729,-0.18565658,0.07807102,-0.18301287,-0.29976377,0.1809289,-0.17391998,2482000.0264448,0.07703009,0.09389158,0.06171771,-0.17354085,0.12870385,0.04246338,0.4592008,0.09621222,0.02579859,0.33534804,-0.09115632,-0.16288997,-0.1100289,-0.19337925,-0.1568649,-0.06509486,-0.09502965,-0.18698716,0.08281709,-0.18708521,-0.30138853,0.17740186,-0.16949119,2483000.02660025,0.0831131,0.09378117,0.06572466,-0.17607847,0.13633981,0.04087185,0.45883846,0.09627276,0.02511038,0.33602691,-0.09337043,-0.15961409,-0.10430698,-0.19264835,-0.16106972,-0.07005538,-0.11032631,-0.19127311,0.07737622,-0.17489183,-0.30273026,0.18155207,-0.15900895,2484000.0276973,0.08420395,0.09253225,0.06789809,-0.18081056,0.14109941,0.03953841,0.45879349,0.0937891,0.02075925,0.33049619,-0.09751344,-0.15964569,-0.10842414,-0.20098378,-0.16006798,-0.06856356,-0.09966998,-0.19023012,0.08100139,-0.17837057,-0.30113897,0.18223439,-0.17023696,2485000.02893013,0.08742019,0.09589494,0.06995122,-0.17973202,0.13813178,0.03870539,0.45938036,0.09474147,0.01807605,0.3201884,-0.0992844,-0.15822269,-0.11007956,-0.19600029,-0.1589523,-0.06555749,-0.11405946,-0.18651471,0.07066837,-0.18202208,-0.30139008,0.19443421,-0.16342366,2486000.02939604,0.08363257,0.10312215,0.07019552,-0.18167306,0.13648605,0.03699796,0.45477876,0.09340107,0.01591976,0.32444629,-0.09801105,-0.15099339,-0.10813145,-0.19331089,-0.15829298,-0.06341615,-0.10810877,-0.19149467,0.07645041,-0.18139809,-0.30153158,0.18625893,-0.16644223,2487000.02589349,0.079432,0.09712071,0.0642432,-0.16865668,0.12736619,0.04343986,0.45673975,0.09531565,0.02614991,0.32921931,-0.08541059,-0.15392531,-0.10554845,-0.19218725,-0.15744215,-0.06707545,-0.09856976,-0.19139168,0.07898269,-0.17667139,-0.30042467,0.18884458,-0.17076544,2488000.02461304,0.07602314,0.09642101,0.06209441,-0.16538727,0.12840392,0.04484082,0.46222639,0.09709348,0.03296547,0.33715189,-0.08143163,-0.16011132,-0.10736935,-0.19254905,-0.15639605,-0.06182241,-0.0976629,-0.18766369,0.07516515,-0.17022434,-0.29824278,0.18389466,-0.169631,2489000.02876473,0.08047878,0.09713507,0.06524864,-0.1723274,0.13629484,0.04315804,0.4626784,0.0961607,0.02778244,0.32528639,-0.08842761,-0.16263194,-0.10070033,-0.192123,-0.15651636,-0.06387383,-0.10025997,-0.18857071,0.08108692,-0.17324977,-0.29989421,0.18389441,-0.17658632,2490000.0262116,0.0785961,0.09572402,0.06704492,-0.17281081,0.13360032,0.03942094,0.46126127,0.09607356,0.0247284,0.32584697,-0.09097894,-0.15228252,-0.09952821,-0.18900834,-0.15618436,-0.05820958,-0.09699206,-0.18667445,0.08077003,-0.17386003,-0.30162379,0.17684317,-0.17451704,2491000.02667797,0.07993708,0.09549934,0.06548668,-0.17753185,0.13511989,0.03838165,0.46051091,0.09562867,0.02476287,0.33565322,-0.09217909,-0.15308532,-0.10137283,-0.19356774,-0.15581977,-0.06515492,-0.09520731,-0.19100469,0.07719015,-0.17271234,-0.30193666,0.18395403,-0.16975504,2492000.0284931,0.08231687,0.09688699,0.07000441,-0.18407699,0.14213082,0.03516032,0.45845199,0.09766622,0.02092623,0.32992646,-0.09027263,-0.1614048,-0.09931084,-0.19499779,-0.15894322,-0.06332158,-0.11381752,-0.18700197,0.07760043,-0.17649044,-0.30326188,0.18359753,-0.16675946,2493000.03056144,0.0808574,0.09722545,0.07182066,-0.18377784,0.1403839,0.03697616,0.45822823,0.09669346,0.01832944,0.32856795,-0.09108692,-0.16612366,-0.09566893,-0.19538595,-0.1592543,-0.06292918,-0.09668652,-0.19193797,0.0779769,-0.17540805,-0.30410889,0.18380174,-0.16790311,2494000.03302854,0.08487608,0.09614614,0.07141906,-0.18665384,0.13996585,0.03540846,0.45767605,0.09402321,0.01672495,0.31878272,-0.0943912,-0.15648569,-0.09186549,-0.1926489,-0.1595168,-0.05495112,-0.09790817,-0.19148855,0.08064516,-0.17370068,-0.30311862,0.1907929,-0.16861972,2495000.02892969,0.08019601,0.09568287,0.06617574,-0.17807591,0.1344258,0.04025956,0.45643622,0.09562288,0.02227338,0.32141802,-0.08608177,-0.17043842,-0.09723131,-0.18938033,-0.1562935,-0.05637559,-0.1012715,-0.18900651,0.07477032,-0.17056035,-0.30304286,0.18397777,-0.17602198,2496000.02672773,0.07776284,0.09512427,0.06198546,-0.1692735,0.13284008,0.04121759,0.45875072,0.0980527,0.03346917,0.32835785,-0.08246182,-0.14993645,-0.09502649,-0.18715136,-0.15361923,-0.05040327,-0.0878417,-0.1891976,0.07718696,-0.16883598,-0.30122393,0.17383294,-0.17656045,2497000.02797894,0.07908854,0.09747367,0.06436487,-0.17268758,0.13462833,0.03906911,0.45819497,0.09447467,0.0301506,0.32857144,-0.08594696,-0.14227083,-0.09180576,-0.19146484,-0.15557055,-0.05451702,-0.07661586,-0.19061659,0.08245608,-0.16426124,-0.30253306,0.17909491,-0.18112065,2498000.026204,0.07931677,0.09292057,0.06600127,-0.17394169,0.13563423,0.04155396,0.45918149,0.09611894,0.02732274,0.32514349,-0.08184318,-0.16044462,-0.07957818,-0.19249213,-0.1553003,-0.05120129,-0.07603558,-0.19008602,0.0757781,-0.16661185,-0.30435193,0.18508084,-0.17103273,2499000.03122204,0.07969459,0.09644787,0.0686417,-0.17393638,0.13509721,0.03479106,0.46301654,0.09731398,0.02663502,0.33792028,-0.08924342,-0.15250614,-0.08408678,-0.19120763,-0.15502852,-0.04695508,-0.08827854,-0.18860918,0.07887059,-0.17270757,-0.30454573,0.19277358,-0.17535658,2500000.02704771,0.07888648,0.09686664,0.06822293,-0.18641865,0.13299474,0.03633611,0.46223342,0.09657354,0.024295,0.32845357,-0.08868541,-0.15098605,-0.08843455,-0.19281204,-0.15629627,-0.04696142,-0.08573471,-0.18637666,0.08842141,-0.17191535,-0.30535886,0.19282484,-0.18064468,2501000.02860005,0.08281253,0.0967829,0.07098072,-0.18358862,0.13327861,0.03778852,0.45902553,0.09497336,0.02121654,0.32695413,-0.08516783,-0.14497976,-0.08726031,-0.19473195,-0.1577089,-0.0489769,-0.09289425,-0.18554543,0.08381394,-0.17061421,-0.30631194,0.18223213,-0.17871505,2502000.03098768,0.08357711,0.09981551,0.07182065,-0.18461563,0.13825211,0.03957073,0.45866746,0.09562402,0.01913024,0.32624078,-0.08841192,-0.13689478,-0.08309516,-0.19382922,-0.15846711,-0.04578922,-0.08999626,-0.1875325,0.08249004,-0.16726673,-0.3064115,0.19290468,-0.16940884,2503000.02897804,0.07803904,0.09479863,0.06712496,-0.17275381,0.13430181,0.04177924,0.45838174,0.098264,0.02961026,0.32571498,-0.07785887,-0.14885317,-0.07885206,-0.19328853,-0.15234765,-0.04661696,-0.08481849,-0.18489002,0.07825349,-0.16852494,-0.30497062,0.19077772,-0.17499672,2504000.02826042,0.07682743,0.09651082,0.06366971,-0.17046759,0.13293254,0.0508972,0.45780969,0.09666176,0.03505136,0.32867366,-0.07668702,-0.14881682,-0.07705507,-0.19082764,-0.15103798,-0.04198981,-0.08492105,-0.1867854,0.08365809,-0.16376407,-0.30264434,0.18846254,-0.17128569,2505000.02892037,0.07723181,0.09594855,0.06424528,-0.17399818,0.13666324,0.04036738,0.45821697,0.09694649,0.03101624,0.33707926,-0.07488847,-0.13505346,-0.07137809,-0.18806805,-0.15286906,-0.04042997,-0.07733291,-0.18884334,0.07827254,-0.16645947,-0.30498484,0.18789926,-0.16617471,2506000.0298134,0.07758596,0.09750365,0.06738935,-0.17150472,0.13908225,0.03769428,0.45928666,0.09701985,0.02864362,0.33050823,-0.0771073,-0.13841373,-0.07536121,-0.19253194,-0.15300602,-0.03886672,-0.08272667,-0.18671191,0.08296034,-0.16484301,-0.30718535,0.18804695,-0.17531574,2507000.03324262,0.07793842,0.09798184,0.06784572,-0.1748396,0.13795444,0.03514117,0.46086603,0.09635609,0.02809675,0.32510838,-0.07944422,-0.14690492,-0.07803473,-0.19157159,-0.15507279,-0.03733151,-0.08640231,-0.18815958,0.08209747,-0.16432473,-0.30775169,0.19291873,-0.16946822,2508000.03273686,0.07842655,0.09676182,0.0692523,-0.17855978,0.13407663,0.04031435,0.45775002,0.09475846,0.02581831,0.33374071,-0.07790826,-0.13204214,-0.07652511,-0.19637582,-0.15556936,-0.03723207,-0.07366142,-0.18916647,0.08205445,-0.17240243,-0.3073777,0.1931188,-0.16776946,2509000.03260044,0.08402703,0.10081739,0.07364208,-0.18453148,0.13561158,0.0392959,0.45578408,0.0959527,0.02253373,0.32832924,-0.07645185,-0.14961717,-0.07700685,-0.19561629,-0.15575066,-0.03559666,-0.08546276,-0.18809994,0.07717443,-0.16894959,-0.3075079,0.19566643,-0.17302838,2510000.03368639,0.08502816,0.10295949,0.07240481,-0.18080793,0.13906011,0.03919476,0.45441151,0.09712292,0.02104006,0.33514744,-0.07832339,-0.14484905,-0.0724838,-0.19244461,-0.15644167,-0.03071804,-0.08709367,-0.1875053,0.08265547,-0.16101614,-0.30702981,0.19147076,-0.16954362,2511000.0313168,0.07674175,0.09408189,0.06590417,-0.1654807,0.13644153,0.04606767,0.4586384,0.1010263,0.03498441,0.33339062,-0.06711712,-0.14237268,-0.06822448,-0.1920041,-0.15166935,-0.02725333,-0.07368544,-0.18610446,0.08329988,-0.1606155,-0.3060821,0.18566839,-0.18126935,2512000.03073586,0.0771969,0.09703979,0.06482981,-0.16172956,0.1354402,0.04768989,0.45924571,0.09946404,0.03824282,0.33217821,-0.0630559,-0.13419884,-0.06392022,-0.19008538,-0.15096669,-0.02246608,-0.07266276,-0.18696481,0.0792956,-0.1552352,-0.30513278,0.18347892,-0.16997822,2513000.0310082,0.08177558,0.09736899,0.06594125,-0.16707104,0.14025928,0.04044468,0.45903099,0.0971897,0.03466141,0.33735451,-0.06886178,-0.13193201,-0.06356391,-0.19453274,-0.15186009,-0.02367665,-0.07493487,-0.18589087,0.08267044,-0.16623093,-0.30888918,0.19399245,-0.17318483,2514000.02850304,0.08046655,0.09739874,0.06861152,-0.17048562,0.14177454,0.04482074,0.45772424,0.09764031,0.03161554,0.32687619,-0.06930681,-0.13765886,-0.06998537,-0.19023047,-0.15489161,-0.02243693,-0.08251163,-0.18492724,0.08014593,-0.16449976,-0.31053612,0.18659455,-0.17747945,2515000.03351557,0.0820176,0.09712071,0.06989063,-0.16955112,0.14106822,0.03861867,0.45648128,0.09937859,0.02996226,0.33121818,-0.07176623,-0.13299894,-0.06637689,-0.19123712,-0.15533006,-0.02664658,-0.06801821,-0.18759336,0.08103856,-0.16071494,-0.30965066,0.18890834,-0.17221209,2516000.0337003,0.08435038,0.09984265,0.07055448,-0.17286693,0.1405527,0.04151601,0.45864967,0.09570877,0.02652738,0.33880299,-0.07538541,-0.1362422,-0.06975286,-0.19582786,-0.15474565,-0.02148673,-0.07455312,-0.18951571,0.07895599,-0.16315021,-0.31114072,0.18445599,-0.17586295,2517000.03170688,0.0860477,0.09781709,0.07521483,-0.17827955,0.14286868,0.04129888,0.45898539,0.0946608,0.02353263,0.32625315,-0.07831248,-0.14945015,-0.07084613,-0.19102328,-0.15530124,-0.02250027,-0.07936315,-0.18606871,0.08403932,-0.16601728,-0.31047246,0.19718914,-0.17375107,2518000.0299775,0.08443011,0.09876618,0.07297105,-0.18139674,0.14682096,0.04085075,0.45647287,0.09493078,0.02225157,0.32907125,-0.07570338,-0.14105687,-0.0661241,-0.19660644,-0.15796742,-0.02091019,-0.08033589,-0.18875287,0.09144626,-0.16229457,-0.31125638,0.19535764,-0.17344561,2519000.02815315,0.08159346,0.09549405,0.06539968,-0.1611083,0.13684969,0.0459596,0.45692611,0.09635892,0.03397945,0.3378967,-0.06508517,-0.13618574,-0.06525274,-0.19403993,-0.15568684,-0.01560371,-0.08329453,-0.18538709,0.08776947,-0.16064705,-0.31000119,0.19542755,-0.17218755,2520000.02717388,0.0799715,0.09384555,0.06461145,-0.15973826,0.1369299,0.04296952,0.45995316,0.09873617,0.0378257,0.33558771,-0.06667843,-0.14425841,-0.06704146,-0.19077568,-0.15378432,-0.01733802,-0.06936736,-0.18870997,0.0870741,-0.1625784,-0.30806953,0.18620732,-0.17074309,2521000.02866801,0.07904967,0.09367452,0.06408679,-0.16647318,0.13770123,0.04272712,0.46164578,0.09753429,0.03261293,0.33984315,-0.06885797,-0.14106867,-0.07318557,-0.19169436,-0.15582201,-0.02134872,-0.06475969,-0.18826859,0.08338618,-0.16926162,-0.31100318,0.19366489,-0.17920803,2522000.03003705,0.08082793,0.09714475,0.06836252,-0.17164245,0.13798544,0.04539371,0.46080834,0.09622549,0.02987203,0.32724926,-0.07236451,-0.14000346,-0.0729551,-0.18700342,-0.15679663,-0.01746454,-0.08354349,-0.18711601,0.0761992,-0.17101422,-0.31370845,0.1894145,-0.16987814,2523000.02763924,0.08151738,0.09703702,0.06916615,-0.17223966,0.13727909,0.03887159,0.45712361,0.0952981,0.02836491,0.33491653,-0.07540523,-0.14019082,-0.07801276,-0.19223107,-0.15673849,-0.01900311,-0.07588816,-0.18668599,0.07775465,-0.1605034,-0.3128975,0.18733348,-0.16899656,2524000.03103746,0.08432729,0.10086975,0.07300884,-0.17388687,0.14372225,0.03986249,0.46042576,0.09465756,0.02641152,0.33605981,-0.07559384,-0.14376691,-0.07756609,-0.19413979,-0.15771297,-0.02275004,-0.06526772,-0.190355,0.08567034,-0.16654173,-0.31365946,0.18837051,-0.16793923,2525000.03168792,0.08440518,0.10189936,0.075672,-0.17678607,0.14178389,0.04029714,0.460592,0.09372837,0.02317529,0.33120698,-0.08353585,-0.14945173,-0.08059606,-0.19561629,-0.15923393,-0.02044467,-0.09056453,-0.19259188,0.08600754,-0.16829614,-0.31409782,0.19260813,-0.17332822,2526000.03261919,0.08517597,0.10239968,0.07677963,-0.18321408,0.14174324,0.03239353,0.45715126,0.09144793,0.01838429,0.33878937,-0.07990578,-0.14920826,-0.08268095,-0.19194111,-0.15904857,-0.02440516,-0.0923261,-0.19145104,0.0824457,-0.17608938,-0.31378913,0.19188261,-0.17594078,2527000.03218041,0.08341356,0.09848829,0.07352885,-0.17146099,0.14233513,0.04356847,0.46127233,0.09665878,0.02450907,0.33750454,-0.0769886,-0.14262864,-0.07466856,-0.19494992,-0.15990043,-0.02370805,-0.09758805,-0.19138254,0.0819907,-0.16855064,-0.31377187,0.19537023,-0.17435712,2528000.02944333,0.08051827,0.09645967,0.06613421,-0.16338432,0.13419029,0.04878577,0.45924354,0.09834803,0.0359504,0.33751908,-0.07102816,-0.15239175,-0.07266468,-0.19667773,-0.15733895,-0.02377504,-0.09025033,-0.18562153,0.08157735,-0.1727268,-0.30971107,0.19491905,-0.17078198,2529000.02994945,0.08354143,0.09922433,0.06864917,-0.16801313,0.14205889,0.05057936,0.46052855,0.09811819,0.03257721,0.33591518,-0.0721522,-0.1419892,-0.08188219,-0.18825793,-0.15686741,-0.02614362,-0.08446479,-0.18978952,0.08010677,-0.1711667,-0.31224951,0.19062379,-0.16627048,2530000.03129799,0.08324187,0.09847877,0.0691359,-0.16988121,0.1422465,0.04506844,0.46001193,0.09503647,0.02905629,0.34278294,-0.0727946,-0.13570452,-0.08088723,-0.19076204,-0.15852425,-0.0281158,-0.06973287,-0.18954493,0.08378054,-0.18179891,-0.31387934,0.19213718,-0.16594154,2531000.0308618,0.08329189,0.09539577,0.06998838,-0.17427726,0.144154,0.04067037,0.46257767,0.09609415,0.02830203,0.34650579,-0.07588457,-0.15034519,-0.08600917,-0.19267087,-0.1607466,-0.02443803,-0.08612522,-0.19406076,0.084505,-0.17984423,-0.31510749,0.18705861,-0.1721116,2532000.0327262,0.08204173,0.10031315,0.07183308,-0.17365719,0.14616746,0.03817664,0.46232873,0.09667758,0.02524878,0.32936984,-0.08040057,-0.14716516,-0.08147048,-0.19258173,-0.16016865,-0.02313462,-0.08058187,-0.19170669,0.0849463,-0.16928427,-0.31575131,0.18104613,-0.17595491,2533000.03222062,0.08639546,0.10320586,0.07532936,-0.17490183,0.14470296,0.04180072,0.45962948,0.09698581,0.02165741,0.33819744,-0.07849897,-0.14251345,-0.08433294,-0.19445023,-0.16135333,-0.02226977,-0.07622004,-0.19069318,0.08024476,-0.18125053,-0.31552762,0.19205956,-0.16728409,2534000.03595037,0.08652901,0.10351472,0.07605845,-0.17933084,0.14941452,0.03845715,0.46166512,0.09467994,0.02059522,0.33936438,-0.07611705,-0.14507329,-0.09343316,-0.19432344,-0.16297475,-0.02733313,-0.09392731,-0.19097862,0.08511763,-0.17229141,-0.31547305,0.19232099,-0.16102113,2535000.03126585,0.08424041,0.10093182,0.07489823,-0.17485736,0.14450306,0.04067809,0.46104148,0.09441094,0.02289882,0.33334684,-0.06929906,-0.15824375,-0.09124205,-0.19433449,-0.16088217,-0.02651559,-0.09608591,-0.19125849,0.07634637,-0.17458388,-0.31428522,0.19344777,-0.16212644,2536000.03056844,0.08281722,0.09834827,0.06863873,-0.16087762,0.13932866,0.0442516,0.46182624,0.09587575,0.03448347,0.34567747,-0.07260015,-0.15350029,-0.08459958,-0.19236891,-0.15743022,-0.02121514,-0.08968206,-0.18749808,0.07503057,-0.17058438,-0.31102997,0.19319783,-0.16733383,2537000.03330952,0.08681579,0.0981492,0.06924045,-0.16482542,0.14059667,0.04200581,0.46279103,0.09666813,0.0330732,0.33895493,-0.07137178,-0.15255038,-0.08289939,-0.19625723,-0.15934263,-0.01999503,-0.07642049,-0.18634616,0.07772338,-0.17395127,-0.31250736,0.18762487,-0.16526483,2538000.03382301,0.08869648,0.09689944,0.07112682,-0.16829187,0.139522,0.04933641,0.46117657,0.09532849,0.02905678,0.33575696,-0.07354507,-0.15254566,-0.08770494,-0.19621374,-0.16125943,-0.02365644,-0.08455883,-0.19338828,0.07497229,-0.18045089,-0.31381077,0.18617202,-0.16693904,2539000.03220987,0.08969662,0.09914839,0.07216757,-0.16359642,0.13732421,0.04059035,0.46326786,0.09539714,0.02935997,0.33879632,-0.07467107,-0.14277928,-0.08302191,-0.19421726,-0.16123764,-0.02738551,-0.08660236,-0.19252971,0.07642077,-0.1730777,-0.31315899,0.18856972,-0.16901913,2540000.03250139,0.08694893,0.10065378,0.07280011,-0.16786373,0.13409953,0.04289531,0.46239454,0.09443273,0.02682552,0.33951867,-0.07094142,-0.14717156,-0.09221245,-0.19585179,-0.16105519,-0.02776121,-0.08862878,-0.19236007,0.07961985,-0.16814457,-0.3137233,0.20071666,-0.1722119,2541000.03650463,0.09254263,0.09640814,0.07662527,-0.1681274,0.14008136,0.04160421,0.45999065,0.09378699,0.0242485,0.33887422,-0.07519212,-0.1472622,-0.08896865,-0.19584414,-0.16253385,-0.02841633,-0.10514355,-0.19124582,0.0860318,-0.16988944,-0.31441265,0.19336751,-0.17296499,2542000.03687419,0.0965471,0.10184957,0.07749433,-0.171718,0.14557736,0.03918748,0.46355185,0.09311519,0.02141573,0.34019777,-0.07450818,-0.15612787,-0.09290049,-0.19624119,-0.1623535,-0.0250195,-0.09275995,-0.19124548,0.07945859,-0.17744277,-0.31458348,0.19917518,-0.17731887,2543000.03369356,0.08999881,0.09779876,0.06852256,-0.16202922,0.14044262,0.04703442,0.46121877,0.09662382,0.02890418,0.35501388,-0.06907175,-0.14731693,-0.09605557,-0.19300145,-0.16209306,-0.01818902,-0.08248252,-0.18842937,0.07674614,-0.17452849,-0.31318191,0.1891702,-0.1676974,2544000.03175253,0.08327918,0.09663171,0.06532779,-0.1532806,0.14055817,0.05901898,0.45973191,0.09801091,0.03865359,0.34449428,-0.06507254,-0.14222856,-0.09212879,-0.1895331,-0.15736116,-0.02085943,-0.0880104,-0.1880942,0.08062869,-0.17197351,-0.30994236,0.19043556,-0.16456147,2545000.03371593,0.08831506,0.10015017,0.06943527,-0.15897329,0.1417214,0.04673124,0.46193287,0.09720991,0.03486298,0.3407591,-0.07163585,-0.14952561,-0.09222141,-0.19702017,-0.15948278,-0.01738832,-0.07948161,-0.1872759,0.0740366,-0.18028006,-0.31115496,0.18560648,-0.16394892,2546000.02922086,0.08928611,0.1003194,0.07191774,-0.15785135,0.14131203,0.04729932,0.45946741,0.09736413,0.02994121,0.35439092,-0.07383547,-0.15553097,-0.08812471,-0.19444254,-0.16184475,-0.01952825,-0.08430251,-0.18959124,0.0707541,-0.17568269,-0.31266078,0.19189282,-0.16289726,2547000.0290556,0.08607225,0.09876187,0.07261138,-0.16061884,0.14191195,0.04616816,0.46374443,0.09721807,0.02943339,0.3449744,-0.07211027,-0.15843306,-0.09023346,-0.19332018,-0.16235973,-0.02012042,-0.09143862,-0.19064848,0.07903452,-0.1761062,-0.31115478,0.1933171,-0.16852556,2548000.03208422,0.09103215,0.09951444,0.07443767,-0.16304134,0.13979718,0.04276088,0.46438488,0.09862882,0.02827014,0.34327096,-0.07606114,-0.15212184,-0.09431775,-0.19434732,-0.16291901,-0.02578406,-0.07665063,-0.19176972,0.08310497,-0.17244615,-0.31295726,0.19137877,-0.16687034,2549000.03431047,0.09091856,0.10173719,0.0784703,-0.16173829,0.14170238,0.04609989,0.46105853,0.09759713,0.02525936,0.34082636,-0.07534098,-0.15108375,-0.09443603,-0.19904424,-0.16146888,-0.02332013,-0.09198195,-0.19090037,0.08187439,-0.17168503,-0.31225747,0.19107543,-0.16123077,2550000.0342514,0.09532786,0.10485221,0.0801263,-0.16652364,0.15006818,0.03866411,0.4611007,0.09632982,0.02334493,0.34814104,-0.07517395,-0.14958493,-0.09734619,-0.19433615,-0.16462934,-0.0252697,-0.0959805,-0.18894415,0.08573436,-0.17857532,-0.31314731,0.19765662,-0.16293712,2551000.03522971,0.0919696,0.10096341,0.07325528,-0.1561389,0.14154685,0.04853208,0.46004462,0.09755535,0.0280761,0.33766878,-0.07026167,-0.14156,-0.09848742,-0.19445018,-0.16438426,-0.02161147,-0.089847,-0.19051997,0.0876621,-0.17493859,-0.31131241,0.19688216,-0.16981423,2552000.03304406,0.08659046,0.09632695,0.0689728,-0.14855111,0.13893899,0.05349479,0.46202436,0.10079157,0.03972086,0.34038174,-0.06752239,-0.1529907,-0.09924505,-0.19154978,-0.15990651,-0.0251548,-0.08419956,-0.18657976,0.08415902,-0.17713369,-0.30862588,0.19087833,-0.16334946,2553000.03092902,0.08755401,0.10237238,0.07133365,-0.15200509,0.14266858,0.04862015,0.46515429,0.10024871,0.0344348,0.34088707,-0.07132608,-0.15609798,-0.0968271,-0.18988968,-0.16139111,-0.02637017,-0.0914105,-0.18922788,0.0779756,-0.17413679,-0.31003422,0.19471486,-0.1658819,2554000.03186209,0.08879161,0.09676182,0.0728129,-0.15263622,0.142184,0.05584345,0.46418303,0.09972804,0.03089268,0.34441796,-0.07085929,-0.14483389,-0.09674963,-0.19234006,-0.16248047,-0.02468135,-0.08973295,-0.18918125,0.083397,-0.1720923,-0.312204,0.1936136,-0.16010854,2555000.033834,0.09067664,0.09701006,0.07339703,-0.15628603,0.14344732,0.04686793,0.46311101,0.09959754,0.02914763,0.34784359,-0.0750894,-0.15689629,-0.10430917,-0.19186911,-0.16200821,-0.01976431,-0.08400531,-0.19108444,0.0807887,-0.17344595,-0.31108484,0.19100061,-0.16887127,2556000.03274488,0.09564359,0.09798184,0.07272106,-0.16111945,0.14270224,0.04556722,0.46461427,0.09955052,0.02685228,0.34386167,-0.07407857,-0.14106296,-0.10462447,-0.1926273,-0.16388537,-0.02349472,-0.08388525,-0.18851052,0.07893882,-0.1651714,-0.31060806,0.1903407,-0.16520287,2557000.03304728,0.09409187,0.10078816,0.07599672,-0.16168721,0.14439715,0.04654707,0.46691397,0.09863783,0.02417886,0.34521216,-0.08138207,-0.15408958,-0.09535815,-0.19579659,-0.16562264,-0.02404606,-0.08301042,-0.1892831,0.08274864,-0.17177382,-0.31104043,0.1965124,-0.1638082,2558000.03757745,0.09339761,0.10546235,0.08023644,-0.16394468,0.15186423,0.04619545,0.46387932,0.09876122,0.02070186,0.34159118,-0.08469757,-0.16249017,-0.09682269,-0.19338357,-0.16552675,-0.0234236,-0.08121355,-0.19163381,0.08384465,-0.17231967,-0.31203011,0.19660647,-0.16640757,2559000.03349067,0.09006763,0.09887886,0.07572152,-0.15303893,0.14780051,0.05281116,0.46173096,0.09799679,0.02496251,0.3405672,-0.07594196,-0.15470545,-0.10343452,-0.19066802,-0.16572396,-0.02289338,-0.0905066,-0.19151036,0.08489516,-0.17204551,-0.31263554,0.1945294,-0.16694689,2560000.03132475,0.09066617,0.09943276,0.06870542,-0.14584173,0.14098702,0.05782318,0.46382427,0.10209306,0.03627697,0.34826288,-0.07196081,-0.1557686,-0.09611042,-0.18889675,-0.16225129,-0.02304107,-0.0937646,-0.18710239,0.08141522,-0.17009066,-0.30975369,0.18574937,-0.1656649,2561000.0329215,0.09202167,0.10011615,0.06966636,-0.15225817,0.14177994,0.05252136,0.4646638,0.10050824,0.03301096,0.33363909,-0.07482244,-0.14921938,-0.09971489,-0.19262785,-0.16200012,-0.02252325,-0.08253226,-0.19191068,0.07908947,-0.17544554,-0.31011894,0.19307853,-0.1674552,2562000.0308325,0.09161619,0.09947831,0.0710477,-0.1530925,0.14341281,0.0511353,0.46725139,0.10018617,0.02886396,0.33644587,-0.07725922,-0.15539052,-0.10042602,-0.18990527,-0.16322951,-0.02047232,-0.08704115,-0.19060315,0.08338897,-0.17611206,-0.31206858,0.19349778,-0.16744575,2563000.03035665,0.09151341,0.10242696,0.07359871,-0.15452568,0.14659896,0.05089971,0.4649983,0.10195009,0.02853091,0.33698016,-0.07858409,-0.15356344,-0.10642315,-0.18832611,-0.16507179,-0.02518761,-0.08510973,-0.19171466,0.08319571,-0.17971313,-0.31346285,0.19115031,-0.16609497,2564000.03120987,0.09186554,0.10220306,0.07372622,-0.15681784,0.14444838,0.04808304,0.46509165,0.09918948,0.0255647,0.33426178,-0.08197896,-0.15525723,-0.10750925,-0.19024387,-0.16546881,-0.02835993,-0.07825511,-0.19125845,0.08339343,-0.18229508,-0.31352532,0.19610098,-0.16572642,2565000.0356106,0.09449188,0.10111874,0.07438938,-0.16049926,0.14665189,0.04853997,0.46431375,0.10016585,0.02312714,0.33615556,-0.08480816,-0.16498336,-0.10417286,-0.18771534,-0.16610223,-0.02850464,-0.08648169,-0.19084983,0.09338184,-0.17843139,-0.31419069,0.19210929,-0.16328241,2566000.03500856,0.09398977,0.10279074,0.07908534,-0.16292568,0.15308008,0.04681811,0.4613145,0.0994704,0.01952883,0.34324703,-0.08704294,-0.15705588,-0.09960141,-0.18855551,-0.16550824,-0.03010802,-0.0975135,-0.19517457,0.08479604,-0.17677833,-0.31371358,0.19236545,-0.16378546,2567000.03152772,0.09394146,0.09934724,0.07397543,-0.15451044,0.14638877,0.05296633,0.4612546,0.10078637,0.02469632,0.337513,-0.07775413,-0.1642317,-0.10728785,-0.19226886,-0.16627355,-0.0278381,-0.0909342,-0.19022402,0.07844503,-0.18457071,-0.3124285,0.18688701,-0.16265282,2568000.02845299,0.09058934,0.10009577,0.06889383,-0.14495085,0.1407395,0.05244173,0.46399871,0.10230822,0.03612528,0.34802362,-0.07316854,-0.16790587,-0.10631497,-0.19073139,-0.16341586,-0.02843913,-0.08523798,-0.18923366,0.08564288,-0.1798441,-0.31087437,0.187427,-0.17149219,2569000.0311617,0.09244316,0.10061625,0.072137,-0.15297039,0.14371958,0.05644391,0.46549377,0.1026243,0.03224228,0.34159473,-0.07653873,-0.15345116,-0.10615268,-0.18983002,-0.1640244,-0.02943623,-0.09984908,-0.18818529,0.08746425,-0.17789431,-0.31208214,0.19153202,-0.16514184,2570000.03356083,0.09172362,0.10264895,0.07434106,-0.15335131,0.14186445,0.05129406,0.46602067,0.09920426,0.0275574,0.34462023,-0.0760963,-0.1687642,-0.10931745,-0.19173333,-0.16586484,-0.03082213,-0.09890413,-0.19299296,0.08200828,-0.18596968,-0.31375092,0.1896906,-0.16216075,2571000.03521153,0.08855812,0.10195388,0.07434106,-0.15765482,0.14547125,0.04884036,0.46541837,0.10012585,0.0269844,0.34161142,-0.0836482,-0.16847201,-0.11212273,-0.18812831,-0.16628206,-0.02945543,-0.09213609,-0.19170834,0.08454216,-0.17972207,-0.31394726,0.19690201,-0.16181189,2572000.03313261,0.09149303,0.09925918,0.07357277,-0.15878412,0.14713712,0.04731899,0.46525234,0.09907277,0.02617238,0.34061003,-0.08076628,-0.15514113,-0.10575405,-0.18955421,-0.16538595,-0.03141241,-0.10331377,-0.19026759,0.0779301,-0.18571401,-0.31369311,0.1965124,-0.16188191,2573000.035134,0.09652124,0.10228869,0.07906853,-0.16053078,0.15358615,0.04761478,0.46555844,0.09897599,0.02319753,0.33608484,-0.0847743,-0.1652482,-0.10886811,-0.18945614,-0.16772637,-0.03211857,-0.09350405,-0.19180916,0.08594625,-0.19107927,-0.31498104,0.19066033,-0.16534488,2574000.03630817,0.0976538,0.10579596,0.0797959,-0.16330682,0.15578276,0.04542331,0.46262774,0.09964728,0.0203945,0.33382747,-0.08429553,-0.16782744,-0.11269821,-0.19183001,-0.16824542,-0.03112655,-0.08956767,-0.19229513,0.08419707,-0.18112686,-0.31617275,0.19269681,-0.17135338,2575000.03060582,0.09022311,0.09765466,0.07016969,-0.1454481,0.1443342,0.04999266,0.463543,0.10066792,0.03163154,0.336445,-0.07740176,-0.16442521,-0.10734195,-0.18902341,-0.16535109,-0.02721519,-0.09369988,-0.18909295,0.08824629,-0.18393289,-0.31403226,0.19614914,-0.1704172,2576000.0320145,0.08915542,0.10148285,0.06970286,-0.14614448,0.14567155,0.05543077,0.46069905,0.10648002,0.0358048,0.3346937,-0.07226532,-0.16454145,-0.10042815,-0.18902984,-0.16425672,-0.02742581,-0.08693992,-0.18844764,0.08196827,-0.18325192,-0.31169429,0.1934021,-0.16694915,2577000.03326916,0.09176508,0.10576619,0.0751097,-0.15416993,0.14322531,0.05336341,0.46141911,0.10310277,0.02931325,0.33847871,-0.07828578,-0.1695141,-0.10660759,-0.19087377,-0.16483878,-0.0258601,-0.087009,-0.19152999,0.08846395,-0.18219124,-0.31605789,0.19634844,-0.1701327,2578000.03323966,0.09083569,0.10239777,0.07286137,-0.15390788,0.14601746,0.05208456,0.46265996,0.10056872,0.02851898,0.34344101,-0.07854679,-0.16614725,-0.1161033,-0.19099414,-0.16567744,-0.02966595,-0.08700224,-0.1915357,0.0862057,-0.18050893,-0.31475139,0.1943875,-0.16758999,2579000.03636112,0.09230097,0.10073169,0.07434106,-0.15589729,0.14581895,0.05031099,0.46359405,0.10047108,0.02814075,0.34149694,-0.07920812,-0.16721317,-0.11466996,-0.19068237,-0.16532695,-0.02933075,-0.08577128,-0.19252077,0.08310497,-0.18074663,-0.3166016,0.19192019,-0.17069465,2580000.03482386,0.09323139,0.09792777,0.07640543,-0.15810753,0.14560854,0.04411114,0.46402207,0.10003804,0.02476119,0.33992028,-0.08292383,-0.16516991,-0.11115062,-0.18897736,-0.16737102,-0.03126149,-0.08921008,-0.18985927,0.0845658,-0.17828146,-0.31708455,0.19407529,-0.16964674,2581000.03639739,0.0989015,0.10242876,0.07747731,-0.15801649,0.1522132,0.04942163,0.46336284,0.0985457,0.02183869,0.33831182,-0.08262602,-0.1668717,-0.10624404,-0.18905126,-0.16795415,-0.03181102,-0.10158023,-0.19149324,0.08309343,-0.18682991,-0.31613398,0.19747992,-0.16739488,2582000.03393732,0.09518865,0.10423971,0.07697833,-0.15545259,0.15242229,0.04867258,0.46257776,0.1009372,0.0235249,0.34222183,-0.07620194,-0.16609809,-0.11736704,-0.19170436,-0.16651075,-0.03199092,-0.09906463,-0.19158915,0.08009286,-0.18577528,-0.31568095,0.19071014,-0.16250856,2583000.0325569,0.0875878,0.10073562,0.0703098,-0.14425094,0.14378673,0.05465221,0.45968854,0.10189746,0.03663999,0.34274748,-0.07514844,-0.1481999,-0.11510473,-0.18566981,-0.1651565,-0.03496007,-0.09588067,-0.18863313,0.0782499,-0.18470722,-0.31235132,0.19579074,-0.16502556,2584000.0328519,0.08904518,0.10214856,0.06962381,-0.14593072,0.14111735,0.05409617,0.46398252,0.10061584,0.0361261,0.34165472,-0.07317675,-0.16002481,-0.1074743,-0.18816099,-0.16509882,-0.03674237,-0.09692451,-0.18994285,0.08869345,-0.18272744,-0.31505033,0.18895182,-0.17558886,2585000.03182213,0.09247377,0.10448417,0.07326953,-0.15343004,0.14552245,0.05003202,0.46153373,0.10100412,0.03136545,0.33513117,-0.07492414,-0.15814005,-0.11431183,-0.19009551,-0.16726835,-0.03644316,-0.08524664,-0.19322526,0.08856536,-0.19286679,-0.31645811,0.19468409,-0.17017558,2586000.0328519,0.09229891,0.09870026,0.07238688,-0.155362,0.14032571,0.0488381,0.46442604,0.10084166,0.029884,0.34456033,-0.08217698,-0.16240762,-0.1102422,-0.18848047,-0.16737482,-0.03398534,-0.09703852,-0.1910315,0.08655469,-0.19022094,-0.31877998,0.19269986,-0.16686466,2587000.03352364,0.09311565,0.09969991,0.07370844,-0.15908433,0.14525928,0.04594842,0.46780321,0.09834841,0.0273407,0.33303586,-0.08559602,-0.16235876,-0.11876162,-0.1870845,-0.16450843,-0.03504688,-0.09452792,-0.1948116,0.08452062,-0.18644142,-0.31880465,0.18768118,-0.16897205,2588000.03794724,0.09276223,0.10337156,0.07366486,-0.15679985,0.14754829,0.04940737,0.463543,0.0968587,0.02395571,0.33955926,-0.08660671,-0.16279714,-0.11103014,-0.18806572,-0.16582569,-0.03874981,-0.09103909,-0.19497429,0.08718979,-0.18938413,-0.31791842,0.18912892,-0.16208047,2589000.03731501,0.09458643,0.1059049,0.07659436,-0.16271909,0.14906812,0.04266585,0.46635598,0.10007763,0.02174191,0.33511955,-0.08735869,-0.16766073,-0.11435612,-0.19284017,-0.16799998,-0.04012786,-0.08956033,-0.19173987,0.08441462,-0.18935959,-0.31895307,0.19339435,-0.16273034,2590000.03439533,0.09042455,0.10359835,0.07391018,-0.15882653,0.14589319,0.04911049,0.46233249,0.09866028,0.02400138,0.33964425,-0.08440093,-0.16620073,-0.1113899,-0.18954501,-0.1677559,-0.04150634,-0.08758117,-0.19605446,0.08301236,-0.18784055,-0.31824148,0.19442903,-0.17042649,2591000.03107356,0.08706793,0.09737176,0.06689455,-0.14723478,0.14531374,0.05068951,0.46331725,0.1004319,0.03389542,0.34035558,-0.08067355,-0.16080266,-0.10715259,-0.18713275,-0.16588625,-0.04184452,-0.08954751,-0.19616875,0.08600798,-0.18531294,-0.31644464,0.18587032,-0.17372309,2592000.03262985,0.08963621,0.09899988,0.0684374,-0.15419461,0.14680944,0.05047654,0.46793845,0.09824444,0.03119398,0.33633837,-0.08082077,-0.16810592,-0.10889551,-0.18910086,-0.1669566,-0.04192058,-0.08913151,-0.19198863,0.08353879,-0.19259924,-0.31899619,0.19127516,-0.17538202,2593000.03398143,0.08716853,0.10125201,0.06995805,-0.16072614,0.14679769,0.04698884,0.46561471,0.10000393,0.02866853,0.34849083,-0.08909011,-0.16942394,-0.11628348,-0.18892634,-0.16766588,-0.04711347,-0.09440197,-0.19376402,0.08460832,-0.19030283,-0.32143238,0.19207615,-0.17510396,2594000.03185351,0.08651768,0.10077874,0.0711207,-0.15994421,0.14214432,0.04823026,0.46216041,0.09977821,0.02572878,0.34501246,-0.09050066,-0.1697614,-0.11958767,-0.18525548,-0.16877401,-0.04646026,-0.09383532,-0.19404922,0.08747182,-0.19557129,-0.32264701,0.19353172,-0.17517427,2595000.03334968,0.0882785,0.1037847,0.0725701,-0.16621032,0.14508736,0.04478744,0.46116984,0.09618779,0.02365027,0.33956796,-0.08984723,-0.16936845,-0.12556985,-0.18872453,-0.16909043,-0.04244343,-0.08721302,-0.19417691,0.09052842,-0.19080389,-0.32347968,0.19736242,-0.16831952,2596000.03487566,0.09186554,0.10074896,0.07471418,-0.17032441,0.14504673,0.04258786,0.46496674,0.09633318,0.01948089,0.33346811,-0.09288686,-0.17757966,-0.12228081,-0.1880514,-0.16914992,-0.04721731,-0.09385274,-0.19404978,0.08866914,-0.18640682,-0.32363054,0.19034392,-0.17204373,2597000.03179488,0.08882647,0.10542635,0.07556665,-0.16780415,0.15216297,0.04333814,0.4647477,0.09634744,0.01803136,0.33225292,-0.09014311,-0.16796419,-0.11850959,-0.19141234,-0.1697524,-0.04616499,-0.09015422,-0.1955457,0.08412197,-0.19542129,-0.32272884,0.19710039,-0.17132263,2598000.03409626,0.08920895,0.10459528,0.0742048,-0.17055838,0.15093634,0.04512358,0.46232393,0.09767278,0.01801741,0.32998949,-0.08985738,-0.17346148,-0.12904285,-0.18871449,-0.17155552,-0.04770928,-0.09048148,-0.19634734,0.0860318,-0.19569884,-0.32202655,0.19785908,-0.17100877,2599000.03170446,0.08574148,0.10264895,0.06694327,-0.15590142,0.14580733,0.04659366,0.46346432,0.09885827,0.02905309,0.33826655,-0.08882119,-0.16566911,-0.12112726,-0.19012564,-0.16733038,-0.05106602,-0.09494033,-0.19633453,0.08749331,-0.18228903,-0.32080033,0.19348282,-0.18230832,2600000.03199842,0.08719388,0.10200394,0.06720845,-0.15950489,0.14633098,0.04848572,0.46533987,0.0960173,0.02921397,0.33497334,-0.08575327,-0.16844177,-0.12517154,-0.18752155,-0.16979796,-0.04763465,-0.08700132,-0.19566311,0.07963987,-0.19619316,-0.32216355,0.19038305,-0.18399803,2601000.0310946,0.08542942,0.09718865,0.0709503,-0.16396441,0.1482404,0.04839849,0.46263182,0.09882171,0.0254309,0.33977348,-0.0870479,-0.17709583,-0.12647444,-0.18512218,-0.17262208,-0.05219448,-0.08665907,-0.19355682,0.08522026,-0.18730351,-0.32400683,0.18768331,-0.18236512,2602000.03193969,0.08267974,0.09838288,0.07014672,-0.1678751,0.14473566,0.04312304,0.46439046,0.09711192,0.02302738,0.33911556,-0.09263858,-0.17341354,-0.12871452,-0.18598829,-0.17207086,-0.04986272,-0.08860487,-0.19599594,0.08599179,-0.19453932,-0.32535625,0.18747576,-0.17939995,2603000.03106527,0.08530311,0.10072193,0.07018349,-0.16896896,0.14143629,0.03895082,0.46640277,0.09406872,0.02097501,0.33484319,-0.09594361,-0.18312781,-0.1301904,-0.1883221,-0.17004789,-0.05542443,-0.09219346,-0.19692044,0.08102974,-0.19157679,-0.32526913,0.19510008,-0.17351922,2604000.03507894,0.0867696,0.10150096,0.07139463,-0.17219485,0.14363113,0.03893382,0.46524924,0.09659438,0.01871166,0.34127361,-0.09873995,-0.17409194,-0.12969726,-0.18732347,-0.17108075,-0.05845239,-0.09365147,-0.19743223,0.07627876,-0.18832718,-0.32613921,0.1946186,-0.1791057,2605000.03634287,0.09011181,0.10286471,0.07665615,-0.1769387,0.15141328,0.03831336,0.46186367,0.09372837,0.01628618,0.33128586,-0.09580594,-0.16069406,-0.1252082,-0.18783718,-0.1738051,-0.05353661,-0.09672,-0.20148408,0.08264602,-0.1923214,-0.32538852,0.19373943,-0.17138679,2606000.034074,0.08956496,0.10403803,0.07516597,-0.17261907,0.14772741,0.03717553,0.46595952,0.09475842,0.01550625,0.33817902,-0.09241203,-0.17521776,-0.12796792,-0.19175792,-0.17218028,-0.05835918,-0.10242316,-0.19749008,0.08639661,-0.18555129,-0.32465363,0.19675726,-0.17037614,2607000.03321742,0.08045821,0.10242502,0.06846848,-0.16553679,0.14158854,0.04978568,0.4621982,0.09808993,0.02711911,0.33543625,-0.09064557,-0.18157354,-0.13037744,-0.18766846,-0.17033736,-0.05218023,-0.10495701,-0.19724277,0.08400677,-0.1881658,-0.32421571,0.19019102,-0.17214413,2608000.02897804,0.08191524,0.10225301,0.06945939,-0.16781996,0.1450119,0.04769115,0.46284813,0.09728032,0.02770282,0.33630234,-0.09247591,-0.16200036,-0.12382817,-0.18672328,-0.17182989,-0.06065422,-0.09794204,-0.19706099,0.08801057,-0.19191948,-0.32324934,0.18824553,-0.1769681,2609000.03248274,0.08411651,0.10266738,0.07084073,-0.17081103,0.14410305,0.04200581,0.46344438,0.09535796,0.02296549,0.33186939,-0.08926672,-0.17988487,-0.13582505,-0.18776615,-0.17182951,-0.0560312,-0.10153365,-0.19730535,0.07749936,-0.20274109,-0.32571682,0.1978365,-0.18346478,2610000.03583639,0.0842784,0.10216918,0.07043295,-0.17175449,0.14464214,0.03430513,0.46352771,0.09666125,0.02225268,0.33501804,-0.09087403,-0.1736034,-0.13212381,-0.18758501,-0.17261156,-0.05793874,-0.09071597,-0.19947009,0.07676268,-0.20026749,-0.3260062,0.19444899,-0.18089378,2611000.03530044,0.08611203,0.10030264,0.06980624,-0.17459902,0.14692329,0.04009345,0.46570721,0.09657354,0.01896007,0.33517036,-0.09332152,-0.16653125,-0.13223058,-0.18755117,-0.17162488,-0.06301488,-0.10429324,-0.20072043,0.08371787,-0.19252974,-0.32665744,0.19088149,-0.18497626,2612000.03405564,0.08666225,0.10111142,0.07282556,-0.17865963,0.14954309,0.03934881,0.46574822,0.09308851,0.01625773,0.32743686,-0.09434034,-0.17201073,-0.13591874,-0.18967645,-0.17235999,-0.05797331,-0.10902093,-0.20221978,0.08558442,-0.19423476,-0.32695591,0.1926935,-0.18060789,2613000.03289998,0.0846037,0.10467553,0.07509651,-0.18074097,0.15169771,0.0382648,0.46302187,0.09460921,0.01406447,0.33132794,-0.09587949,-0.17472583,-0.13697855,-0.1894317,-0.1718975,-0.05932904,-0.10554437,-0.19985825,0.07738554,-0.19677146,-0.32516035,0.1958839,-0.17731196,2614000.03456863,0.08495086,0.10337327,0.07453797,-0.17060734,0.14905755,0.03623193,0.46255356,0.09722873,0.01545756,0.33471027,-0.09630019,-0.1654318,-0.13567692,-0.1943959,-0.1732958,-0.06107078,-0.10343004,-0.19415863,0.08479385,-0.19352554,-0.32345706,0.19731812,-0.18199496,2615000.0324499,0.07984652,0.10093012,0.06634808,-0.16119756,0.14393213,0.04160668,0.46136338,0.09828355,0.02975112,0.33823165,-0.08326459,-0.17318219,-0.13586247,-0.18892112,-0.17070451,-0.05652411,-0.11477008,-0.19609857,0.08746892,-0.19379829,-0.32342339,0.19560072,-0.18248886,2616000.03300701,0.08571696,0.09941891,0.0685771,-0.16592361,0.14232709,0.04274523,0.46160418,0.09751006,0.02798396,0.34535334,-0.08577668,-0.16773419,-0.13181694,-0.18898065,-0.17152888,-0.05393448,-0.09446952,-0.19860473,0.08517211,-0.19260769,-0.32371128,0.18884037,-0.18322381,2617000.0299394,0.0839541,0.09875141,0.0688751,-0.17049134,0.14185944,0.04461784,0.46434695,0.09681797,0.0228322,0.34614116,-0.08768286,-0.17233616,-0.12808171,-0.18904957,-0.17248733,-0.06321107,-0.10254879,-0.19756772,0.08640203,-0.19181179,-0.32697222,0.18899181,-0.18371868,2618000.03339787,0.08516649,0.09763808,0.07090156,-0.16945815,0.14211325,0.03583942,0.46389562,0.09673978,0.02135235,0.33584294,-0.09006534,-0.17482316,-0.12953299,-0.18693022,-0.17238078,-0.05920868,-0.10820532,-0.19899462,0.08826022,-0.19086587,-0.325102,0.19210668,-0.18341394,2619000.03226063,0.08415265,0.10172535,0.07290468,-0.17386685,0.14292307,0.03709015,0.46547467,0.09614418,0.01900103,0.33537281,-0.09505027,-0.16851065,-0.13663509,-0.18819164,-0.17271927,-0.06081568,-0.09097139,-0.1941652,0.08459324,-0.18895006,-0.3263284,0.20209737,-0.18197288,2620000.03469835,0.0881018,0.10283753,0.07444615,-0.17700553,0.14657539,0.04175261,0.46308032,0.09585808,0.01665758,0.34507146,-0.0958113,-0.17476529,-0.13429239,-0.19202815,-0.17270853,-0.06389724,-0.09951294,-0.20201622,0.07793766,-0.19671337,-0.32678121,0.19406019,-0.17810854,2621000.03440653,0.09120641,0.10081322,0.07756667,-0.1784167,0.15364403,0.03745158,0.4646492,0.09582041,0.01366569,0.33361939,-0.09204848,-0.17014793,-0.13926782,-0.19140795,-0.17624907,-0.06670637,-0.11446901,-0.20189601,0.08674296,-0.19757622,-0.32676801,0.19319426,-0.18261763,2622000.03459121,0.08763882,0.10626935,0.07744633,-0.17866942,0.15346375,0.04842447,0.46310067,0.09568238,0.01342907,0.33935821,-0.09111034,-0.17123942,-0.13221285,-0.18796776,-0.17361848,-0.06384095,-0.10805039,-0.20083797,0.0866482,-0.19097954,-0.32465985,0.19653384,-0.17657277,2623000.03262698,0.0820178,0.09693174,0.06857789,-0.16477084,0.14454442,0.041048,0.46347979,0.09663574,0.02493743,0.34192044,-0.08278758,-0.15659241,-0.13326973,-0.18963918,-0.1706361,-0.05616299,-0.10738371,-0.19929604,0.08323546,-0.18920015,-0.32253581,0.18906796,-0.17065953,2624000.02935688,0.08327725,0.09917033,0.06761565,-0.16270639,0.14599569,0.04275998,0.4663941,0.09817429,0.02721276,0.34401932,-0.08216771,-0.16908728,-0.12862496,-0.18564036,-0.17055294,-0.05998307,-0.08953007,-0.19404221,0.07774026,-0.18750024,-0.32273412,0.18620217,-0.1827168,2625000.03310615,0.08527873,0.09975135,0.06841155,-0.17022686,0.14441049,0.03911734,0.46783131,0.09729917,0.0223643,0.34237173,-0.0857032,-0.16981979,-0.13260292,-0.18765305,-0.17317061,-0.06655797,-0.09752975,-0.19986601,0.0824694,-0.19828829,-0.32598916,0.19794127,-0.18429363,2626000.03096871,0.08559202,0.10103021,0.06960402,-0.16961034,0.14280736,0.04251283,0.46806538,0.09664214,0.01994371,0.33690801,-0.08984309,-0.16888261,-0.12699027,-0.1898143,-0.17324218,-0.06689715,-0.0903095,-0.19857529,0.08573332,-0.18880092,-0.32737911,0.18947166,-0.17692243,2627000.03173622,0.0820176,0.10074612,0.06752883,-0.17550862,0.13997306,0.03988171,0.46653831,0.09463273,0.01728336,0.33692899,-0.09390255,-0.16752498,-0.14068907,-0.18866803,-0.17320818,-0.06463947,-0.10454363,-0.20249054,0.08321144,-0.19237575,-0.32831609,0.1905092,-0.18156894,2628000.03226063,0.08602478,0.10489966,0.07231438,-0.18004355,0.14899403,0.03394975,0.46272799,0.09332698,0.01406131,0.33996221,-0.09487707,-0.16740195,-0.13614526,-0.18763041,-0.17380297,-0.0646169,-0.10531384,-0.20343901,0.08105368,-0.18600851,-0.32709906,0.19041348,-0.17814529,2629000.03501234,0.08853706,0.100803,0.075672,-0.18261793,0.15539134,0.03529122,0.46727258,0.09531744,0.01000521,0.3371273,-0.09490679,-0.17245585,-0.14065671,-0.18614048,-0.17468594,-0.06781921,-0.10032626,-0.20130788,0.09001204,-0.19237483,-0.32740262,0.19082037,-0.18430302,2630000.03532284,0.09341311,0.10679715,0.07821304,-0.18309413,0.15600394,0.0415213,0.46719855,0.09725612,0.00766255,0.33820549,-0.09862501,-0.17282116,-0.14367916,-0.1862115,-0.17628467,-0.06606086,-0.09997029,-0.20263425,0.0882353,-0.19420557,-0.32656303,0.1903407,-0.18247853,2631000.03251218,0.08791498,0.10354066,0.07435864,-0.17176199,0.14965926,0.0393721,0.46776754,0.09398983,0.01137883,0.33795074,-0.09599222,-0.17385894,-0.13746503,-0.19061755,-0.17540301,-0.07127102,-0.10267942,-0.1992815,0.08311021,-0.18979795,-0.32560501,0.1949418,-0.17654021,2632000.03161881,0.08376509,0.09867323,0.06854681,-0.16325144,0.14143306,0.04729877,0.46639127,0.09814086,0.02326125,0.34018645,-0.0898063,-0.17684937,-0.13940445,-0.19120711,-0.17193261,-0.06479676,-0.0966363,-0.19538213,0.08024812,-0.1846229,-0.32225311,0.20159167,-0.18274944,2633000.02831864,0.08450091,0.10266984,0.06718177,-0.16550031,0.14634924,0.04432475,0.46624556,0.09890215,0.02185267,0.34836534,-0.08922245,-0.18080486,-0.13862306,-0.18436442,-0.17207965,-0.06480312,-0.10008907,-0.19802618,0.0796637,-0.19721158,-0.32420909,0.19567385,-0.18322702,2634000.02767827,0.0893733,0.0998593,0.06963428,-0.1679223,0.14683527,0.04496411,0.465965,0.09647649,0.01769616,0.34366912,-0.09166913,-0.17538911,-0.13959077,-0.18033123,-0.17386058,-0.06701101,-0.09344707,-0.19805539,0.07745609,-0.20649743,-0.32703164,0.19225639,-0.18385832,2635000.03451698,0.08963621,0.10202317,0.06928705,-0.17197801,0.14327876,0.04297993,0.46841452,0.09727247,0.01546575,0.34079543,-0.09300277,-0.17386729,-0.13952306,-0.18562435,-0.1751921,-0.06715934,-0.09876436,-0.20032564,0.0885022,-0.19998455,-0.32808018,0.19276905,-0.18232763,2636000.03554822,0.09114744,0.1037778,0.07093706,-0.17758054,0.1451679,0.03281295,0.46692276,0.09681204,0.01470616,0.33671519,-0.09811838,-0.16692217,-0.14008118,-0.18925464,-0.17442141,-0.07224491,-0.10088236,-0.20341159,0.08866257,-0.1961837,-0.32930723,0.19131279,-0.18101288,2637000.03551089,0.08977353,0.10422216,0.07378923,-0.18032035,0.15272409,0.03384151,0.46624064,0.09523283,0.0096003,0.34593144,-0.09557404,-0.17423852,-0.14290033,-0.18602297,-0.17503045,-0.07390084,-0.09231893,-0.20455831,0.08403932,-0.19494963,-0.32903421,0.1883364,-0.17914182,2638000.03648366,0.0907803,0.10631604,0.07726365,-0.1818236,0.15495712,0.04091801,0.46887764,0.09788707,0.00733081,0.33889005,-0.09956834,-0.17982858,-0.14280429,-0.1860293,-0.17337626,-0.07301849,-0.09620204,-0.20551048,0.08243079,-0.20499051,-0.32829806,0.1976504,-0.17928733,2639000.03897311,0.09448084,0.10601322,0.07896958,-0.17658758,0.15445921,0.03714038,0.47066063,0.09531993,0.00574849,0.33847481,-0.09495731,-0.17753111,-0.13704407,-0.18413019,-0.17491457,-0.07559926,-0.1018758,-0.20308167,0.08244037,-0.19752039,-0.32609394,0.19463682,-0.17834058,2640000.03617632,0.08891335,0.10584862,0.07406006,-0.17042224,0.14509034,0.0417815,0.46668756,0.09592137,0.0111742,0.34038565,-0.09480304,-0.1751451,-0.14314672,-0.18609105,-0.1748689,-0.07037576,-0.10539046,-0.20088802,0.08245055,-0.19169828,-0.32455531,0.18813719,-0.17203179,2641000.03186209,0.08545444,0.10810434,0.0679998,-0.16326892,0.14165066,0.04527434,0.46800566,0.10017377,0.02273004,0.3399128,-0.0927958,-0.17659298,-0.13762277,-0.18742006,-0.17136487,-0.06860591,-0.10019749,-0.20550981,0.07578471,-0.19009764,-0.32267493,0.19450313,-0.18552756,2642000.03180515,0.09004903,0.1023318,0.07048715,-0.16547696,0.14499852,0.04529397,0.47058699,0.09785173,0.02009009,0.34492409,-0.09069438,-0.16931395,-0.13596299,-0.18339774,-0.1712393,-0.0706015,-0.09816537,-0.20467983,0.08130927,-0.19719155,-0.32356513,0.18753801,-0.18791689,2643000.03032844,0.0873675,0.10322497,0.07143107,-0.17335144,0.14299367,0.04557202,0.46985167,0.09812582,0.01659136,0.33631924,-0.09079438,-0.17514636,-0.13442817,-0.18410866,-0.17329831,-0.06762709,-0.08821924,-0.20540433,0.08550159,-0.19658057,-0.32622483,0.19172136,-0.18051377,2644000.03308735,0.08762985,0.10589848,0.07108382,-0.16639841,0.14759743,0.04831772,0.47318339,0.09880372,0.01576398,0.34181899,-0.08917389,-0.18045789,-0.13805026,-0.18536876,-0.17293511,-0.06433695,-0.09121908,-0.20129734,0.08417588,-0.19291106,-0.32639921,0.19605565,-0.18000261,2645000.03076512,0.08853698,0.10358528,0.07281997,-0.17513682,0.14839061,0.04061841,0.47374734,0.09711891,0.01412879,0.33702126,-0.08989318,-0.17550398,-0.14149527,-0.18942077,-0.17466046,-0.06425232,-0.09138785,-0.20253444,0.07725596,-0.19553784,-0.32694221,0.19890422,-0.1744246,2646000.03283322,0.09254508,0.10461693,0.07304494,-0.17563958,0.15710604,0.04220036,0.47234055,0.09867766,0.01101286,0.32821193,-0.09533125,-0.16649348,-0.1334518,-0.1854715,-0.17424834,-0.068871,-0.09344389,-0.20163879,0.08618634,-0.19809988,-0.32699835,0.19845666,-0.17682602,2647000.03541889,0.0947146,0.10400686,0.07687214,-0.17678066,0.15367688,0.04340675,0.4688738,0.097712,0.0088556,0.33496574,-0.09532422,-0.17612112,-0.1360537,-0.18741234,-0.17511512,-0.07369082,-0.0969584,-0.20178013,0.08282649,-0.19647238,-0.32646906,0.20314333,-0.18061584,2648000.03548517,0.09363934,0.10359182,0.0770032,-0.17053778,0.15473346,0.04210521,0.46473011,0.09839278,0.01168789,0.33489931,-0.08744995,-0.17794171,-0.13302083,-0.18911132,-0.17237556,-0.06695091,-0.09758805,-0.20082794,0.08151308,-0.1968437,-0.32550377,0.19594599,-0.18338127,2649000.03136494,0.08858015,0.10128398,0.06767169,-0.15643966,0.14714734,0.05210067,0.4696517,0.10161494,0.024088,0.33482602,-0.08241432,-0.17135017,-0.13672365,-0.1864025,-0.17065859,-0.06370314,-0.10254833,-0.20081721,0.08789521,-0.19300021,-0.32254857,0.19683051,-0.18077271,2650000.03096871,0.0907101,0.10222343,0.06910565,-0.16293138,0.15051448,0.04808379,0.46972018,0.09876517,0.02222735,0.33203992,-0.08658518,-0.16564032,-0.13112479,-0.18906343,-0.1709163,-0.06536178,-0.08763612,-0.19898321,0.0834451,-0.19400899,-0.32325962,0.19918779,-0.18506651,2651000.0342624,0.09279771,0.1062066,0.07176619,-0.16375446,0.14876053,0.0531581,0.47041929,0.10084742,0.0175044,0.34751648,-0.08495576,-0.16958889,-0.13692242,-0.19188517,-0.17129728,-0.06692004,-0.0930446,-0.20103855,0.08432838,-0.19305657,-0.32458058,0.19593993,-0.18068667,2652000.03405905,0.09149288,0.1056214,0.07459938,-0.16544493,0.14994356,0.04914296,0.46788538,0.10068379,0.01800326,0.33650431,-0.08370905,-0.17718738,-0.13683793,-0.18444097,-0.16977827,-0.06978247,-0.09084023,-0.19556269,0.08746892,-0.18625309,-0.3248024,0.19166039,-0.18102133,2653000.03302854,0.08922969,0.10687581,0.07543922,-0.16929325,0.15073669,0.04903211,0.4678289,0.09833553,0.0159242,0.34241277,-0.08746173,-0.16708902,-0.13903888,-0.18760295,-0.17106184,-0.06432328,-0.10051168,-0.2034587,0.08009258,-0.18360911,-0.32501695,0.19367842,-0.16722572,2654000.03589566,0.09480509,0.10280801,0.0768587,-0.17478034,0.15661903,0.04577268,0.46912479,0.09924585,0.01227343,0.33908063,-0.09219436,-0.17371771,-0.13388218,-0.18827064,-0.17216024,-0.06493609,-0.08773039,-0.20044903,0.0801398,-0.18763919,-0.32491946,0.1888909,-0.18481873,2655000.03908671,0.09627466,0.10830048,0.08078519,-0.16994774,0.153486,0.04674467,0.46669048,0.09855082,0.01060571,0.34232494,-0.09174567,-0.1697198,-0.13779986,-0.18653566,-0.17018843,-0.0667856,-0.10520308,-0.20195574,0.08879008,-0.19356987,-0.32513022,0.19414113,-0.18007238,2656000.03505648,0.09560539,0.09942654,0.07445902,-0.15903988,0.15229999,0.04748622,0.46773309,0.098855,0.01721253,0.33913338,-0.08824103,-0.17488496,-0.14138003,-0.18510447,-0.16992916,-0.06345181,-0.08851812,-0.19888434,0.08333938,-0.18284264,-0.32417789,0.1934211,-0.17990088,2657000.03428822,0.08878266,0.10172993,0.06900956,-0.15102629,0.14560695,0.05937478,0.46686336,0.10116293,0.02714644,0.337697,-0.07903589,-0.16294128,-0.13842045,-0.18825819,-0.16821498,-0.06202806,-0.09487436,-0.19672292,0.07533719,-0.17163166,-0.32270604,0.18848111,-0.18823454,2658000.03310615,0.09183963,0.10431292,0.06931292,-0.15305902,0.1469641,0.05260073,0.46860522,0.10032497,0.0238407,0.34766608,-0.07990237,-0.1593913,-0.13618031,-0.18527621,-0.16891819,-0.06279576,-0.09828401,-0.19729239,0.08073119,-0.18614268,-0.32484382,0.19335738,-0.18446605,2659000.03438806,0.09159929,0.09991895,0.07116945,-0.16095741,0.14475797,0.04897276,0.46917975,0.09891581,0.0197084,0.33550575,-0.0857904,-0.1740994,-0.13586362,-0.18613178,-0.16878505,-0.05950426,-0.09622192,-0.19940284,0.08171058,-0.18704586,-0.32724416,0.18685929,-0.17874534,2660000.03482756,0.08864219,0.10216918,0.07263112,-0.15907389,0.14548433,0.04994523,0.46760836,0.09967611,0.02019415,0.33887377,-0.08885711,-0.15730657,-0.14223938,-0.18869388,-0.17031841,-0.06105619,-0.08955716,-0.19992767,0.08065971,-0.18510199,-0.32732195,0.19018222,-0.17717586,2661000.03556677,0.0952941,0.10384124,0.07376972,-0.16609727,0.15030207,0.0533255,0.46892869,0.09808856,0.01784752,0.3353329,-0.08979934,-0.17150907,-0.13901769,-0.18484046,-0.16822308,-0.06479372,-0.08820715,-0.1996545,0.07899407,-0.17745087,-0.32818675,0.19041348,-0.17446133,2662000.03593644,0.09748962,0.10732498,0.07521953,-0.16357119,0.15452391,0.04483327,0.46887764,0.09879085,0.01484043,0.33735082,-0.09180007,-0.16836198,-0.14181903,-0.18614349,-0.16895598,-0.06456556,-0.08443985,-0.19934727,0.08199962,-0.19181752,-0.3278591,0.19382152,-0.17575377,2663000.03431047,0.09344726,0.10796725,0.07727121,-0.16672635,0.15637663,0.05184172,0.46681878,0.09841609,0.01228686,0.34410375,-0.09492905,-0.16669105,-0.1377382,-0.19316541,-0.16950949,-0.06433911,-0.08658233,-0.19673648,0.08469226,-0.193077,-0.32658294,0.19832742,-0.18971191,2664000.03139434,0.08748178,0.10390278,0.07282238,-0.15318182,0.14887793,0.04967127,0.46701264,0.09738246,0.02085463,0.33941588,-0.08663603,-0.17328669,-0.13589561,-0.19281699,-0.16614208,-0.0594465,-0.09362119,-0.19626653,0.07916304,-0.18670785,-0.32486615,0.19868638,-0.18930288,2665000.03092038,0.08476417,0.10120022,0.06740414,-0.14725895,0.14510937,0.05948186,0.46680492,0.1010428,0.0284001,0.34506056,-0.07913407,-0.16522613,-0.13440424,-0.1914092,-0.16438523,-0.06473132,-0.08662419,-0.19807047,0.07755787,-0.18747048,-0.32427523,0.18780421,-0.18090516,2666000.03287328,0.0904767,0.10629046,0.06942239,-0.15586455,0.14956148,0.04920303,0.47057101,0.09796359,0.02237367,0.33555362,-0.08494814,-0.16720909,-0.14008018,-0.19159263,-0.16702256,-0.06883009,-0.09674476,-0.19608088,0.08469685,-0.19062874,-0.32824022,0.19229664,-0.18032342,2667000.03144471,0.09177995,0.10191762,0.0711023,-0.16242829,0.1442586,0.05060091,0.47035268,0.0974515,0.0193883,0.34200096,-0.09419602,-0.17730175,-0.14497769,-0.18914711,-0.16791837,-0.06172033,-0.09245411,-0.19755398,0.08132914,-0.1918637,-0.33011845,0.19425377,-0.18924221,2668000.03401089,0.08956055,0.09977239,0.06953187,-0.16494617,0.14867339,0.0522336,0.47136179,0.09660201,0.01972311,0.33316606,-0.0933422,-0.17137858,-0.14486839,-0.18262285,-0.16974765,-0.07110956,-0.09260689,-0.20135225,0.07780536,-0.19321848,-0.33045569,0.1903901,-0.19410701,2669000.03524522,0.08692843,0.10260793,0.07119987,-0.16407408,0.15037477,0.05105792,0.46801692,0.09740986,0.01581212,0.33961233,-0.09573073,-0.17689419,-0.14355199,-0.18685929,-0.16786793,-0.06566577,-0.09832411,-0.19917744,0.07787018,-0.18872312,-0.33091128,0.18955447,-0.18766148,2670000.03444711,0.09251774,0.10695627,0.07288668,-0.16861461,0.15595338,0.04670555,0.46660465,0.09507097,0.0117686,0.32538676,-0.10358665,-0.17945969,-0.14297292,-0.19180813,-0.16895755,-0.06550237,-0.08731285,-0.20413384,0.08124646,-0.18818383,-0.33047679,0.18987632,-0.18831062,2671000.03480548,0.09344095,0.10709838,0.07379225,-0.16703613,0.16152902,0.04947779,0.4680616,0.09454615,0.00948772,0.3284618,-0.09701938,-0.18682671,-0.14577098,-0.19312325,-0.16937669,-0.06797684,-0.08688571,-0.20367448,0.08433695,-0.19478469,-0.33005142,0.19574258,-0.18284023,2672000.0342769,0.08536531,0.09739297,0.06799446,-0.16155791,0.14524361,0.05033424,0.46578518,0.09702723,0.02025194,0.32833549,-0.09409446,-0.173455,-0.14633594,-0.19126934,-0.16898403,-0.06603604,-0.088826,-0.20303974,0.08298766,-0.19854032,-0.32854867,0.19230513,-0.1896674,2673000.03163762,0.08487421,0.09874526,0.06562171,-0.15681843,0.14516267,0.0483746,0.4639025,0.09989229,0.02535777,0.3293342,-0.09339751,-0.17815244,-0.14264181,-0.18889406,-0.16533946,-0.06510096,-0.09090852,-0.20073181,0.08579797,-0.1862414,-0.32869458,0.1889938,-0.18884438,2674000.03178449,0.0874304,0.09823835,0.06833234,-0.16138604,0.14139092,0.04592016,0.46661252,0.09697438,0.02050581,0.33330092,-0.09484409,-0.18233772,-0.13898836,-0.18971483,-0.16644356,-0.06224848,-0.09365913,-0.1977884,0.08083902,-0.19649994,-0.33237648,0.18742363,-0.19405763,2675000.03634287,0.08492806,0.0978223,0.06822293,-0.16698641,0.14277886,0.04809329,0.46828973,0.09390137,0.01798323,0.33285999,-0.09650634,-0.18266867,-0.14124559,-0.18936026,-0.16736995,-0.06790672,-0.09685792,-0.197804,0.07188646,-0.19151156,-0.33398664,0.18875924,-0.19832858,2676000.03367883,0.08452881,0.1025538,0.06959245,-0.16950835,0.14699151,0.04912801,0.46650356,0.09554512,0.01645642,0.33354202,-0.10536437,-0.17163341,-0.14686763,-0.19254376,-0.16921577,-0.07358239,-0.09449223,-0.19824232,0.07499871,-0.1891986,-0.33368272,0.19508013,-0.18594091,2677000.03251218,0.08510412,0.10166329,0.07000685,-0.1740133,0.14924447,0.04302853,0.46503592,0.09357806,0.01369246,0.32962176,-0.1069556,-0.18488067,-0.14463361,-0.19265704,-0.17019799,-0.0662846,-0.09473895,-0.19952054,0.08388681,-0.18691391,-0.33532155,0.18913673,-0.18998013,2678000.03434739,0.08699889,0.10316823,0.07219812,-0.17309476,0.15286188,0.04371185,0.46399412,0.09156173,0.01128398,0.32902241,-0.10574642,-0.18651108,-0.14606008,-0.19308773,-0.17208412,-0.0712762,-0.1043619,-0.203344,0.07875315,-0.20673288,-0.33464295,0.18694176,-0.18967994,2679000.03444325,0.08587243,0.10489966,0.07234362,-0.17160811,0.14717408,0.04062095,0.46821859,0.09152938,0.01058027,0.31851149,-0.10272463,-0.17373858,-0.14478232,-0.19233453,-0.17115088,-0.07403901,-0.10819373,-0.20357898,0.08474276,-0.20119587,-0.33487168,0.1913275,-0.18335967,2680000.03279296,0.08174755,0.10342424,0.0656596,-0.16310513,0.14231591,0.04876763,0.46721527,0.09476007,0.02256933,0.3233518,-0.09736972,-0.1760695,-0.14459288,-0.19205722,-0.16780502,-0.07036921,-0.10194726,-0.20190199,0.08108712,-0.19664949,-0.33360353,0.18344858,-0.1944361,2681000.03180335,0.08256868,0.10322252,0.0663975,-0.16782559,0.14705393,0.04818028,0.46534368,0.09302653,0.02194331,0.33073068,-0.10873012,-0.17465532,-0.14798322,-0.19288082,-0.16983208,-0.07028664,-0.10614194,-0.19970492,0.07921521,-0.20239909,-0.33492181,0.18653475,-0.19408554,2682000.03220185,0.08283606,0.10146845,0.06636745,-0.17210262,0.14335729,0.04124651,0.46646181,0.09162656,0.01740753,0.32863879,-0.11064967,-0.18169346,-0.14677857,-0.19402927,-0.17321996,-0.06659712,-0.10135463,-0.20508216,0.07747947,-0.20342392,-0.33764949,0.19378647,-0.19593352,2683000.03217245,0.08378771,0.10196911,0.0677062,-0.17445119,0.14713871,0.04082416,0.46736452,0.09168563,0.01562228,0.32802892,-0.10928584,-0.17949978,-0.14284384,-0.19638592,-0.17208269,-0.07086349,-0.09937458,-0.20331843,0.08047234,-0.19667844,-0.33770043,0.19601724,-0.19282724,2684000.03391158,0.08424113,0.10088092,0.06832092,-0.17842682,0.14947677,0.04274233,0.46671584,0.09006581,0.01458468,0.31795925,-0.10949348,-0.18391517,-0.14688091,-0.19320787,-0.17297868,-0.07131041,-0.10830323,-0.20245324,0.07660221,-0.19731292,-0.33841741,0.18923523,-0.19572495,2685000.03805458,0.08814036,0.09974546,0.07137646,-0.18112405,0.15495811,0.03321548,0.46483827,0.08917803,0.01208816,0.32168952,-0.11258154,-0.18089677,-0.14973171,-0.1953406,-0.17535594,-0.07204518,-0.12266454,-0.20446257,0.08210457,-0.2025886,-0.33963922,0.19779085,-0.19154029,2686000.03546686,0.08595963,0.10436524,0.07254506,-0.18044408,0.15474613,0.03608857,0.46752742,0.08910969,0.00966574,0.31908062,-0.11210851,-0.18433419,-0.14449272,-0.19882064,-0.17535689,-0.07279497,-0.11951925,-0.20299117,0.08439936,-0.19755545,-0.33774632,0.19618247,-0.18855155,2687000.03390772,0.08242756,0.09816469,0.066797,-0.17043154,0.14777887,0.04307254,0.46493354,0.08953545,0.02026475,0.3232708,-0.1073711,-0.19042253,-0.14916247,-0.19801994,-0.17223239,-0.07130954,-0.09496837,-0.20738849,0.07580036,-0.2025311,-0.33642772,0.19431755,-0.1879366,2688000.03119106,0.08225416,0.09852374,0.06442308,-0.17021437,0.14663459,0.04404321,0.46372825,0.09043396,0.02431294,0.32701895,-0.10078747,-0.18188061,-0.14850076,-0.20011847,-0.17252736,-0.07076934,-0.0956145,-0.20259714,0.07548852,-0.20521714,-0.33780536,0.19390789,-0.20208982,2689000.03007549,0.07986527,0.10369385,0.06580199,-0.17438307,0.14659001,0.04325145,0.46551535,0.09087293,0.02033631,0.31360513,-0.10403583,-0.1804776,-0.15312044,-0.19813868,-0.17403038,-0.07490204,-0.10051513,-0.20070095,0.07711776,-0.19989102,-0.3415907,0.18766552,-0.20394242,2690000.0332132,0.07538331,0.10266203,0.06606968,-0.18069042,0.14648281,0.03811136,0.46508551,0.08965605,0.0165519,0.32787552,-0.10631513,-0.18642123,-0.15552381,-0.19649264,-0.17548254,-0.07783245,-0.10417757,-0.20920603,0.08082804,-0.20890754,-0.34101942,0.18947944,-0.19870025,2691000.03175513,0.0770627,0.09954419,0.06715167,-0.18136869,0.14581251,0.03784008,0.46607515,0.08803435,0.01639121,0.32353395,-0.10792654,-0.18141024,-0.15543801,-0.19645166,-0.17507708,-0.07996729,-0.1081678,-0.20771383,0.07867838,-0.20850629,-0.3420133,0.18805167,-0.19500698,2692000.03520453,0.08367744,0.10302493,0.06852097,-0.18689214,0.14941081,0.037367,0.46443877,0.08765143,0.01387365,0.31555745,-0.10986961,-0.19000098,-0.15465459,-0.19730361,-0.17467724,-0.07480447,-0.10625935,-0.20670852,0.07948099,-0.2090033,-0.34211478,0.19384719,-0.19050509,2693000.03660529,0.08386649,0.10221808,0.0714678,-0.18854311,0.16039601,0.03647785,0.46037841,0.08804898,0.01138099,0.31753284,-0.11256116,-0.18084003,-0.15299566,-0.19841097,-0.17832488,-0.07510713,-0.10636808,-0.20604478,0.07329871,-0.20503384,-0.34053609,0.18709908,-0.19593678,2694000.03656407,0.08279216,0.10283514,0.06567843,-0.18224849,0.15000664,0.03693919,0.4619031,0.08571786,0.0132847,0.31979454,-0.10762982,-0.18765156,-0.15171298,-0.20302121,-0.1793801,-0.07637542,-0.10141263,-0.20383161,0.07227912,-0.20454179,-0.33985075,0.18825324,-0.19505791,2695000.03050144,0.07578129,0.10197182,0.06019276,-0.17152494,0.14141357,0.04459551,0.4618102,0.09059825,0.02564589,0.32157144,-0.10528976,-0.18629409,-0.14974269,-0.20205806,-0.17501354,-0.07687426,-0.1062928,-0.20478098,0.0758298,-0.2036999,-0.33967042,0.18924002,-0.19400692,2696000.02960969,0.07504721,0.09909752,0.06057846,-0.17302853,0.1415838,0.04687236,0.46464449,0.09070901,0.02257207,0.32377011,-0.10580333,-0.1985621,-0.15030798,-0.19629149,-0.17631197,-0.07621996,-0.10392237,-0.20528248,0.07601253,-0.20189273,-0.34172282,0.19498883,-0.20117427,2697000.03134806,0.07773257,0.09837208,0.0638891,-0.1861373,0.1434501,0.03683991,0.46249616,0.08838208,0.01709044,0.31938279,-0.10682231,-0.18766597,-0.15855633,-0.1990422,-0.17758079,-0.07942534,-0.11457606,-0.21067944,0.07610363,-0.20866621,-0.343375,0.19120678,-0.20181186,2698000.03120286,0.07721309,0.09876157,0.06429584,-0.18780512,0.14552683,0.03669564,0.46590075,0.08791592,0.01572451,0.3216562,-0.11055733,-0.19306307,-0.16135545,-0.19785641,-0.17889883,-0.0832247,-0.1092319,-0.20827307,0.0834804,-0.20841829,-0.34503266,0.18808177,-0.20514752,2699000.03568495,0.07675055,0.10246707,0.06421652,-0.19268984,0.14694092,0.03701506,0.46573073,0.08556359,0.01312483,0.31734118,-0.10978093,-0.19336605,-0.15928026,-0.19756295,-0.17931534,-0.08325796,-0.10685984,-0.21176626,0.07290546,-0.20492271,-0.34485182,0.18383442,-0.2020272,2700000.03456515,0.0793228,0.10628471,0.06859259,-0.18829353,0.15563576,0.02734218,0.46495584,0.08641105,0.01090153,0.3119022,-0.11549279,-0.19048712,-0.1596484,-0.20126203,-0.18056698,-0.08284477,-0.10199306,-0.21188274,0.07936098,-0.20785727,-0.34367332,0.1902805,-0.19630773,2701000.03726032,0.07743543,0.10382935,0.06995122,-0.1947394,0.15756544,0.03155656,0.46310323,0.08271513,0.00819449,0.31638452,-0.11548506,-0.19805087,-0.15492202,-0.19863661,-0.1828256,-0.08720782,-0.11298717,-0.21122797,0.07946928,-0.21051589,-0.34271857,0.19437851,-0.19664346,2702000.03133777,0.07393737,0.09929909,0.06535415,-0.18652645,0.14842841,0.03254253,0.46386018,0.08438205,0.01387648,0.30976933,-0.10957364,-0.20106308,-0.15868516,-0.19963188,-0.18133391,-0.0843401,-0.11543792,-0.21011789,0.06693221,-0.20956101,-0.34109411,0.19170062,-0.20426141,2703000.03371908,0.07405178,0.09984978,0.058529,-0.18138534,0.14483966,0.03805608,0.4626607,0.08694934,0.02297868,0.32574713,-0.10545884,-0.19270068,-0.15404323,-0.20420374,-0.17614537,-0.08288799,-0.11092018,-0.21171179,0.07838181,-0.20229402,-0.33916777,0.19641753,-0.20191698,2704000.03155291,0.07392669,0.10435495,0.06167751,-0.18730773,0.14721209,0.03116257,0.46187937,0.08703309,0.01999645,0.32110187,-0.10478788,-0.1993915,-0.15773292,-0.19752161,-0.17833138,-0.08770771,-0.11276698,-0.20993344,0.07358069,-0.21521455,-0.34312874,0.19320261,-0.20242517,2705000.03212606,0.07365144,0.10081713,0.06180664,-0.19108047,0.14393428,0.03259243,0.46311179,0.08640823,0.01535765,0.30711803,-0.10609223,-0.19622867,-0.15790854,-0.19941963,-0.1824542,-0.08621381,-0.11611997,-0.20872086,0.07016826,-0.21983816,-0.34427932,0.18641637,-0.2034775,2706000.03104749,0.0758183,0.10159696,0.06135057,-0.19432417,0.14687988,0.02872285,0.46315899,0.08407371,0.01391205,0.31170318,-0.10613413,-0.19439591,-0.16191725,-0.19910841,-0.18416566,-0.09129091,-0.10425302,-0.21028635,0.07353669,-0.21957089,-0.34474555,0.18745755,-0.20505778,2707000.03185351,0.07544556,0.10418683,0.06325448,-0.1992552,0.14668611,0.03045695,0.46529832,0.08437778,0.01194965,0.32016051,-0.10726818,-0.19562621,-0.15710877,-0.19751786,-0.18383038,-0.08777869,-0.11684222,-0.2085942,0.07420059,-0.2128534,-0.34466031,0.19105686,-0.19961068,2708000.03456515,0.0739053,0.10572144,0.0674907,-0.20258579,0.14744185,0.0322258,0.46613944,0.08542886,0.00933494,0.31700581,-0.11227413,-0.19320473,-0.16249081,-0.19955662,-0.18387897,-0.09098256,-0.11645482,-0.21353476,0.07024759,-0.20618215,-0.34387785,0.1918871,-0.19772923,2709000.03439902,0.07811823,0.10302211,0.06864917,-0.19991846,0.15277569,0.02821523,0.46338573,0.08291569,0.00644384,0.31560552,-0.11066478,-0.19601959,-0.16067229,-0.19887345,-0.1854094,-0.09070339,-0.12379822,-0.21192838,0.07317261,-0.20910849,-0.34338957,0.19060655,-0.19588253,2710000.03263786,0.0748561,0.10069213,0.06339166,-0.19757366,0.14788842,0.03040187,0.46325806,0.08510828,0.01349962,0.31756443,-0.10155695,-0.1975133,-0.15531303,-0.19959639,-0.18245129,-0.08817437,-0.12655437,-0.20878272,0.07362355,-0.20880744,-0.34206244,0.18995091,-0.2083635,2711000.02818236,0.07281379,0.10216114,0.05850871,-0.1874318,0.14188422,0.0361659,0.46563274,0.08697978,0.02179258,0.31878626,-0.0966964,-0.20051195,-0.15121453,-0.20171908,-0.18018684,-0.08793015,-0.12620248,-0.20941654,0.0708361,-0.21619466,-0.34046972,0.17962016,-0.1978028,2712000.03089967,0.07216685,0.10059539,0.06295698,-0.18966217,0.14458495,0.03428866,0.46595728,0.08483437,0.01737705,0.31407726,-0.10224199,-0.19706579,-0.15097627,-0.19592987,-0.18268681,-0.09319364,-0.11909494,-0.20953703,0.07505146,-0.21551628,-0.34123886,0.18059464,-0.20187791,2713000.02901728,0.07237555,0.10170788,0.06209441,-0.19374277,0.1435737,0.02600889,0.46451715,0.08316988,0.01562456,0.31816676,-0.10227583,-0.19817108,-0.15976685,-0.19800478,-0.18589814,-0.09132517,-0.11271301,-0.21237059,0.07567468,-0.20934358,-0.34333652,0.18353343,-0.20598461,2714000.03110492,0.07372882,0.10048091,0.06446466,-0.19985034,0.14638388,0.02941537,0.46693298,0.0826372,0.01515987,0.31607804,-0.09932004,-0.19143069,-0.15738529,-0.20149314,-0.18490645,-0.09406898,-0.12109122,-0.20859906,0.0764095,-0.20426783,-0.34404311,0.19165318,-0.20326196,2715000.03401868,0.07288053,0.10218194,0.06464294,-0.20403449,0.15332608,0.02690602,0.46388048,0.08385303,0.01280298,0.31643382,-0.10486135,-0.19513929,-0.15624565,-0.20281795,-0.18497917,-0.09662808,-0.12036237,-0.21642415,0.07524183,-0.210015,-0.34340602,0.19579159,-0.19638337,2716000.03631322,0.07235677,0.10508408,0.06824534,-0.20310956,0.15662198,0.02714369,0.46949062,0.08238254,0.01058937,0.31803527,-0.10912267,-0.18997532,-0.16104774,-0.20299874,-0.18763013,-0.08926076,-0.12091999,-0.2154142,0.07984633,-0.21627688,-0.34278265,0.1999643,-0.19570415,2717000.03439533,0.07751913,0.10391602,0.06743843,-0.2016423,0.15419556,0.02422233,0.46572176,0.08368958,0.00936492,0.30788311,-0.10004476,-0.1961185,-0.15931413,-0.20095247,-0.18739912,-0.08951738,-0.12207631,-0.21058992,0.07220955,-0.21415851,-0.34181714,0.19608086,-0.19928311,2718000.03292587,0.07339858,0.10194473,0.05911405,-0.19050106,0.14608613,0.03294796,0.46405149,0.08471598,0.02019419,0.3196595,-0.09147892,-0.18920949,-0.15484512,-0.2021967,-0.18296136,-0.086372,-0.12334592,-0.21047123,0.0730783,-0.20805387,-0.33874461,0.19156085,-0.19750392,2719000.03267499,0.06954329,0.10193922,0.05753895,-0.18918155,0.14682196,0.03356947,0.46485642,0.08562475,0.0241147,0.32660061,-0.09189773,-0.1896399,-0.15049018,-0.20016287,-0.18285653,-0.08945023,-0.12927242,-0.21319437,0.07478231,-0.2138088,-0.33822256,0.18983725,-0.19662707,2720000.03443608,0.07451712,0.09937266,0.06134108,-0.19345193,0.14363548,0.03028208,0.46611151,0.0849024,0.02035835,0.3206563,-0.09221661,-0.18445201,-0.15253632,-0.1980444,-0.18674336,-0.08932997,-0.10893772,-0.21243298,0.07991897,-0.22127199,-0.3401548,0.1866245,-0.20542678,2721000.0352637,0.06804814,0.10065594,0.06095494,-0.19769394,0.14759755,0.02991411,0.46438977,0.08579049,0.0178024,0.31901646,-0.09619536,-0.19127432,-0.15411764,-0.19846766,-0.18731321,-0.08911676,-0.1171018,-0.21313766,0.07772703,-0.21806708,-0.33947825,0.19406776,-0.21156743,2722000.03330952,0.0731876,0.10193622,0.06475212,-0.19776751,0.15022403,0.03507054,0.46544895,0.08492628,0.01914316,0.31898925,-0.09215251,-0.19537431,-0.14818169,-0.19844583,-0.18650851,-0.08823427,-0.10748501,-0.21325913,0.07908022,-0.20855241,-0.33926934,0.19072995,-0.19643232,2723000.03391158,0.07366539,0.10324419,0.06727201,-0.20614402,0.15213083,0.02790851,0.46422577,0.08385404,0.0159059,0.31625509,-0.0886433,-0.18206047,-0.15157463,-0.1975379,-0.18751231,-0.08551764,-0.11518423,-0.21259412,0.07566985,-0.21180823,-0.33970267,0.19328782,-0.19586883,2724000.03605083,0.07740234,0.10497534,0.06889827,-0.20528573,0.15678069,0.02436359,0.46286878,0.08160361,0.01314324,0.32209668,-0.09270582,-0.17929693,-0.14990866,-0.19846272,-0.1904504,-0.08348832,-0.10808101,-0.21195823,0.07294487,-0.21146096,-0.3400712,0.19245428,-0.20000064,2725000.0362242,0.07623364,0.10380977,0.06733656,-0.20075287,0.15725709,0.02429227,0.4641965,0.08446322,0.01375168,0.31483206,-0.09036162,-0.17870393,-0.14644237,-0.2018424,-0.1883745,-0.08508482,-0.11270335,-0.21411949,0.07556092,-0.20526582,-0.33933404,0.19238944,-0.19463651,2726000.03075284,0.07463486,0.10255885,0.06152908,-0.18771268,0.14261551,0.03545276,0.46368313,0.08569855,0.02667094,0.31802446,-0.08465932,-0.18462507,-0.14578508,-0.19743191,-0.18239821,-0.08238404,-0.1175307,-0.20988406,0.07757717,-0.21201859,-0.33553031,0.19343428,-0.19389386,2727000.03113233,0.07224067,0.10299784,0.0596375,-0.1895887,0.14402092,0.03585346,0.46662143,0.08600451,0.02856708,0.33575714,-0.07948515,-0.17863594,-0.14116691,-0.19531351,-0.1832061,-0.08173965,-0.10296387,-0.21196337,0.07484612,-0.20745948,-0.33563972,0.18641701,-0.19726439,2728000.03423288,0.07388003,0.10405422,0.06088516,-0.1966843,0.14458495,0.03594191,0.46513855,0.08580023,0.02341206,0.33140168,-0.07971982,-0.18709236,-0.14387386,-0.19426928,-0.18492042,-0.08654127,-0.10623903,-0.21080923,0.07879794,-0.21475513,-0.3369821,0.18745655,-0.19817044,2729000.0352637,0.07471732,0.10207416,0.06284791,-0.19669689,0.14789185,0.02933112,0.46647829,0.08755587,0.02189118,0.32557994,-0.08370277,-0.17944427,-0.14417133,-0.19278188,-0.18689105,-0.08580291,-0.11450072,-0.21254809,0.07716715,-0.21294078,-0.33955014,0.19171296,-0.19979218,2730000.0351085,0.07134167,0.10213413,0.06483143,-0.20093046,0.1499472,0.02741165,0.46443543,0.08482121,0.02042771,0.33008367,-0.08602719,-0.18246366,-0.1439876,-0.19226182,-0.18804634,-0.08425023,-0.11500985,-0.21203722,0.07961318,-0.21150397,-0.34039694,0.19498883,-0.19738233,2731000.03612131,0.0727382,0.10544951,0.06466248,-0.20196061,0.15530755,0.0280277,0.46586013,0.083564,0.01737099,0.32337296,-0.08459501,-0.18036839,-0.14453724,-0.19553487,-0.18801643,-0.08354322,-0.10567626,-0.21151792,0.08075045,-0.20590119,-0.33881715,0.1933192,-0.2024648,2732000.03529327,0.07577111,0.10314109,0.06779665,-0.20491473,0.1602383,0.0296551,0.46621713,0.08545808,0.01515913,0.3220962,-0.08785662,-0.18160203,-0.139745,-0.19865173,-0.18871085,-0.08581512,-0.1162885,-0.21200308,0.0815431,-0.21430354,-0.33815128,0.19370314,-0.19498399,2733000.03962964,0.07670024,0.10384124,0.06868652,-0.20165487,0.1598877,0.02673504,0.46558657,0.08243138,0.0134966,0.32568395,-0.08435448,-0.18176237,-0.14421016,-0.19426329,-0.18793273,-0.07680001,-0.10944875,-0.2133166,0.0824092,-0.21697924,-0.33950627,0.19455628,-0.19169566,2734000.03516364,0.06643409,0.10105728,0.06090514,-0.19069226,0.146318,0.03323501,0.46706548,0.08578966,0.02571319,0.32533529,-0.07857346,-0.16897972,-0.13973598,-0.19293001,-0.18297842,-0.0776495,-0.10597546,-0.21591783,0.08040771,-0.20867077,-0.33533266,0.19411622,-0.19198017,2735000.03126016,0.06910106,0.1013006,0.05941034,-0.18767868,0.14686187,0.03617058,0.46698868,0.08876188,0.02944821,0.33183753,-0.07349567,-0.16085713,-0.14046702,-0.18819642,-0.18450874,-0.07569794,-0.10027623,-0.21349452,0.07704461,-0.2179471,-0.33698121,0.18784434,-0.19784874,2736000.03264038,0.07422854,0.10132451,0.0629966,-0.19454446,0.14776117,0.03092886,0.46994987,0.0871769,0.02378097,0.33479491,-0.07834887,-0.1703894,-0.13590416,-0.18849477,-0.18410411,-0.07647569,-0.10238742,-0.21839517,0.07461368,-0.21678822,-0.33864251,0.19138537,-0.19772249,2737000.03613238,0.07158064,0.10299217,0.0646728,-0.19508603,0.14800788,0.03109176,0.46818185,0.08547881,0.02227169,0.32721436,-0.07933199,-0.16931665,-0.14836197,-0.18894802,-0.1860479,-0.07699651,-0.11073542,-0.21757613,0.07692858,-0.21501854,-0.33944869,0.18888509,-0.20276146,2738000.03373779,0.07009625,0.10586707,0.06297683,-0.19678952,0.15516956,0.02902211,0.47101024,0.08607963,0.02092877,0.3294633,-0.08137511,-0.16989107,-0.14309262,-0.19130446,-0.18720312,-0.07304572,-0.11440585,-0.21744841,0.08325584,-0.21574335,-0.34109169,0.18395239,-0.1984636,2739000.03679013,0.07561537,0.10673179,0.0669932,-0.20180562,0.15443884,0.03037863,0.47051001,0.08563667,0.01850461,0.33684993,-0.08377108,-0.16892821,-0.13884625,-0.19339937,-0.18701997,-0.07424226,-0.10450716,-0.21924061,0.08275454,-0.21086226,-0.34128407,0.19254209,-0.19823454,2740000.03663496,0.07615552,0.1060077,0.06915457,-0.20298967,0.16017634,0.02244207,0.46733543,0.08514747,0.01600441,0.32168946,-0.08909682,-0.1666337,-0.14042288,-0.19281079,-0.1880351,-0.07689356,-0.10544238,-0.21870279,0.07735365,-0.21466275,-0.34077752,0.19613671,-0.19869241,2741000.03815012,0.07770084,0.10601152,0.06916133,-0.207083,0.16179042,0.02423054,0.46491626,0.08612606,0.01262366,0.32960454,-0.09158847,-0.17370066,-0.14006302,-0.19060609,-0.18874502,-0.0694,-0.10380358,-0.21444134,0.07963376,-0.22187984,-0.34055153,0.19740126,-0.18951882,2742000.03313994,0.07409605,0.10476279,0.06437933,-0.19017941,0.14826235,0.03026657,0.46725482,0.08648216,0.02037239,0.32419008,-0.07468639,-0.16712302,-0.13528559,-0.19220206,-0.18407848,-0.07801041,-0.10292105,-0.21483549,0.07598622,-0.20992246,-0.33949205,0.18914478,-0.19419067,2743000.03433613,0.07154705,0.10386852,0.06084626,-0.18570128,0.14550181,0.04027186,0.46783754,0.08926572,0.02846979,0.3292464,-0.06895458,-0.15754588,-0.13915351,-0.18570839,-0.18430686,-0.07620826,-0.10191977,-0.2131926,0.08085011,-0.20998441,-0.33706295,0.18781243,-0.19655474,2744000.03373437,0.07386939,0.10481398,0.06316453,-0.19325572,0.14755787,0.03557647,0.46928412,0.08620301,0.02552437,0.32672003,-0.0801407,-0.162957,-0.13490881,-0.18310985,-0.18734235,-0.06902808,-0.10143955,-0.21927004,0.07487714,-0.21123266,-0.33969337,0.18431005,-0.19470708,2745000.03333565,0.07254534,0.1056214,0.06464142,-0.19337741,0.14843747,0.02946063,0.47137639,0.08841928,0.02186372,0.33260334,-0.08000781,-0.16728747,-0.13649538,-0.18561275,-0.18593413,-0.06879668,-0.09491244,-0.21549879,0.07426018,-0.2105387,-0.34139085,0.1922131,-0.20549966,2746000.03586126,0.07281895,0.10238863,0.0635606,-0.19639745,0.15394127,0.03160863,0.47049117,0.08801387,0.02073355,0.33189884,-0.07868978,-0.16084482,-0.13972206,-0.18773013,-0.18739013,-0.06487116,-0.10288148,-0.21432281,0.07459561,-0.21793434,-0.3402797,0.19307069,-0.20333633,2747000.03701736,0.0738088,0.1024996,0.06469896,-0.19749771,0.15797941,0.02805842,0.47098053,0.08434901,0.0194758,0.32911697,-0.08338548,-0.17340766,-0.1320335,-0.18633631,-0.1876643,-0.06989218,-0.09866402,-0.21597724,0.07813031,-0.2180748,-0.34206766,0.19321315,-0.19433884,2748000.04011239,0.07732648,0.10913551,0.06955688,-0.19971345,0.16174659,0.03018641,0.47164628,0.0857686,0.01619423,0.33284283,-0.08063337,-0.17418712,-0.13578761,-0.18883799,-0.18869194,-0.06876007,-0.10118047,-0.21653169,0.08509295,-0.21175931,-0.34235057,0.20020752,-0.20436077,2749000.03914014,0.08212895,0.10634845,0.07222115,-0.20159887,0.1578517,0.03276087,0.47068015,0.08503937,0.01442933,0.33671808,-0.08194209,-0.17085455,-0.13632184,-0.18969493,-0.18770556,-0.06707654,-0.10365411,-0.21775922,0.08084371,-0.21681626,-0.34241629,0.19864719,-0.20019403,2750000.03448611,0.0768325,0.10242876,0.06306995,-0.18623486,0.15345415,0.0271139,0.46839714,0.08830953,0.02367117,0.33371156,-0.07487109,-0.16883582,-0.13043527,-0.18887381,-0.18519305,-0.06372768,-0.09974053,-0.214728,0.07726621,-0.21543148,-0.3414129,0.19392627,-0.19447742,2751000.03349766,0.07110658,0.10434567,0.06292542,-0.18223237,0.14955178,0.03795536,0.46993154,0.0887922,0.02988004,0.33063331,-0.06965932,-0.16089459,-0.12869346,-0.18416689,-0.18540692,-0.05846941,-0.09243108,-0.21517971,0.08474555,-0.20936412,-0.3394956,0.19081168,-0.19206542,2752000.03746438,0.07323457,0.10423106,0.06559163,-0.18852213,0.15777789,0.03362771,0.47174144,0.08611443,0.0245539,0.32660261,-0.07322326,-0.15934505,-0.12795435,-0.18395518,-0.18777137,-0.06430787,-0.09765787,-0.21948119,0.08511385,-0.2154645,-0.34022599,0.18505181,-0.1979738,2753000.03520003,0.07610122,0.1061823,0.06439048,-0.19147786,0.15718348,0.03292728,0.47400409,0.08599937,0.02243546,0.32495579,-0.07178085,-0.1548873,-0.13145451,-0.18367535,-0.1862703,-0.05907687,-0.08580113,-0.21785106,0.07859476,-0.21572556,-0.34294105,0.18994947,-0.20237677,2754000.03458681,0.07731945,0.10222588,0.06365658,-0.19335626,0.16489911,0.03035375,0.47425419,0.08804521,0.02146713,0.32795936,-0.08013394,-0.15824214,-0.12944481,-0.18308021,-0.18806778,-0.05815521,-0.09271342,-0.21678466,0.08280713,-0.21309173,-0.34306434,0.19063032,-0.19513211,2755000.03871055,0.08076925,0.10389959,0.07036564,-0.19521134,0.16027915,0.03330339,0.4675014,0.08806263,0.01773163,0.3331899,-0.08077867,-0.16406247,-0.12776709,-0.18341711,-0.18823385,-0.05641199,-0.09525522,-0.21487224,0.08218692,-0.21118402,-0.34279886,0.19220081,-0.20658264,2756000.03711265,0.08166604,0.10273267,0.07231784,-0.19561955,0.16031967,0.02805262,0.4706091,0.08576272,0.0154468,0.33070889,-0.08295427,-0.16342962,-0.13320552,-0.18250731,-0.18956688,-0.06197267,-0.10033963,-0.21620844,0.0813207,-0.21298082,-0.3419708,0.19377035,-0.1912811,2757000.03514692,0.07995844,0.10304014,0.06921487,-0.18836901,0.16085972,0.03174414,0.47330227,0.08556344,0.01655137,0.33462468,-0.07918875,-0.15799655,-0.1346693,-0.18603159,-0.18720457,-0.06192397,-0.096649,-0.21256933,0.0822351,-0.21060623,-0.3417767,0.19379076,-0.19799416,2758000.03513501,0.07581373,0.09934286,0.06478181,-0.17568743,0.15558116,0.04406093,0.47057629,0.09007019,0.02968029,0.33544067,-0.06912702,-0.15464707,-0.12741789,-0.18573862,-0.18330133,-0.05586112,-0.09214927,-0.21388604,0.0815591,-0.20631659,-0.33865455,0.19193196,-0.19450657,2759000.0340923,0.07926299,0.10503988,0.06310292,-0.17958979,0.15515935,0.03967909,0.47213206,0.09098702,0.02914116,0.33652475,-0.06959124,-0.15306294,-0.12176549,-0.18333951,-0.18433066,-0.04788422,-0.10116392,-0.21231145,0.08294749,-0.21056391,-0.33953634,0.19307278,-0.19857037,2760000.03421069,0.07682146,0.10470471,0.06662024,-0.18128319,0.16111775,0.03228509,0.47137499,0.09083698,0.02559671,0.33851975,-0.0741607,-0.15926568,-0.12455239,-0.17984952,-0.18461575,-0.05643304,-0.08374393,-0.21303412,0.08394272,-0.21258171,-0.3398397,0.1920637,-0.19278592,2761000.03642711,0.07778715,0.10236633,0.06776245,-0.18460196,0.1614686,0.03375553,0.47473702,0.09063591,0.02338484,0.32801136,-0.08051476,-0.15414986,-0.12864342,-0.18553963,-0.18579309,-0.05626661,-0.09716081,-0.21333566,0.08351723,-0.20544681,-0.34063184,0.19292514,-0.19809905,2762000.04029736,0.0785563,0.10206058,0.06958725,-0.18771979,0.162836,0.03319623,0.47293672,0.08892234,0.0197488,0.32935432,-0.08169413,-0.15396297,-0.12298042,-0.18940222,-0.18641397,-0.05671591,-0.0970988,-0.21395759,0.08728801,-0.21154805,-0.34065709,0.19030814,-0.20245939,2763000.03877032,0.07969753,0.10311835,0.0722824,-0.19180407,0.16765407,0.02989035,0.47113028,0.08777468,0.01616258,0.32446718,-0.07960639,-0.15907778,-0.12556125,-0.18913539,-0.18685709,-0.05729247,-0.08837797,-0.22123921,0.08153231,-0.21138024,-0.34286568,0.1921774,-0.19804195,2764000.04095985,0.08540746,0.10777131,0.0736868,-0.1924489,0.16446289,0.03423361,0.47003186,0.08963898,0.01440365,0.3291117,-0.08440205,-0.15642312,-0.13088422,-0.19292128,-0.1859733,-0.05813035,-0.09836227,-0.21796043,0.08473313,-0.20231049,-0.34290859,0.18946789,-0.19197252,2765000.03925775,0.07888648,0.10384793,0.06596602,-0.17874104,0.16024296,0.03984114,0.47133183,0.0892055,0.02154148,0.32803056,-0.07608132,-0.14586893,-0.12970147,-0.18812144,-0.18311742,-0.05783188,-0.1015972,-0.21101455,0.08093712,-0.20377558,-0.34025761,0.19935651,-0.19531372,2766000.03625458,0.07732651,0.10351326,0.06220056,-0.1730306,0.15261875,0.04096549,0.4728235,0.09168452,0.02964137,0.32969838,-0.07192852,-0.15163368,-0.12559758,-0.18754014,-0.18061537,-0.05374137,-0.08482777,-0.21594535,0.07945646,-0.2022229,-0.33866474,0.18852274,-0.1929581,2767000.03726174,0.08073688,0.10473204,0.06491733,-0.17524186,0.156569,0.03198283,0.47070813,0.08983285,0.0253617,0.3264648,-0.0778928,-0.15710531,-0.12305781,-0.18832991,-0.18496934,-0.05386383,-0.09195028,-0.21439198,0.08327591,-0.20727524,-0.34062061,0.19286643,-0.19434093,2768000.03832305,0.08300808,0.10670965,0.06626613,-0.17946438,0.16019706,0.03685422,0.47163528,0.089041,0.02120209,0.32849976,-0.07993951,-0.15679087,-0.12233425,-0.18659325,-0.18494736,-0.05724072,-0.09003934,-0.21388832,0.08159102,-0.21293591,-0.34097829,0.1910228,-0.19384672,2769000.03674887,0.07893249,0.10322726,0.06768332,-0.17973849,0.16317944,0.03510248,0.4710086,0.09142502,0.01940215,0.33438513,-0.08341625,-0.15698263,-0.12583515,-0.18606848,-0.18529493,-0.05776772,-0.08675772,-0.21224084,0.07736373,-0.21191822,-0.34291154,0.20179603,-0.19940799,2770000.03915228,0.08196669,0.10487052,0.06834652,-0.18426548,0.16246894,0.04274099,0.47222915,0.08817317,0.01773038,0.32969469,-0.08308152,-0.16891646,-0.1256094,-0.19137639,-0.18496765,-0.05852562,-0.08433138,-0.21441424,0.07453611,-0.19976294,-0.34319407,0.19654761,-0.19544923,2771000.03902704,0.08317886,0.10846601,0.07189975,-0.18894577,0.16407576,0.03440579,0.46889725,0.08853212,0.01481807,0.32338282,-0.08864396,-0.17053896,-0.12227861,-0.19213706,-0.18475074,-0.05849976,-0.09999405,-0.21743704,0.08702057,-0.20902488,-0.34332612,0.19580004,-0.1959568,2772000.038001,0.08216583,0.10615183,0.07105883,-0.18716919,0.1568871,0.03617115,0.47153208,0.08623368,0.0116312,0.32033554,-0.08711938,-0.15997069,-0.12818746,-0.19225964,-0.1858121,-0.05800288,-0.10169606,-0.21546416,0.08087839,-0.20534012,-0.34289715,0.2054673,-0.19726029,2773000.03430159,0.0775144,0.10364831,0.06240774,-0.17502549,0.15216374,0.04329355,0.47379193,0.09204115,0.02315366,0.32227358,-0.08163804,-0.16140799,-0.13159902,-0.18781157,-0.18133603,-0.0574978,-0.0940983,-0.21325316,0.08413478,-0.20619301,-0.34045595,0.19383748,-0.19458784,2774000.03609372,0.07727093,0.10531516,0.06436314,-0.17489778,0.15105028,0.04575874,0.47142014,0.09285051,0.02455818,0.32697567,-0.0803317,-0.15525524,-0.12154465,-0.1864212,-0.17981754,-0.0606631,-0.0904759,-0.21354266,0.08468185,-0.20862013,-0.34106413,0.18763363,-0.18970355,2775000.035825,0.08027864,0.10486418,0.0669219,-0.18039869,0.15615526,0.03636815,0.46883145,0.09407203,0.01874381,0.32890752,-0.08673433,-0.16213831,-0.12287757,-0.1918316,-0.18367107,-0.06205872,-0.09190559,-0.21443906,0.07957515,-0.21004859,-0.34211627,0.19135012,-0.18970969,2776000.03655241,0.07962026,0.10360991,0.06654491,-0.17857416,0.15760826,0.03688872,0.46891811,0.09219486,0.01600515,0.32632691,-0.08565345,-0.16868773,-0.12216366,-0.18910037,-0.18359508,-0.06093441,-0.09113017,-0.217967,0.08139766,-0.20461473,-0.34434563,0.19786866,-0.1971997,2777000.03665967,0.08110172,0.10492311,0.06636415,-0.1818684,0.16240448,0.03206404,0.46876654,0.09086668,0.01488822,0.32447964,-0.08619543,-0.15767188,-0.12461693,-0.18868758,-0.18392988,-0.06134002,-0.09349252,-0.21195647,0.08613566,-0.20682161,-0.34207809,0.19274102,-0.19208528,2778000.03504505,0.08300462,0.10804539,0.07087722,-0.18639918,0.16691744,0.03537953,0.46708366,0.09119096,0.011722,0.32046697,-0.08920399,-0.16476923,-0.12430032,-0.19013266,-0.18330517,-0.05824227,-0.10655943,-0.21593069,0.08070938,-0.21319593,-0.34387785,0.19550599,-0.19730319,2779000.03866294,0.08352631,0.10470285,0.07284849,-0.19156656,0.1635665,0.03713584,0.46861461,0.09032238,0.0097773,0.32503468,-0.09369326,-0.16311477,-0.12534413,-0.19106224,-0.18306476,-0.062668,-0.10511228,-0.21620427,0.07346168,-0.20674603,-0.34383389,0.19814967,-0.19295552,2780000.03597467,0.07943416,0.10523483,0.06831049,-0.176523,0.15587971,0.0440667,0.4693228,0.09216681,0.0158243,0.32058844,-0.08457743,-0.16684017,-0.13207419,-0.19301262,-0.18259615,-0.06345443,-0.09487305,-0.21529618,0.07705795,-0.20324452,-0.34298068,0.20317671,-0.19194862,2781000.03629635,0.08176772,0.10085986,0.06349012,-0.17016688,0.15128517,0.04291231,0.47487718,0.09361986,0.02275639,0.3302367,-0.08472772,-0.16811539,-0.12603003,-0.18996304,-0.18238519,-0.06101251,-0.0853173,-0.21229747,0.0825206,-0.20619172,-0.34052381,0.18748367,-0.18526986,2782000.03444325,0.08358436,0.10684306,0.0666241,-0.17936844,0.15704615,0.04199306,0.46993086,0.09268886,0.01844071,0.31718954,-0.0883871,-0.15516953,-0.12511933,-0.18870378,-0.18176326,-0.06447051,-0.10126217,-0.21621598,0.0876568,-0.20871322,-0.34244815,0.19340031,-0.18546107,2783000.0382932,0.08365054,0.10539279,0.06786458,-0.1769488,0.16032523,0.04210117,0.46740916,0.09227772,0.01540358,0.31870767,-0.08883975,-0.15491278,-0.12292878,-0.19099471,-0.18366562,-0.06593934,-0.09956333,-0.21346681,0.08160532,-0.20629264,-0.34268242,0.19846676,-0.19723397,2784000.03581347,0.08296478,0.10302756,0.06979971,-0.18045586,0.16473435,0.03759599,0.47021139,0.09206235,0.0148395,0.32100481,-0.0910893,-0.15617646,-0.1254572,-0.19069409,-0.18303594,-0.06795508,-0.08738084,-0.2159467,0.07681554,-0.20846258,-0.34318298,0.19673686,-0.20399635,2785000.03772077,0.085454,0.10171732,0.07098678,-0.18410453,0.15958233,0.03778008,0.46874228,0.09269353,0.01307666,0.32592383,-0.09097288,-0.16613148,-0.12707479,-0.19389296,-0.1830575,-0.06446655,-0.09960087,-0.21412283,0.08001229,-0.20621589,-0.34383944,0.20135145,-0.18974178,2786000.03863306,0.08763499,0.10559215,0.07375688,-0.18685555,0.16337313,0.03578383,0.46778345,0.09500564,0.00996072,0.31199318,-0.09175692,-0.16976406,-0.12341327,-0.19354524,-0.18262535,-0.05952755,-0.10766373,-0.21533754,0.08712627,-0.21204203,-0.34373915,0.19220561,-0.1938047,2787000.03860317,0.08693704,0.10033251,0.07006757,-0.17736924,0.15904003,0.0409098,0.46503875,0.09444541,0.01214221,0.3160668,-0.08835337,-0.17191277,-0.12621185,-0.18942392,-0.18442637,-0.06517128,-0.10649808,-0.21361166,0.07822602,-0.20554495,-0.34237301,0.18840232,-0.19501187,2788000.03695774,0.08104506,0.10336551,0.06391578,-0.17105176,0.15021472,0.04468108,0.46535844,0.09665959,0.02450092,0.31978947,-0.08245751,-0.16522165,-0.12151881,-0.19122581,-0.18097012,-0.06770488,-0.09358331,-0.21381631,0.07769336,-0.20237154,-0.34021926,0.19530794,-0.18785323,2789000.03533689,0.08142558,0.10283262,0.06475059,-0.17051713,0.15772489,0.04178332,0.47012335,0.09602597,0.02301633,0.31242207,-0.0853374,-0.16208124,-0.12288889,-0.19525085,-0.18274689,-0.06289253,-0.08862469,-0.21229313,0.07958029,-0.20416924,-0.3408238,0.20052962,-0.19071212,2790000.0349972,0.08198242,0.10352323,0.06451291,-0.17259397,0.16119641,0.0384098,0.47003886,0.09610028,0.01759577,0.32254711,-0.09183691,-0.16614032,-0.13058318,-0.19364063,-0.1823723,-0.06454895,-0.09773698,-0.2174895,0.08404888,-0.20315659,-0.34215993,0.19299029,-0.18768179,2791000.03553306,0.08734258,0.10329824,0.06488974,-0.17707367,0.15872261,0.04046062,0.46788225,0.09396484,0.01770565,0.31592864,-0.09281164,-0.1613844,-0.13031846,-0.19498682,-0.18203169,-0.06617682,-0.09913953,-0.21510266,0.08732624,-0.20208733,-0.3411755,0.19212548,-0.1887541,2792000.03670105,0.08847094,0.10333095,0.0672876,-0.17803048,0.16696988,0.03975118,0.46816391,0.09428871,0.0149414,0.3218292,-0.09518103,-0.17074047,-0.1325096,-0.19648996,-0.1839897,-0.06201149,-0.09375568,-0.21313366,0.08743975,-0.20366199,-0.34190324,0.19560964,-0.18610853,2793000.03747014,0.08802763,0.10121362,0.07113903,-0.18016066,0.16791607,0.03997312,0.46446115,0.09291568,0.01154554,0.31461355,-0.09346668,-0.16923806,-0.1291324,-0.19480877,-0.18306972,-0.07054304,-0.10019575,-0.21631896,0.08023477,-0.2083146,-0.34083715,0.19655629,-0.19114546,2794000.03893746,0.09173342,0.10400243,0.07308076,-0.17433093,0.16351049,0.03504528,0.46509951,0.09256385,0.01057198,0.31354693,-0.09251723,-0.16483422,-0.12871182,-0.19422734,-0.18431215,-0.06718437,-0.09909769,-0.21439351,0.08081389,-0.20274469,-0.33991075,0.19854645,-0.19183744,2795000.03458681,0.08834608,0.1035332,0.0642212,-0.16850746,0.15542427,0.04800454,0.46637499,0.0930601,0.02092741,0.32168278,-0.09020837,-0.16290793,-0.12909797,-0.19599839,-0.18144105,-0.06489152,-0.10210254,-0.21673883,0.0831131,-0.20704862,-0.33850077,0.19697329,-0.19390829,2796000.03436574,0.08483708,0.10205019,0.06453224,-0.16432366,0.15064447,0.04734266,0.46750224,0.09528976,0.02468381,0.32657683,-0.08778209,-0.16606896,-0.12230203,-0.19594951,-0.17845559,-0.06510561,-0.10441733,-0.21418245,0.0807348,-0.19636758,-0.33908918,0.19293238,-0.18520911,2797000.03428094,0.08536568,0.10210112,0.06508877,-0.17060384,0.15901944,0.04315505,0.4694058,0.09354874,0.01904076,0.32046235,-0.08843789,-0.16709773,-0.13060747,-0.18767305,-0.18022975,-0.06888752,-0.09556524,-0.2127399,0.08420701,-0.19902386,-0.33873978,0.19215934,-0.19485784,2798000.03494221,0.08651024,0.09965147,0.0637996,-0.17075886,0.15905118,0.04223021,0.46539277,0.0946203,0.01725768,0.31704405,-0.09497729,-0.15235277,-0.12378875,-0.19123712,-0.18207304,-0.06809834,-0.09169858,-0.21055032,0.08536283,-0.2031922,-0.33839756,0.19382654,-0.19007866,2799000.0351676,0.08835705,0.10324419,0.06785693,-0.17934804,0.15949771,0.03836608,0.46641281,0.09230535,0.0150258,0.31029928,-0.09416727,-0.16449647,-0.13094833,-0.19245537,-0.18248667,-0.07213031,-0.11448424,-0.21149297,0.07970199,-0.20801193,-0.33843169,0.19749144,-0.18520549,2800000.03598448,0.08634264,0.10181883,0.06838135,-0.18301187,0.16094267,0.03463991,0.46712971,0.09167422,0.01221223,0.32053351,-0.09525539,-0.1743542,-0.1366903,-0.19405118,-0.18312988,-0.07104747,-0.10265043,-0.21263324,0.08014816,-0.20872436,-0.33814347,0.19584857,-0.18543467,2801000.03592527,0.09005475,0.10396753,0.07074322,-0.18293738,0.16216424,0.03828653,0.46478423,0.09235746,0.00891174,0.311506,-0.10121468,-0.16431972,-0.13257626,-0.19690883,-0.184341,-0.07020108,-0.0950586,-0.21540691,0.08415985,-0.19500549,-0.33765033,0.19241969,-0.18961205,2802000.03509736,0.09036355,0.10024264,0.0686205,-0.1778692,0.16073996,0.03671031,0.46652424,0.09252501,0.00807801,0.31146964,-0.098506,-0.17364493,-0.13133946,-0.19727638,-0.18339755,-0.07137584,-0.10258046,-0.21349779,0.08762101,-0.20434187,-0.33685338,0.19375379,-0.18895689,2803000.03558093,0.08638973,0.09694058,0.06191419,-0.16766509,0.15118845,0.04140703,0.46619275,0.09289155,0.01881105,0.31946191,-0.09439266,-0.16747391,-0.12773716,-0.19471349,-0.17844307,-0.07065925,-0.10014381,-0.21029346,0.08323839,-0.19593467,-0.33418563,0.19387951,-0.17455631,2804000.03475748,0.08544853,0.10157331,0.06368017,-0.17122263,0.14927651,0.04503651,0.46900529,0.09289081,0.02095313,0.31921476,-0.09249657,-0.16622438,-0.12506652,-0.19104537,-0.18045387,-0.07190935,-0.08339495,-0.21127053,0.08389323,-0.19319876,-0.33288026,0.1909976,-0.18268576,2805000.03363071,0.08632994,0.10042361,0.06648762,-0.17329146,0.1544345,0.03960073,0.4680393,0.09214252,0.01550301,0.30839097,-0.09641916,-0.16702496,-0.13619831,-0.18978308,-0.18212922,-0.07200813,-0.0998102,-0.21133566,0.08328927,-0.20920083,-0.33495599,0.19016461,-0.18711156,2806000.03476851,0.08878122,0.10092442,0.06614054,-0.17673634,0.15507059,0.04414396,0.468539,0.09052964,0.01295106,0.30895233,-0.1010932,-0.16704056,-0.13643418,-0.19248122,-0.18340777,-0.07721485,-0.11491949,-0.21263665,0.08019723,-0.20680094,-0.33542377,0.19162267,-0.1857273,2807000.03742231,0.08971185,0.10270993,0.06779665,-0.17824997,0.15891372,0.03668166,0.46852344,0.0915152,0.01192988,0.3205997,-0.10600518,-0.17644121,-0.13308105,-0.19276784,-0.18317696,-0.08186951,-0.105702,-0.21339539,0.08358159,-0.20779173,-0.3348439,0.1834785,-0.18395185,2808000.03763694,0.08981147,0.10033953,0.06804168,-0.18496093,0.15699193,0.03976363,0.46592304,0.09146418,0.00881381,0.30720687,-0.10536554,-0.17098115,-0.13444097,-0.19209386,-0.18340699,-0.07268117,-0.11559734,-0.21195643,0.07735737,-0.21076554,-0.33474365,0.19492146,-0.19191615,2809000.03696341,0.09272064,0.10059178,0.07287409,-0.18630616,0.15638438,0.03523192,0.4640967,0.08764227,0.00591103,0.30612841,-0.10510837,-0.17713521,-0.14048752,-0.19632275,-0.18508066,-0.07674206,-0.11260107,-0.21699399,0.0767566,-0.20835415,-0.33329722,0.19727077,-0.19057368,2810000.03721403,0.09256005,0.10469627,0.07160679,-0.18225519,0.1563554,0.03553486,0.46645793,0.08842111,0.00401679,0.31306532,-0.1071821,-0.18023539,-0.14387092,-0.19609384,-0.18442857,-0.07716279,-0.11290478,-0.21527241,0.08055728,-0.20699169,-0.33276474,0.19258896,-0.18662678,2811000.03301022,0.0841405,0.10100052,0.0638826,-0.17513894,0.14668357,0.03810077,0.46499187,0.09166602,0.01480116,0.31159097,-0.10232335,-0.17189209,-0.13038985,-0.19661151,-0.18118522,-0.07347003,-0.11046536,-0.21159805,0.08069037,-0.20006053,-0.32985476,0.18605949,-0.17370781,2812000.03577207,0.08512046,0.1001554,0.06246987,-0.17211136,0.1442993,0.04162146,0.46581528,0.09244465,0.01767504,0.31325606,-0.09627376,-0.1803425,-0.13305904,-0.18965109,-0.17928372,-0.07152335,-0.10660467,-0.2133057,0.08296034,-0.20396352,-0.32797095,0.19037057,-0.18416318,2813000.03504505,0.08650236,0.10034683,0.06494737,-0.17851754,0.15422359,0.03942867,0.46556693,0.08932291,0.01130507,0.30864534,-0.10135492,-0.16528279,-0.13545516,-0.19140916,-0.18284866,-0.07611673,-0.10839319,-0.20990421,0.08056628,-0.20775917,-0.32943648,0.19814369,-0.17452635,2814000.03396691,0.08596602,0.10399734,0.06628502,-0.18285693,0.15801148,0.0393257,0.4681136,0.09019345,0.00986324,0.305475,-0.10601813,-0.17723228,-0.12830871,-0.19094558,-0.18366729,-0.07415761,-0.10700645,-0.21247281,0.08213877,-0.21069157,-0.32981646,0.19804946,-0.17118397,2815000.03614143,0.08618004,0.10229914,0.06581783,-0.18350503,0.15929574,0.03260703,0.46708375,0.09182672,0.01035842,0.30646712,-0.11417045,-0.17695495,-0.1330891,-0.19435427,-0.18242317,-0.07662022,-0.10997534,-0.21594848,0.08230957,-0.20354742,-0.32971737,0.19313338,-0.17071937,2816000.03718424,0.09175947,0.10026625,0.06976373,-0.18262987,0.15836167,0.03442421,0.46661329,0.08855975,0.00742641,0.30877641,-0.11248554,-0.18048239,-0.13671793,-0.19654691,-0.18568063,-0.07320341,-0.11400128,-0.20797943,0.08318,-0.20427503,-0.32736674,0.19470614,-0.1760622,2817000.03797115,0.09474636,0.10450359,0.07409503,-0.18793714,0.16037931,0.03532939,0.46458721,0.08784986,0.00346921,0.31363985,-0.11004217,-0.17119792,-0.13145992,-0.19837113,-0.18719728,-0.0727316,-0.11851464,-0.21080323,0.0831627,-0.20163713,-0.32674551,0.19139431,-0.18500999,2818000.03778633,0.09313643,0.10038652,0.0740063,-0.18415914,0.15984796,0.03634724,0.4634878,0.08808551,0.003009,0.31837684,-0.10810748,-0.17520647,-0.13451339,-0.196613,-0.18569547,-0.07165571,-0.11256685,-0.2165084,0.08313911,-0.20309483,-0.3272348,0.20108113,-0.18255606,2819000.03591511,0.08781834,0.09822467,0.06577785,-0.16896184,0.15353887,0.03987522,0.46265304,0.09093019,0.01344957,0.31893343,-0.097104,-0.1776267,-0.13219863,-0.19136226,-0.18041435,-0.07401574,-0.11602534,-0.21126409,0.07989116,-0.19279666,-0.32411346,0.19484459,-0.17772709,2820000.03800658,0.08729284,0.1018311,0.06477461,-0.17081347,0.15263756,0.0449695,0.46749064,0.08949982,0.01810346,0.32125151,-0.0974976,-0.17682123,-0.13528648,-0.19158244,-0.18092084,-0.06973528,-0.10842556,-0.21093403,0.08298356,-0.19680798,-0.32326967,0.19809528,-0.17828056,2821000.03724978,0.08845884,0.10015871,0.06725281,-0.177848,0.15987989,0.03916978,0.46682504,0.08942109,0.01471849,0.32195985,-0.10463552,-0.17302272,-0.13190733,-0.19226719,-0.18323085,-0.06751922,-0.10619681,-0.21270978,0.08260175,-0.20112216,-0.32345375,0.19461465,-0.18357402,2822000.03792913,0.0874067,0.10105179,0.0670829,-0.17727858,0.15952937,0.0414342,0.4642424,0.09018572,0.01177932,0.31749153,-0.10477058,-0.17277816,-0.12668458,-0.19293015,-0.18316232,-0.07150514,-0.1031538,-0.20768015,0.08338075,-0.2029907,-0.32288665,0.1969675,-0.18165931,2823000.03677301,0.08925694,0.10035952,0.0695201,-0.17809099,0.16212973,0.03469606,0.46837923,0.08938594,0.01014391,0.31396639,-0.10097484,-0.17002727,-0.13225342,-0.19400756,-0.18340699,-0.06479068,-0.11205666,-0.21181281,0.08374203,-0.20351353,-0.32249048,0.19452016,-0.17937376,2824000.03931275,0.089871,0.10233685,0.07194512,-0.18073335,0.16201274,0.0369022,0.46263522,0.08854638,0.00818743,0.31649211,-0.10800373,-0.17287068,-0.13008441,-0.19457492,-0.18408568,-0.06550988,-0.11273433,-0.21025634,0.08322654,-0.20107608,-0.32316059,0.20171154,-0.17257315,2825000.04063731,0.09297999,0.10367361,0.0731248,-0.18373778,0.16416062,0.03561501,0.46580029,0.08980323,0.00637413,0.3199316,-0.10816747,-0.16763154,-0.13443053,-0.19296567,-0.18530549,-0.0687598,-0.10897575,-0.2121149,0.08897686,-0.19942105,-0.32311651,0.20131573,-0.17765403,2826000.04141191,0.09458643,0.10398335,0.07267594,-0.18371262,0.16289285,0.03985213,0.46460962,0.08839878,0.003908,0.31409255,-0.10451533,-0.17011699,-0.12964247,-0.19958766,-0.18508027,-0.06630895,-0.10699911,-0.21009494,0.0839458,-0.20095927,-0.32202491,0.20141366,-0.18220484,2827000.03975635,0.08939895,0.09845675,0.06536493,-0.16683815,0.15503198,0.04668644,0.46794674,0.09083879,0.01562665,0.31374171,-0.09765776,-0.16514227,-0.132626,-0.19569674,-0.18130484,-0.06106411,-0.10365433,-0.20840716,0.0827435,-0.19154674,-0.31830046,0.20252968,-0.17873427,2828000.04064627,0.08942362,0.10125683,0.06528587,-0.16477837,0.15324125,0.04387711,0.47137699,0.09188712,0.01987542,0.32148427,-0.09374861,-0.16675861,-0.12497406,-0.1931632,-0.18158294,-0.06096873,-0.10569779,-0.20809442,0.08283514,-0.19406366,-0.31704107,0.19844294,-0.17746064,2829000.03905552,0.09184223,0.10072193,0.0680917,-0.16893114,0.16557491,0.04441962,0.47047076,0.09067502,0.0155765,0.32729053,-0.09506553,-0.16700074,-0.12953933,-0.19381504,-0.18299223,-0.05844798,-0.09785997,-0.20648494,0.08131859,-0.19951241,-0.31966871,0.20208067,-0.17169735,2830000.03616482,0.08910925,0.09710827,0.06961706,-0.17342176,0.16311862,0.04129369,0.46338478,0.08897889,0.0130286,0.31845734,-0.0937804,-0.17842712,-0.13472535,-0.19392155,-0.18140234,-0.06144064,-0.10138047,-0.2064442,0.09055797,-0.20049317,-0.31958994,0.20088673,-0.17502701,2831000.03964736,0.09288969,0.10467737,0.06950758,-0.17338805,0.1649241,0.04108657,0.46784043,0.09062343,0.01244635,0.31627727,-0.10121534,-0.17694253,-0.12579803,-0.18842398,-0.18203203,-0.06218233,-0.10043987,-0.20894754,0.08580419,-0.19534221,-0.32007849,0.20013243,-0.17432818,2832000.03595037,0.09470212,0.10261772,0.07386208,-0.17228319,0.16468973,0.03831958,0.46910149,0.09028552,0.01050494,0.32408962,-0.10024447,-0.16754352,-0.12370602,-0.19311142,-0.18262611,-0.06317765,-0.10967454,-0.21199445,0.09002852,-0.19847544,-0.32045329,0.20206614,-0.17433107,2833000.03988496,0.09436269,0.10376117,0.07652434,-0.17685622,0.16425347,0.04130805,0.46907955,0.08839893,0.00740007,0.32141879,-0.1002719,-0.17766547,-0.12994657,-0.19623372,-0.18457326,-0.06275815,-0.11042188,-0.21366541,0.09218843,-0.19724683,-0.31946525,0.21005033,-0.17364873,2834000.04262548,0.10083754,0.10423864,0.07923323,-0.17838591,0.16496401,0.03663462,0.46648332,0.08715623,0.00397951,0.3219423,-0.10108434,-0.18232279,-0.12705317,-0.19317479,-0.18595505,-0.06354531,-0.10439494,-0.20905532,0.08229788,-0.19570594,-0.32098386,0.20410326,-0.17965555,2835000.04033675,0.09190179,0.10232218,0.0716444,-0.16908732,0.16093639,0.04283606,0.46584859,0.09182964,0.01212439,0.3220948,-0.09539432,-0.1745308,-0.12704167,-0.19544049,-0.18314177,-0.05975769,-0.10740118,-0.20733877,0.08643588,-0.20410332,-0.31937912,0.2034402,-0.17954937,2836000.03838123,0.09248866,0.09787115,0.0688254,-0.15695244,0.15253085,0.05048873,0.4705354,0.09197296,0.02208474,0.32375959,-0.08838385,-0.16011333,-0.1225794,-0.19137254,-0.17902617,-0.06203046,-0.10533081,-0.20900786,0.08744971,-0.19207487,-0.31661585,0.20167005,-0.18038344,2837000.03902046,0.09319253,0.10345151,0.06961706,-0.16456261,0.15927467,0.05002623,0.47150627,0.09337342,0.01794351,0.3267363,-0.09215281,-0.16682096,-0.12980352,-0.18827991,-0.18016405,-0.06064579,-0.10376416,-0.20608647,0.08395837,-0.19318612,-0.31826201,0.20120095,-0.1766898,2838000.03917539,0.09251421,0.09841918,0.06908225,-0.16794914,0.15871181,0.04465509,0.47027582,0.09311046,0.01427537,0.33021304,-0.09591797,-0.16385771,-0.12278996,-0.18948673,-0.18189749,-0.05715481,-0.1074896,-0.20837574,0.08729788,-0.20024426,-0.31898126,0.20544699,-0.17902277,2839000.03760152,0.0950033,0.10523316,0.07362525,-0.16769224,0.16123776,0.04584406,0.46947768,0.09318393,0.01398923,0.33104172,-0.09039199,-0.17930363,-0.12697341,-0.19019525,-0.18310156,-0.05999997,-0.10223984,-0.21276839,0.08631342,-0.19755793,-0.32080957,0.20615667,-0.17285791,2840000.03729153,0.09388405,0.10910878,0.07560871,-0.1714754,0.16515055,0.04380585,0.47144952,0.09431534,0.01152325,0.32962781,-0.09328856,-0.17377865,-0.13018842,-0.1926301,-0.18362199,-0.05872481,-0.10698494,-0.21115194,0.08806165,-0.19840288,-0.32123882,0.20411506,-0.17506059,2841000.04046481,0.09525005,0.1049577,0.07735836,-0.17035294,0.16012445,0.04402805,0.46869639,0.09390709,0.00765937,0.31955969,-0.09364857,-0.16517468,-0.1248743,-0.18779528,-0.1854693,-0.058356,-0.10679491,-0.21039212,0.0898554,-0.19447778,-0.32201183,0.20871183,-0.17719656,2842000.04452451,0.09309682,0.1057949,0.07896563,-0.17672665,0.16481097,0.04077412,0.47115919,0.09252097,0.0050883,0.32896197,-0.0965239,-0.17277947,-0.12458964,-0.19467945,-0.18442085,-0.05849246,-0.11099211,-0.20964809,0.0907534,-0.19414556,-0.32251462,0.21335594,-0.17397328,2843000.04448406,0.09645432,0.10476679,0.07907649,-0.17125657,0.16590178,0.03807757,0.46958753,0.09418421,0.00610278,0.31712091,-0.09132566,-0.16294876,-0.12407468,-0.19346778,-0.18318805,-0.05477017,-0.10597305,-0.21007638,0.08489676,-0.1948971,-0.32199383,0.20292751,-0.18253192,2844000.0392192,0.09293462,0.10176291,0.07130891,-0.15878186,0.15808327,0.04386688,0.47132629,0.09759386,0.01845636,0.32268167,-0.08599038,-0.16683917,-0.12634727,-0.19370045,-0.18094356,-0.05339763,-0.10913509,-0.20808949,0.08665996,-0.1911,-0.31970149,0.2040908,-0.17684816,2845000.04010456,0.09252496,0.10320408,0.0730285,-0.15823415,0.16031393,0.04895036,0.47577703,0.09896594,0.01829281,0.33516991,-0.08150542,-0.16454655,-0.12346376,-0.18780601,-0.18066609,-0.05333434,-0.10660357,-0.21360505,0.08569409,-0.19128413,-0.31911051,0.2086511,-0.16998915,2846000.03988964,0.09276659,0.10451152,0.07499439,-0.16433778,0.1594016,0.04581702,0.47165185,0.09586739,0.01442388,0.34036714,-0.08128121,-0.17782998,-0.11781164,-0.19054809,-0.18306603,-0.05361361,-0.10731629,-0.20878872,0.08753433,-0.20173383,-0.32215604,0.20613872,-0.1782902,2847000.04089142,0.09366496,0.10008653,0.07590736,-0.16579491,0.1577675,0.05084031,0.47589487,0.09654316,0.01371499,0.33013654,-0.07990521,-0.17474632,-0.12285627,-0.19128785,-0.1830575,-0.05866984,-0.10977017,-0.20957367,0.08772131,-0.19641325,-0.32320559,0.20707487,-0.17781104,2848000.04243145,0.09702817,0.10406709,0.07641184,-0.16566543,0.16067694,0.0426587,0.47276089,0.09621897,0.01185228,0.33163139,-0.08483645,-0.16421665,-0.12185919,-0.18859321,-0.18186282,-0.06055991,-0.1091967,-0.21202077,0.08377862,-0.20077804,-0.32372794,0.20214416,-0.17645232,2849000.04318849,0.09935626,0.10176115,0.07683972,-0.16452909,0.16454734,0.0415213,0.47194117,0.09691741,0.01151978,0.32920265,-0.08128611,-0.17901212,-0.12124673,-0.1926394,-0.18353546,-0.05743856,-0.10139786,-0.20929708,0.09177225,-0.19861066,-0.32381892,0.20771375,-0.18725687,2850000.04578019,0.10205594,0.10852531,0.0798464,-0.16962706,0.16875063,0.04326613,0.46978292,0.09669888,0.00932784,0.33361527,-0.07559525,-0.17005014,-0.12371974,-0.19848979,-0.18456705,-0.05332434,-0.10404827,-0.20742662,0.09083741,-0.19771564,-0.32417482,0.20945859,-0.18569884,2851000.04308083,0.10111968,0.10947286,0.07852543,-0.16270308,0.16746633,0.04744953,0.47287282,0.0989042,0.00852747,0.32592168,-0.07221641,-0.16948779,-0.11980917,-0.1921166,-0.18330689,-0.05515402,-0.11062788,-0.2099714,0.08743433,-0.19825321,-0.32451105,0.20443775,-0.1814606,2852000.04209875,0.09604427,0.10167927,0.07308381,-0.15158169,0.16120246,0.05530413,0.472054,0.09913974,0.02202885,0.32894549,-0.0703936,-0.16743578,-0.11525067,-0.19059378,-0.17997476,-0.05035791,-0.09767725,-0.21038659,0.08797529,-0.19864236,-0.32274276,0.20138802,-0.17305951,2853000.04181609,0.09729938,0.10451152,0.07378314,-0.15746422,0.16410802,0.05155559,0.47656971,0.10000788,0.02266504,0.33667952,-0.06583397,-0.15966667,-0.11284417,-0.18932196,-0.17957002,-0.04836113,-0.09374692,-0.20975429,0.09114692,-0.1947796,-0.32118395,0.20355207,-0.1802353,2854000.04267689,0.1011103,0.1043183,0.07716443,-0.15920354,0.17054644,0.04707077,0.4753083,0.10086557,0.01695724,0.33742696,-0.06687815,-0.16607969,-0.11415159,-0.18893689,-0.18170621,-0.0565598,-0.10670581,-0.20941961,0.09103282,-0.19546087,-0.32363948,0.20508118,-0.1776927,2855000.04349085,0.09750788,0.1059873,0.07510056,-0.16204867,0.16861431,0.05020067,0.47605926,0.10098018,0.0171626,0.32504326,-0.06350359,-0.16529836,-0.12444998,-0.18823427,-0.18112434,-0.05047604,-0.0956777,-0.20728593,0.07825774,-0.19890796,-0.32491356,0.20898695,-0.17321897,2856000.04484776,0.09916844,0.10883126,0.07732235,-0.16085853,0.16691744,0.04761957,0.47677544,0.10010438,0.01569232,0.32003269,-0.06136417,-0.17330059,-0.1178505,-0.18902268,-0.18198299,-0.04433274,-0.09918444,-0.20967777,0.08759922,-0.18941516,-0.32520625,0.2060622,-0.17793521,2857000.04744518,0.10155208,0.106936,0.07937199,-0.16267869,0.16757658,0.04431603,0.47424462,0.1010187,0.01332246,0.32411,-0.0631721,-0.16624099,-0.11800872,-0.18980066,-0.18107292,-0.04658414,-0.10008277,-0.21115902,0.08894008,-0.1870608,-0.32538426,0.21129733,-0.18518704,2858000.04684214,0.10349946,0.10657462,0.08345382,-0.1637831,0.16711965,0.04640904,0.47825989,0.10096083,0.01114052,0.32426509,-0.0653771,-0.16075741,-0.11771156,-0.19238278,-0.18283853,-0.05268451,-0.10224896,-0.20762849,0.08977418,-0.189623,-0.32724631,0.20546839,-0.18198071,2859000.04406677,0.10079519,0.10727309,0.08046063,-0.15556431,0.1640839,0.04836984,0.47440225,0.09935004,0.01489715,0.33468327,-0.06174589,-0.16977535,-0.11433951,-0.19149141,-0.18193415,-0.04612096,-0.09788093,-0.20441283,0.09578728,-0.18551779,-0.32663965,0.21178862,-0.1783911,2860000.04090851,0.09991655,0.10101373,0.07315559,-0.14726628,0.1616618,0.05413446,0.47229674,0.10219724,0.02846936,0.3325536,-0.05027414,-0.16483791,-0.11413065,-0.18907458,-0.17889182,-0.04558393,-0.09662359,-0.20491804,0.09205046,-0.19226328,-0.32465699,0.2052213,-0.17914182,2861000.04132991,0.10063344,0.10582116,0.07385366,-0.14927343,0.16430144,0.05379112,0.47780174,0.10427166,0.02577853,0.33446017,-0.05214016,-0.17169791,-0.11539669,-0.18654923,-0.18026981,-0.04604775,-0.09471219,-0.20773506,0.085834,-0.19318523,-0.32613632,0.20348403,-0.16972767,2862000.04287088,0.10235266,0.10451152,0.07536446,-0.15239547,0.17104299,0.05744093,0.47898412,0.10135841,0.02297321,0.34032962,-0.04759037,-0.16052538,-0.1137494,-0.18661118,-0.18085483,-0.04593621,-0.09832586,-0.21043706,0.09398396,-0.19867991,-0.3272506,0.20629847,-0.18191639,2863000.04410273,0.10325107,0.10548458,0.07596202,-0.15554631,0.16684476,0.05253933,0.47496703,0.10232937,0.02221547,0.33633444,-0.050392,-0.15858707,-0.11738861,-0.18355468,-0.17985252,-0.04743512,-0.10210608,-0.20953497,0.08897217,-0.19598432,-0.32741234,0.20128568,-0.18268429,2864000.04388282,0.10132588,0.10473204,0.07706841,-0.15772779,0.16804609,0.05327053,0.47631079,0.1016668,0.02037416,0.33447564,-0.05053736,-0.1635873,-0.11490783,-0.18592273,-0.18278906,-0.04514489,-0.08522191,-0.20715545,0.0887742,-0.19907759,-0.32947341,0.21070448,-0.18051669,2865000.0453999,0.10492178,0.10242067,0.08083502,-0.15846774,0.16687712,0.04570549,0.47331148,0.10192521,0.01871885,0.34012815,-0.05670608,-0.16049893,-0.12041537,-0.18832825,-0.18302444,-0.04939593,-0.0928403,-0.20938802,0.0868719,-0.19649671,-0.33046323,0.20726998,-0.18161032,2866000.04655943,0.10494714,0.10899734,0.08304288,-0.1572129,0.1644302,0.04895004,0.47263211,0.10147589,0.01636444,0.33114973,-0.05100997,-0.15691543,-0.12671815,-0.1891302,-0.18260075,-0.04848297,-0.09523325,-0.21175089,0.08473462,-0.19509621,-0.33021498,0.2127514,-0.18406811,2867000.04527887,0.1056077,0.10615718,0.0801606,-0.15412062,0.16425742,0.04518735,0.47323689,0.09859306,0.01745677,0.33428335,-0.04998127,-0.15887278,-0.1196793,-0.18545152,-0.18044171,-0.04909429,-0.09816708,-0.20894104,0.08942694,-0.19659984,-0.33026481,0.2116589,-0.18159185,2868000.04137735,0.09901801,0.10356954,0.0721951,-0.14537126,0.16321173,0.05918507,0.47706294,0.10316886,0.03153695,0.34754416,-0.04454382,-0.16361843,-0.11759207,-0.18612784,-0.17747153,-0.04782036,-0.09436727,-0.20512623,0.09026545,-0.19620593,-0.32797796,0.21360306,-0.17862481,2869000.04215553,0.09974124,0.10392302,0.07391009,-0.14826775,0.16260023,0.05751345,0.47828606,0.10230592,0.03021552,0.34269825,-0.04521914,-0.16244979,-0.11850481,-0.18553704,-0.17848259,-0.04517091,-0.0858262,-0.2058102,0.09225596,-0.19246823,-0.32883877,0.20818575,-0.17942303,2870000.04142717,0.10131498,0.10553753,0.07381303,-0.14984687,0.16107029,0.04886744,0.47480461,0.10056596,0.02449081,0.3391037,-0.04962518,-0.15805329,-0.12117594,-0.18110512,-0.18142489,-0.04847341,-0.09393984,-0.2077909,0.09538958,-0.19577426,-0.331498,0.2069357,-0.18308952,2871000.04085387,0.09933186,0.10626136,0.07512276,-0.15455927,0.15891281,0.04464038,0.47644255,0.09976065,0.02367228,0.33708811,-0.04874569,-0.15740325,-0.12480395,-0.18239716,-0.17990676,-0.05257374,-0.09070745,-0.2089424,0.09194176,-0.19378395,-0.33220318,0.20971894,-0.17720567,2872000.042646,0.10140111,0.10687236,0.0759578,-0.15626319,0.16279258,0.05131751,0.47179958,0.10218123,0.02159004,0.32623136,-0.04745012,-0.16281882,-0.1280503,-0.18229476,-0.18186325,-0.05395586,-0.10126328,-0.20832364,0.08852763,-0.19647007,-0.33262223,0.20797655,-0.1804157,2873000.04643084,0.1036208,0.10871363,0.07807208,-0.16445366,0.16415441,0.0494988,0.47165883,0.09889017,0.01830483,0.34425128,-0.05005293,-0.16228271,-0.12188365,-0.18330276,-0.17986864,-0.05459451,-0.0908081,-0.20942798,0.09001699,-0.19365712,-0.33454612,0.20585407,-0.18104669,2874000.04555101,0.10997325,0.10754361,0.08061268,-0.16506492,0.16108081,0.04528389,0.47324017,0.09823439,0.01489143,0.33877477,-0.0541624,-0.17306685,-0.12204973,-0.18876143,-0.18068227,-0.05212797,-0.10298099,-0.20882958,0.08990558,-0.20175457,-0.33551547,0.20664307,-0.18249299,2875000.04593896,0.1071483,0.10804682,0.08176594,-0.1593862,0.16487819,0.04792282,0.47822654,0.09797894,0.01318207,0.33444586,-0.04862224,-0.16022773,-0.13244124,-0.19219263,-0.18217649,-0.05507332,-0.09614089,-0.21219327,0.08653606,-0.19521081,-0.33569965,0.20867619,-0.17844772,2876000.04342639,0.09902114,0.10531696,0.07324791,-0.15339497,0.16528796,0.04925233,0.474778,0.1008256,0.02389534,0.336566,-0.04030029,-0.15713722,-0.12348814,-0.18904833,-0.17989694,-0.05618053,-0.09603302,-0.20812085,0.08843908,-0.19056365,-0.33409414,0.20630254,-0.18550172,2877000.04453364,0.09675374,0.10154945,0.07199133,-0.14349034,0.16062386,0.05462407,0.47532856,0.10057303,0.02908725,0.3350707,-0.03603818,-0.16551048,-0.11930156,-0.18355387,-0.17821468,-0.0552035,-0.08544356,-0.20505331,0.08759656,-0.19004121,-0.33437654,0.20662771,-0.18117031,2878000.04244309,0.09683114,0.10507875,0.07491085,-0.15205951,0.16411263,0.04942428,0.47416103,0.10074146,0.02492973,0.34560499,-0.03933284,-0.16752273,-0.12534893,-0.18452057,-0.18120258,-0.05146943,-0.09118,-0.20494023,0.09404306,-0.19898896,-0.33553946,0.20201257,-0.18117845,2879000.04026241,0.10066802,0.10488629,0.0746732,-0.15751702,0.16770202,0.04515987,0.47502315,0.09982365,0.023027,0.35511419,-0.04683627,-0.17316365,-0.12753208,-0.18090603,-0.18251166,-0.05730296,-0.1020501,-0.20646362,0.09315997,-0.19549409,-0.33660316,0.21148905,-0.18333121,2880000.04131388,0.09835369,0.10655693,0.0742394,-0.16072595,0.1669244,0.04311049,0.4751949,0.09907068,0.02269965,0.34144795,-0.04734051,-0.16266568,-0.12222973,-0.18085876,-0.18231012,-0.05722367,-0.09175337,-0.20968345,0.08798348,-0.19489193,-0.33718568,0.20796494,-0.18417592,2881000.04162451,0.10058755,0.1053011,0.0743541,-0.16136789,0.16545537,0.04442643,0.47289747,0.09938638,0.01919861,0.34967405,-0.05167458,-0.15953121,-0.12480161,-0.18408059,-0.18084736,-0.05017797,-0.09742414,-0.21350317,0.09253933,-0.20077649,-0.33772126,0.20858325,-0.18758483,2882000.04428357,0.0997431,0.11080395,0.07666969,-0.16791888,0.16263345,0.04224697,0.47606251,0.09547811,0.01610478,0.33556697,-0.05249572,-0.17584272,-0.13224509,-0.18466611,-0.1822589,-0.05944375,-0.0993901,-0.21099569,0.08896358,-0.19312316,-0.33810773,0.2051646,-0.18646109,2883000.04337447,0.1034964,0.10829217,0.07653256,-0.16889001,0.16253752,0.04000244,0.47670156,0.09438407,0.01468225,0.33767742,-0.053679,-0.18072644,-0.13004145,-0.18660335,-0.18366478,-0.05695751,-0.09877914,-0.2115586,0.09853815,-0.19845547,-0.33759516,0.21147789,-0.19109192,2884000.0432584,0.0996701,0.10450359,0.07141017,-0.15947235,0.15409757,0.03988335,0.47623193,0.09529531,0.01759228,0.33620051,-0.05126122,-0.16627923,-0.1317361,-0.18649441,-0.18337727,-0.05740984,-0.10103157,-0.21228306,0.09227479,-0.19564368,-0.33722377,0.20463772,-0.18801968,2885000.04303,0.09784807,0.10489138,0.06792741,-0.15171731,0.15574081,0.04684196,0.47858945,0.09913103,0.0284918,0.33719036,-0.04324535,-0.15834244,-0.13283272,-0.18391052,-0.18040116,-0.05518722,-0.10307816,-0.21386933,0.08958159,-0.19113387,-0.33642241,0.20188081,-0.18235362,2886000.04314641,0.09952356,0.10705891,0.06965989,-0.15730226,0.16018775,0.04306312,0.47215307,0.09847371,0.02607398,0.3356556,-0.05000354,-0.17026152,-0.13511311,-0.18383537,-0.18162797,-0.05208917,-0.08388267,-0.21134081,0.09225933,-0.19560501,-0.33772334,0.20808053,-0.18551241,2887000.04413288,0.09516194,0.10625038,0.07145559,-0.16080257,0.15414384,0.04345185,0.47439426,0.0967707,0.02258214,0.34103104,-0.04566871,-0.16260226,-0.13234651,-0.18770072,-0.18045808,-0.05350478,-0.08282357,-0.20908183,0.09347771,-0.19646922,-0.33913708,0.20614351,-0.18728147,2888000.04133732,0.10070305,0.10787002,0.07222867,-0.16017824,0.15334618,0.04212654,0.47329146,0.09649341,0.02188813,0.34088323,-0.04713622,-0.1703313,-0.1289344,-0.18460576,-0.18123981,-0.05427497,-0.08945342,-0.20913851,0.08649466,-0.18751335,-0.34014744,0.20625509,-0.18968342,2889000.04024449,0.09976634,0.1058869,0.07315983,-0.16654097,0.15607856,0.04228526,0.47276589,0.09513698,0.02017703,0.34364364,-0.04853852,-0.16710936,-0.13514656,-0.18545957,-0.18419723,-0.06102533,-0.09636143,-0.21016419,0.09638669,-0.19731949,-0.34073341,0.20427112,-0.18521424,2890000.04172519,0.09945578,0.1094062,0.07716125,-0.16774274,0.16224916,0.03966143,0.4742094,0.09465953,0.01830466,0.35270181,-0.05134562,-0.16591939,-0.13423832,-0.19124952,-0.18456839,-0.05886512,-0.0985332,-0.20937172,0.09265333,-0.19753549,-0.34103355,0.21484214,-0.18274561,2891000.04104466,0.10155785,0.10977145,0.07932223,-0.16947721,0.16454734,0.03975935,0.47547272,0.0952162,0.0142242,0.34064734,-0.05391401,-0.1724603,-0.13061823,-0.19080059,-0.18277287,-0.05763651,-0.09708667,-0.21113135,0.08931641,-0.19225621,-0.3405821,0.20900558,-0.18759528,2892000.04205283,0.09741054,0.10865717,0.07106377,-0.15678263,0.15709922,0.04326993,0.47503644,0.09661219,0.02210566,0.34249178,-0.04581783,-0.16454661,-0.13084291,-0.18658172,-0.18230185,-0.0569345,-0.09986686,-0.20868406,0.0872074,-0.19548821,-0.338696,0.21033002,-0.18199496,2893000.03877032,0.09884991,0.10483206,0.06877232,-0.15308085,0.15370429,0.05068073,0.4762989,0.09711647,0.02966172,0.34864026,-0.04209305,-0.15880428,-0.13273568,-0.18450572,-0.18109341,-0.05389686,-0.09788552,-0.21435477,0.08687524,-0.18900962,-0.33752716,0.20708719,-0.17978171,2894000.04076971,0.09921838,0.10521405,0.07296582,-0.16185093,0.15357041,0.04258462,0.47419912,0.09776944,0.02489952,0.34779909,-0.0453171,-0.16726454,-0.13720699,-0.1818769,-0.18265846,-0.05166888,-0.10011625,-0.20936273,0.09245723,-0.19718066,-0.33995342,0.21042544,-0.19377752,2895000.04221554,0.09606785,0.10722458,0.07156519,-0.1651037,0.15580142,0.03654597,0.47421923,0.09792134,0.02316887,0.34945354,-0.05173897,-0.16699159,-0.13478208,-0.18445899,-0.18135528,-0.05644977,-0.09419876,-0.20418525,0.08966514,-0.19853017,-0.34172246,0.20883374,-0.19367586,2896000.04230551,0.09592157,0.10563173,0.07274644,-0.16383648,0.15556827,0.04103256,0.47587559,0.096233,0.02118414,0.3532477,-0.05799548,-0.16868722,-0.13067956,-0.18510939,-0.18225592,-0.05342427,-0.09221422,-0.20589067,0.08687177,-0.19794132,-0.34041002,0.20828986,-0.19246712,2897000.04216793,0.0958524,0.10415678,0.07572481,-0.16785268,0.15840383,0.04522242,0.47353008,0.09292623,0.01905032,0.34631535,-0.05768864,-0.16604231,-0.1310485,-0.18447174,-0.18344964,-0.062544,-0.10338276,-0.21058522,0.088711,-0.20201974,-0.34069321,0.20932087,-0.19217199,2898000.04349475,0.0995633,0.10734068,0.07813729,-0.17093115,0.16085768,0.04271915,0.47539362,0.09602663,0.01641058,0.34073237,-0.05864688,-0.16512319,-0.13124602,-0.18800442,-0.18391404,-0.06095261,-0.09372934,-0.21176848,0.09078319,-0.20481864,-0.34035426,0.20919487,-0.18493739,2899000.04405532,0.10147685,0.10742685,0.07974815,-0.16670999,0.1622604,0.03950208,0.47619084,0.09531211,0.01391678,0.33993655,-0.06018155,-0.1620484,-0.13674797,-0.18477397,-0.18335985,-0.05963442,-0.08802131,-0.20980372,0.09050652,-0.20103343,-0.34109536,0.20774522,-0.19509713,2900000.03981998,0.09355184,0.1060077,0.07107665,-0.15450896,0.15369701,0.04519704,0.47574344,0.09508169,0.0272904,0.34500232,-0.05210869,-0.17637989,-0.14315389,-0.18470109,-0.18236007,-0.05724918,-0.09496047,-0.20686965,0.08808088,-0.18503949,-0.34017184,0.21269661,-0.19549149,2901000.03953428,0.09471428,0.1049106,0.06567079,-0.15153761,0.15276922,0.04495412,0.47483262,0.09645756,0.03013168,0.3473224,-0.04850644,-0.15790781,-0.13811968,-0.18365125,-0.18480198,-0.05550642,-0.09110828,-0.20812501,0.08871782,-0.20027892,-0.33859429,0.20628625,-0.18312792,2902000.04298648,0.09147798,0.10395503,0.0711815,-0.15849771,0.15679729,0.04664427,0.47375059,0.09686849,0.02434519,0.35521635,-0.05579826,-0.1586275,-0.13640401,-0.18191202,-0.18464068,-0.0567303,-0.08314683,-0.20646624,0.09651882,-0.20267488,-0.34164169,0.20438455,-0.18694128,2903000.03923578,0.09412295,0.10677682,0.07231438,-0.15969126,0.155918,0.04749423,0.47003916,0.09363289,0.02415963,0.34363404,-0.06165438,-0.15599225,-0.13817197,-0.18218575,-0.18261634,-0.06067876,-0.08267474,-0.20582421,0.09722626,-0.20177512,-0.34210703,0.20555073,-0.18561965,2904000.04212028,0.09891142,0.10791969,0.07359353,-0.16441055,0.16098523,0.0462837,0.47227961,0.0935459,0.02253493,0.34116092,-0.05912835,-0.16175354,-0.13683437,-0.18424746,-0.1816557,-0.06050834,-0.09294924,-0.20872658,0.09566571,-0.20246026,-0.34206644,0.20563187,-0.18483131,2905000.04330945,0.10149631,0.10694237,0.07205234,-0.17043699,0.15955018,0.0372639,0.47489816,0.09231582,0.01816673,0.34465623,-0.06021046,-0.16512299,-0.14173414,-0.17973487,-0.18325454,-0.05576171,-0.09457432,-0.2119846,0.08771415,-0.19828001,-0.34244242,0.21334381,-0.18368128,2906000.04389546,0.10039771,0.11264591,0.07518879,-0.17168641,0.16186765,0.04184059,0.47603583,0.09137242,0.01462263,0.33835709,-0.06290402,-0.16530712,-0.14084828,-0.18248315,-0.18434943,-0.05859704,-0.08933367,-0.20887536,0.08714414,-0.19084814,-0.34249157,0.2143224,-0.19506918,2907000.04493449,0.09744054,0.1084268,0.07780727,-0.17296211,0.15844573,0.04353635,0.47574112,0.09053751,0.01336743,0.33807874,-0.06076422,-0.16268545,-0.14709258,-0.18431278,-0.18323979,-0.06723231,-0.09585684,-0.21156496,0.08930391,-0.19269568,-0.3426601,0.21830224,-0.19146173,2908000.03974249,0.09595457,0.1058943,0.06706443,-0.15775268,0.15549847,0.04643427,0.47454184,0.09469238,0.02515919,0.34559691,-0.05843261,-0.17389201,-0.14321381,-0.17998494,-0.18058801,-0.0615085,-0.10243197,-0.20678452,0.08893944,-0.19278865,-0.34208471,0.20788765,-0.19022588,2909000.03924186,0.09267344,0.10429168,0.06696311,-0.15524882,0.15401264,0.04676091,0.4766292,0.09270313,0.0280192,0.35388845,-0.05317105,-0.17171927,-0.14283395,-0.18185785,-0.18114643,-0.06223726,-0.08638771,-0.21026312,0.08938,-0.19718291,-0.34244341,0.19981915,-0.19822922,2910000.03942685,0.09538525,0.10517386,0.06883039,-0.16227151,0.15491895,0.04199483,0.47364497,0.09187876,0.02337406,0.34972337,-0.06460487,-0.16835265,-0.13788617,-0.18261302,-0.18326129,-0.05978831,-0.09242991,-0.21285613,0.09285419,-0.20459749,-0.34403828,0.20690723,-0.1891315,2911000.03848401,0.09205794,0.10559848,0.07013995,-0.17082164,0.15266176,0.03560053,0.47381771,0.09246766,0.02010765,0.34450725,-0.0701169,-0.17446451,-0.13739701,-0.18128026,-0.18352477,-0.05952778,-0.08652804,-0.20877366,0.08779341,-0.20046604,-0.34538555,0.20989946,-0.19187498,2912000.03835193,0.09375014,0.10601301,0.0718575,-0.17140515,0.15846555,0.04220197,0.47446543,0.09067502,0.01793335,0.33896175,-0.06941963,-0.16691327,-0.14239869,-0.18152718,-0.1827351,-0.06496319,-0.08322799,-0.2125757,0.09221614,-0.19860932,-0.34598434,0.20794268,-0.19519918,2913000.04237762,0.09112515,0.11339699,0.07280178,-0.17297499,0.15842162,0.03570513,0.47303557,0.08885205,0.01491011,0.33982748,-0.07015759,-0.1746157,-0.14786187,-0.18131274,-0.18449605,-0.06819829,-0.08868012,-0.21390255,0.09218788,-0.20188037,-0.3475436,0.20817429,-0.18990919,2914000.0441234,0.09443103,0.11116082,0.07387418,-0.17456315,0.1544306,0.03611368,0.47580051,0.08733976,0.01164466,0.3462384,-0.074607,-0.1665647,-0.15061691,-0.18492922,-0.18460129,-0.07194373,-0.10140684,-0.21425679,0.0882238,-0.19951691,-0.34622428,0.20479117,-0.1889713,2915000.04647411,0.09528619,0.11281111,0.0768063,-0.17593727,0.15901777,0.03751972,0.47545668,0.08764695,0.01010889,0.33608583,-0.07799825,-0.17231563,-0.14901458,-0.18530153,-0.1862694,-0.06565905,-0.0929419,-0.21736389,0.08814429,-0.19609123,-0.34527713,0.21070854,-0.19612841,2916000.04497755,0.09574747,0.11163824,0.07649805,-0.17550036,0.1572569,0.03367763,0.47714111,0.08954135,0.0119794,0.3365384,-0.07839252,-0.17507935,-0.14424263,-0.18218134,-0.18656594,-0.06708406,-0.11040312,-0.21163903,0.09003014,-0.20601621,-0.34494489,0.21214424,-0.19504461,2917000.04204008,0.0946411,0.10661127,0.06953851,-0.16453229,0.1537578,0.03996743,0.47312593,0.09041079,0.0242061,0.33927551,-0.07007743,-0.16204244,-0.1451984,-0.18088238,-0.18313612,-0.06619748,-0.09292412,-0.21148479,0.09245723,-0.19004245,-0.34258142,0.20759456,-0.1917825,2918000.04098475,0.09563899,0.1021328,0.06866059,-0.16121948,0.15412135,0.04140644,0.47416323,0.0906961,0.02407088,0.33766454,-0.07262185,-0.16613244,-0.14616185,-0.18099511,-0.18227321,-0.06608621,-0.0881024,-0.21061802,0.08829283,-0.19446529,-0.34428307,0.20560078,-0.18646912,2919000.04078197,0.09245951,0.10631272,0.06883039,-0.16711242,0.1550533,0.03827532,0.4760673,0.09042446,0.01975179,0.34725085,-0.07669669,-0.17221992,-0.14186478,-0.18064114,-0.18562821,-0.06696046,-0.09048811,-0.21153,0.08494574,-0.20600361,-0.34837115,0.20276989,-0.19745681,2920000.03846595,0.09406406,0.10846798,0.0670834,-0.17533679,0.15441687,0.03747176,0.47760335,0.08455817,0.01783262,0.34348273,-0.07760904,-0.18060152,-0.1492123,-0.17990671,-0.18455033,-0.0700557,-0.09522294,-0.20952407,0.08837326,-0.20184112,-0.34842291,0.19930974,-0.19937791,2921000.04131962,0.09536789,0.10765833,0.06666526,-0.17254429,0.15611595,0.04000627,0.47457337,0.08556325,0.0163846,0.3396455,-0.08369318,-0.1698848,-0.15142058,-0.17830783,-0.18430519,-0.07013193,-0.08976099,-0.21087208,0.08931478,-0.20411891,-0.34926862,0.20844616,-0.20056066,2922000.04433105,0.09024413,0.1082211,0.07044494,-0.18028808,0.1569265,0.03180948,0.4780221,0.08857282,0.01393555,0.3434422,-0.08659804,-0.17504324,-0.15564372,-0.18228774,-0.18565007,-0.07368451,-0.08959386,-0.21416745,0.08924799,-0.19781882,-0.34914535,0.20610818,-0.19318075,2923000.04443878,0.09210794,0.10953863,0.07361148,-0.18202239,0.15884936,0.03788359,0.47878096,0.08697929,0.00993023,0.33651054,-0.08545639,-0.1793011,-0.15023267,-0.17646913,-0.18400031,-0.07050759,-0.09538313,-0.21372084,0.0924629,-0.20270577,-0.34837908,0.20600547,-0.1919806,2924000.04170761,0.09452891,0.10467893,0.07391503,-0.17793907,0.15950815,0.03940021,0.47540915,0.0857949,0.00988205,0.34154749,-0.08749461,-0.18071268,-0.1586782,-0.1793662,-0.18596196,-0.0650693,-0.1078556,-0.2094098,0.08357435,-0.20455936,-0.34802073,0.20879646,-0.19749773,2925000.04095985,0.0879072,0.10420753,0.06743438,-0.16902222,0.1532571,0.03944197,0.4761731,0.0885298,0.01996547,0.34262076,-0.08195794,-0.1782697,-0.14712413,-0.18098277,-0.18450955,-0.06918766,-0.09412473,-0.21470861,0.08622396,-0.20046604,-0.34585825,0.19953789,-0.19580294,2926000.03872269,0.08897208,0.10802551,0.06688388,-0.16875245,0.15839005,0.03467699,0.47401187,0.08854373,0.02325485,0.33427498,-0.08359561,-0.17417929,-0.14908433,-0.17197901,-0.18264732,-0.06787079,-0.09306806,-0.2140249,0.08239139,-0.1947455,-0.34709439,0.20754626,-0.1903401,2927000.03693368,0.09181874,0.10665672,0.06771743,-0.17546923,0.15630426,0.03345988,0.47576362,0.08501504,0.0186319,0.33719191,-0.08565063,-0.18048431,-0.15240015,-0.17408545,-0.18234302,-0.0731185,-0.09586631,-0.21197067,0.08089759,-0.20803531,-0.3503246,0.20192716,-0.20384562,2928000.03976698,0.08760696,0.10794127,0.06606968,-0.1742337,0.15554202,0.03664882,0.4751789,0.08359505,0.01558079,0.34016126,-0.09125878,-0.17580216,-0.14609437,-0.17822467,-0.18305394,-0.07525605,-0.09558404,-0.21322197,0.08244565,-0.20997158,-0.35125983,0.20238259,-0.1971972,2929000.03850201,0.08939721,0.10539618,0.06843033,-0.17963603,0.15430042,0.03529028,0.47452983,0.08613144,0.01550724,0.33275855,-0.09556454,-0.1684843,-0.14258772,-0.17467396,-0.18325977,-0.07056736,-0.1016109,-0.21178645,0.08278592,-0.20169474,-0.35172617,0.19686116,-0.18877389,2930000.03979687,0.09298266,0.10436537,0.07202183,-0.18077204,0.15643796,0.02958341,0.47202083,0.08582609,0.01299272,0.33563963,-0.09690785,-0.1786671,-0.15768306,-0.181062,-0.18352622,-0.07155932,-0.09930288,-0.20909992,0.08390277,-0.20008613,-0.35046849,0.20487587,-0.19503792,2931000.03894948,0.09223045,0.10976382,0.07076766,-0.18385734,0.15793534,0.02938258,0.47325855,0.08498939,0.01068002,0.3326107,-0.09642372,-0.17386414,-0.15491897,-0.18252321,-0.18490005,-0.0722632,-0.09924211,-0.2139889,0.08559901,-0.19199653,-0.34804544,0.20498686,-0.19711709,2932000.04162252,0.09412843,0.10724909,0.06994,-0.18056485,0.15662026,0.02964286,0.47534618,0.08453326,0.00952274,0.33651054,-0.09529147,-0.17789422,-0.15329504,-0.18225428,-0.18604514,-0.07038811,-0.10183355,-0.21285295,0.07666635,-0.19908962,-0.34838346,0.20372874,-0.19829527,2933000.03772663,0.08698104,0.10884282,0.06456757,-0.16960208,0.1559117,0.04252931,0.47455224,0.08603146,0.02134356,0.33777219,-0.09050565,-0.16979219,-0.14728948,-0.1803295,-0.18324107,-0.06880689,-0.10269063,-0.21241353,0.08028239,-0.203977,-0.34658244,0.1986725,-0.19424285,2934000.03818584,0.08500046,0.10431166,0.06444233,-0.17378804,0.15794508,0.04050994,0.47691116,0.08631991,0.02340552,0.33495393,-0.09402177,-0.17743698,-0.14513996,-0.17882098,-0.18180244,-0.07377017,-0.10246594,-0.20785676,0.08128174,-0.20651329,-0.34784898,0.20151269,-0.19690755,2935000.0388002,0.08787008,0.10475614,0.06582113,-0.17323247,0.1557976,0.04033531,0.47693074,0.084507,0.01724171,0.3392759,-0.09129275,-0.17623357,-0.15459511,-0.18162403,-0.1841711,-0.07396933,-0.08208625,-0.20806517,0.08063209,-0.20374078,-0.34996298,0.19897869,-0.19467494,2936000.03909251,0.08872164,0.10626894,0.06746858,-0.17924121,0.15385711,0.03253574,0.47299662,0.08423755,0.01621241,0.33821651,-0.0930502,-0.18063073,-0.15147863,-0.17992701,-0.18320824,-0.07472822,-0.09856767,-0.21331057,0.08371589,-0.2023342,-0.35026088,0.20073543,-0.19264397,2937000.04157506,0.08761813,0.10590823,0.06882622,-0.18178469,0.15412135,0.03953215,0.47645038,0.08526996,0.01478258,0.33602926,-0.09769099,-0.18205088,-0.14765191,-0.1850017,-0.18401615,-0.07036657,-0.09032725,-0.21351045,0.08812326,-0.2049266,-0.34754226,0.20446609,-0.19309692,2938000.04151007,0.09149288,0.1049045,0.07148605,-0.18383597,0.15479331,0.03493534,0.47492796,0.08524287,0.01205712,0.32720992,-0.09953397,-0.18336539,-0.15427306,-0.18723117,-0.18387583,-0.07552525,-0.1084874,-0.21236865,0.08619062,-0.20975164,-0.3479116,0.20463574,-0.19894227,2939000.04465859,0.0942155,0.10716763,0.07473188,-0.18441999,0.16070861,0.03674053,0.47652504,0.08286975,0.00967147,0.33741951,-0.10109495,-0.18201949,-0.15189163,-0.1877823,-0.18493763,-0.07685397,-0.097927,-0.21578462,0.08527582,-0.20477423,-0.34755227,0.21069139,-0.19455764,2940000.0408223,0.09087472,0.10873576,0.071436,-0.18246144,0.15967821,0.03058897,0.47295037,0.08464728,0.00985346,0.32516813,-0.09839362,-0.18136224,-0.14991646,-0.18397914,-0.18443693,-0.07499088,-0.10921427,-0.21182491,0.08433695,-0.19614106,-0.34492356,0.2094494,-0.20069461,2941000.04176886,0.0859293,0.09889518,0.06365658,-0.17173378,0.15625097,0.03994891,0.47170091,0.0866748,0.02356982,0.33332592,-0.09501783,-0.17194201,-0.15313515,-0.18071903,-0.18272237,-0.0710407,-0.09969983,-0.20894882,0.09024808,-0.20959952,-0.34363994,0.20012994,-0.19578443,2942000.04031483,0.08776653,0.10325828,0.06420477,-0.17272183,0.15532565,0.03919413,0.47329703,0.0867829,0.02266496,0.33240294,-0.0920873,-0.17327651,-0.15274802,-0.18285939,-0.18295906,-0.07194666,-0.10585734,-0.21253866,0.08273509,-0.21777892,-0.34672683,0.20333174,-0.20244688,2943000.03990984,0.08803201,0.10573328,0.0661489,-0.17863135,0.15661383,0.03523099,0.47682497,0.08566609,0.01815565,0.33981448,-0.09817143,-0.18015827,-0.14828771,-0.18553619,-0.184995,-0.07543281,-0.10624409,-0.21180968,0.07752133,-0.21636012,-0.34819272,0.19990303,-0.19986318,2944000.04029212,0.08733084,0.10607349,0.06633738,-0.17614564,0.15335466,0.03608859,0.47450972,0.08413115,0.01644125,0.32693988,-0.09579206,-0.18363193,-0.15452206,-0.18025213,-0.18504484,-0.07947947,-0.09831034,-0.21058586,0.08217993,-0.21649003,-0.34809467,0.19769329,-0.19457971,2945000.03941477,0.09013805,0.10520771,0.06740829,-0.18040681,0.15463223,0.03550854,0.47275907,0.08449668,0.01445737,0.33767006,-0.10251772,-0.18184708,-0.15178959,-0.17847076,-0.18465601,-0.07929451,-0.09960906,-0.21441504,0.08500295,-0.20905207,-0.34784371,0.20556535,-0.19354287,2946000.03869877,0.08836848,0.10451055,0.07041457,-0.18480055,0.1571914,0.03955149,0.47571313,0.08582476,0.01126795,0.33455905,-0.10554952,-0.18883412,-0.1535636,-0.1831657,-0.18495786,-0.07883612,-0.10582969,-0.21386373,0.0824981,-0.21518753,-0.34726122,0.2024534,-0.19740935,2947000.04147483,0.09229846,0.10490761,0.0709563,-0.18910533,0.1571914,0.03444047,0.47684216,0.08417741,0.00826858,0.32670113,-0.10966896,-0.17671145,-0.15630785,-0.18262725,-0.18420848,-0.08038346,-0.1108819,-0.2121556,0.09076648,-0.20581059,-0.3458569,0.2051646,-0.19096929,2948000.04246582,0.09199701,0.1091814,0.07204527,-0.1851504,0.16012417,0.02976844,0.47346705,0.08532091,0.00657155,0.32834938,-0.10673881,-0.17561884,-0.15534157,-0.18535513,-0.18496379,-0.07977323,-0.10269889,-0.21454024,0.08490331,-0.21495783,-0.3427116,0.20467432,-0.194931,2949000.03848353,0.08511677,0.10606,0.06476317,-0.17345132,0.15257451,0.03527696,0.46982363,0.08571769,0.01637301,0.31796095,-0.09969031,-0.17976651,-0.15453638,-0.18790722,-0.18112493,-0.07245167,-0.10890287,-0.21099068,0.07985985,-0.20505778,-0.34343696,0.20210716,-0.19456461,2950000.04021986,0.08612314,0.10443608,0.06246987,-0.16804394,0.15713021,0.03937439,0.47502705,0.08633887,0.02135887,0.32963526,-0.100664,-0.17215906,-0.15033388,-0.18197469,-0.18180771,-0.08176972,-0.10843871,-0.21319033,0.07975232,-0.21234927,-0.34278241,0.19679788,-0.19349565,2951000.03928956,0.08781604,0.10481352,0.06512742,-0.17732553,0.15711182,0.0369904,0.47580662,0.08490001,0.01742408,0.33249626,-0.10550559,-0.17533968,-0.15204948,-0.18325369,-0.18237942,-0.07726604,-0.11709543,-0.21411313,0.08015388,-0.2124621,-0.34656999,0.20043437,-0.19961143,2952000.04137251,0.08658758,0.10735457,0.06728001,-0.18152316,0.15625896,0.03707389,0.47492006,0.08698351,0.01399846,0.33436504,-0.11101494,-0.1739962,-0.15304688,-0.18511565,-0.18360196,-0.08211351,-0.11310283,-0.21303274,0.08054967,-0.21630237,-0.34739515,0.19671118,-0.20001268,2953000.04365465,0.08923557,0.10788409,0.06684271,-0.18263181,0.15538032,0.03619375,0.47567785,0.0849198,0.01353762,0.33051828,-0.11117924,-0.17292222,-0.15394831,-0.1877479,-0.1826873,-0.08208794,-0.10714388,-0.21488413,0.09023274,-0.22319598,-0.3473407,0.20031461,-0.20380399,2954000.04152246,0.08924729,0.10470238,0.06840011,-0.18747212,0.15524618,0.03390015,0.47892037,0.08756433,0.0103835,0.32509962,-0.11532772,-0.17644773,-0.15595011,-0.18773712,-0.18459517,-0.08174919,-0.10542085,-0.21732749,0.08466577,-0.21481876,-0.34659156,0.20090307,-0.20315851,2955000.04183276,0.09217081,0.10721915,0.07214957,-0.18713465,0.15775281,0.0342575,0.47599232,0.08544566,0.0056511,0.32348493,-0.11378487,-0.18777448,-0.15947272,-0.18281102,-0.18449888,-0.08199807,-0.11132609,-0.21446306,0.0816714,-0.20314336,-0.34584349,0.19583938,-0.20102766,2956000.04481369,0.09017809,0.11121758,0.07180811,-0.19282076,0.15668993,0.02899162,0.476558,0.08279669,0.00446917,0.31949195,-0.11772742,-0.1798525,-0.15824942,-0.18554986,-0.18374498,-0.08268232,-0.11041314,-0.2152223,0.07956338,-0.20703523,-0.3439731,0.20908827,-0.1963944,2957000.04105473,0.09160422,0.1115283,0.07054159,-0.18553603,0.15652305,0.02718212,0.47518176,0.08350678,0.00612381,0.31851152,-0.1097888,-0.18157884,-0.15865107,-0.18779212,-0.18302807,-0.08288655,-0.11439844,-0.21140034,0.08510667,-0.21198454,-0.34209409,0.20833459,-0.19286934,2958000.04237102,0.08253739,0.10421384,0.0644584,-0.1759935,0.1552594,0.04159183,0.4744879,0.08615347,0.01728268,0.3283824,-0.11011211,-0.18306606,-0.15441108,-0.18434006,-0.18332513,-0.08414167,-0.12049276,-0.21496248,0.08114199,-0.21011457,-0.34169188,0.20462182,-0.19663398,2959000.0429998,0.08444536,0.10621174,0.0660777,-0.18069042,0.15753804,0.03777841,0.47727969,0.08742812,0.01653793,0.32593578,-0.11388991,-0.17968239,-0.14898536,-0.18566528,-0.18320155,-0.07711657,-0.10618343,-0.21203102,0.07808305,-0.22201249,-0.3431161,0.20340879,-0.19754086,2960000.04514423,0.08692995,0.10445667,0.06766462,-0.18928097,0.16039796,0.0351488,0.47587255,0.08621731,0.0111189,0.32999519,-0.11086498,-0.18712652,-0.15655528,-0.18493538,-0.18329549,-0.08171435,-0.10657609,-0.21204434,0.07451294,-0.22290708,-0.34627053,0.19973989,-0.19609657,2961000.04036228,0.08446258,0.10476311,0.06739695,-0.18564875,0.15514724,0.03208983,0.47102946,0.08265916,0.01055502,0.33684331,-0.11203726,-0.18739046,-0.15656179,-0.1849418,-0.18379283,-0.08027177,-0.11539079,-0.21657421,0.08141433,-0.22596626,-0.34681702,0.20054369,-0.20344037,2962000.04380073,0.08703114,0.10724909,0.06711789,-0.18952906,0.15644337,0.03252289,0.47394758,0.08110979,0.01026642,0.32808608,-0.11861829,-0.18771271,-0.15267062,-0.18786648,-0.18367188,-0.07944231,-0.10325002,-0.21248601,0.07611941,-0.21914726,-0.34705719,0.20429289,-0.20552763,2963000.0445886,0.08776554,0.10942948,0.06796953,-0.19591673,0.15913458,0.02986517,0.47664222,0.08389799,0.00699357,0.31890506,-0.12247954,-0.18261094,-0.14461473,-0.18647459,-0.18364313,-0.07973459,-0.10936557,-0.21251947,0.07817046,-0.21083218,-0.34591091,0.20032728,-0.20096777,2964000.0455754,0.09277908,0.11138763,0.07242266,-0.1976008,0.16843869,0.0308822,0.47457621,0.0835942,0.00283554,0.32148677,-0.12335143,-0.19006522,-0.15093362,-0.18913965,-0.18325672,-0.08193987,-0.11614883,-0.21734223,0.08254837,-0.21049209,-0.34548295,0.20067817,-0.19612372,2965000.04265982,0.09133313,0.10884909,0.07129582,-0.19022293,0.1633569,0.0289672,0.47703791,0.08559628,0.00515735,0.32480589,-0.12156326,-0.19053303,-0.14996217,-0.19059463,-0.18597452,-0.08034974,-0.11603107,-0.21671036,0.08257725,-0.21692021,-0.34395108,0.20511259,-0.19501172,2966000.03745229,0.08007376,0.10404868,0.06328812,-0.18197906,0.15849905,0.03877367,0.47498554,0.08454422,0.01746472,0.33361337,-0.11723418,-0.18186969,-0.1429379,-0.18339927,-0.1828716,-0.07937256,-0.11170686,-0.21389925,0.07953796,-0.21496145,-0.34208968,0.20662771,-0.20144939,2967000.04148934,0.08521181,0.10563173,0.06567079,-0.18977055,0.15849411,0.03549593,0.47556964,0.08497877,0.01641164,0.3332997,-0.11881005,-0.17375903,-0.1485858,-0.18345083,-0.18270345,-0.07909854,-0.09950677,-0.21064517,0.08172724,-0.21761629,-0.34403032,0.20505378,-0.19968691,2968000.0417819,0.0846021,0.10993212,0.06763441,-0.19064005,0.1585163,0.03401253,0.47509328,0.08564762,0.0101678,0.32813719,-0.12082913,-0.17273797,-0.15198536,-0.18747753,-0.18387476,-0.08083976,-0.10569727,-0.21198812,0.08496175,-0.21753207,-0.34619701,0.20591655,-0.20055261,2969000.03949765,0.0893862,0.1075857,0.06854681,-0.18814683,0.15729544,0.03420295,0.47619569,0.08298354,0.00951554,0.32406229,-0.11931769,-0.18432413,-0.14991263,-0.18807149,-0.18296154,-0.0799384,-0.10854029,-0.21192254,0.07723897,-0.22248814,-0.34505334,0.19947645,-0.19551417,2970000.04122237,0.09056054,0.10591404,0.07068856,-0.19267103,0.1622719,0.02831555,0.47588807,0.08336561,0.00816072,0.31675023,-0.12383002,-0.19366716,-0.14872853,-0.185013,-0.18241747,-0.08044235,-0.10542648,-0.21505362,0.08075762,-0.22155821,-0.3456375,0.19920629,-0.19405565,2971000.04589884,0.09319307,0.10834272,0.07534695,-0.19808707,0.16581742,0.03084322,0.47617856,0.08305162,0.00452794,0.32101193,-0.12579009,-0.17733905,-0.14281274,-0.18896654,-0.18460129,-0.07974093,-0.11429381,-0.21557812,0.08046755,-0.21301103,-0.34411108,0.20758434,-0.20593664,2972000.04804583,0.09523419,0.10756098,0.07553993,-0.19965091,0.16746955,0.03271393,0.47706056,0.0831476,0.00174617,0.32516572,-0.1253313,-0.18673061,-0.15151881,-0.19123651,-0.18398239,-0.07561678,-0.11841685,-0.21466301,0.08465665,-0.21183209,-0.34305486,0.20679471,-0.20266694,2973000.04395906,0.08916273,0.106144,0.07158109,-0.18745567,0.16196336,0.03533243,0.47408339,0.08367206,0.00786893,0.32769027,-0.11856068,-0.18236099,-0.1468302,-0.18701461,-0.18278845,-0.08137075,-0.11388943,-0.21350718,0.08868835,-0.20749326,-0.34073436,0.20670034,-0.19888785,2974000.04360567,0.08470912,0.10645047,0.0662133,-0.17855819,0.15959319,0.04079181,0.47507203,0.08604541,0.01829212,0.32724094,-0.11765701,-0.18288462,-0.14996816,-0.1870202,-0.18097456,-0.07842241,-0.11618476,-0.21172063,0.07742847,-0.21643747,-0.3401832,0.20612563,-0.20133279,2975000.04211756,0.08658758,0.11197302,0.06846055,-0.18469262,0.16054648,0.03300525,0.47630545,0.08547486,0.01576069,0.32200176,-0.12145926,-0.18527697,-0.15102836,-0.18749349,-0.18354203,-0.07645482,-0.11686716,-0.21316308,0.07665654,-0.22206131,-0.34440315,0.20886499,-0.20206209,2976000.04602017,0.08529966,0.11110787,0.06732909,-0.19025451,0.16458175,0.02550281,0.47665146,0.083238,0.01002675,0.32535252,-0.12358989,-0.18488483,-0.14609741,-0.18758321,-0.18450899,-0.07552389,-0.11670775,-0.21519297,0.07922743,-0.2167225,-0.34591717,0.2077868,-0.2016803,2977000.04689991,0.08662844,0.10889968,0.06835114,-0.1911225,0.16299494,0.03271678,0.47403413,0.08325023,0.0105742,0.32745802,-0.12285547,-0.18433592,-0.14815369,-0.1857536,-0.18219957,-0.07653861,-0.12134745,-0.21581157,0.07847782,-0.21625046,-0.3443189,0.20632581,-0.20526163,2978000.0473179,0.08729402,0.10794943,0.06901483,-0.19208531,0.15892027,0.02812929,0.47686127,0.08025151,0.00719426,0.32451588,-0.12418031,-0.18246485,-0.14646724,-0.18678418,-0.18401103,-0.0754884,-0.11543417,-0.21184394,0.08297944,-0.21788785,-0.34427914,0.20174558,-0.20036745,2979000.04453364,0.09323455,0.11320558,0.07380035,-0.19595733,0.1655513,0.03290736,0.47756192,0.08249932,0.00287703,0.31968716,-0.12644157,-0.18699948,-0.14982381,-0.18672194,-0.18301523,-0.07720509,-0.11657564,-0.20517911,0.08337839,-0.21692105,-0.34315577,0.20894428,-0.19956522,2980000.04662006,0.09122016,0.11124858,0.07567652,-0.19676065,0.16546603,0.02668857,0.47755983,0.08186724,0.00180089,0.3217535,-0.12592563,-0.17917228,-0.15179688,-0.1893352,-0.18187256,-0.07679576,-0.11080957,-0.21115942,0.09065799,-0.21321566,-0.3432065,0.22119199,-0.19532372,2981000.0445583,0.08907914,0.1068137,0.07124741,-0.19185512,0.16318676,0.03921138,0.47531384,0.08453327,0.00649398,0.32633317,-0.12283435,-0.17994195,-0.1458987,-0.1880544,-0.18175134,-0.07425614,-0.12274165,-0.21070163,0.08841119,-0.20429391,-0.34049848,0.21185255,-0.19983868,2982000.04358888,0.08395199,0.10511123,0.06571983,-0.1804689,0.1591247,0.0394522,0.47524488,0.08375422,0.01670974,0.32257515,-0.1224533,-0.18445684,-0.14694098,-0.18797825,-0.17981596,-0.07687008,-0.10820743,-0.21017319,0.08483461,-0.21083711,-0.33988601,0.204164,-0.20164549,2983000.0452958,0.08250308,0.10976382,0.06886056,-0.18492839,0.1599717,0.03734236,0.47662947,0.08317765,0.01359823,0.32444003,-0.12416095,-0.18383816,-0.1427218,-0.18928196,-0.18048453,-0.07282327,-0.11721373,-0.2078276,0.08423024,-0.22265863,-0.34281358,0.2028069,-0.20111054,2984000.04597632,0.08613358,0.11001409,0.06848317,-0.19006605,0.16021484,0.03734393,0.47617552,0.08127901,0.00931,0.32881749,-0.12510732,-0.1778826,-0.14665356,-0.18659535,-0.18333395,-0.07145292,-0.1199707,-0.21136738,0.08023071,-0.21775572,-0.34368858,0.20370516,-0.20306131,2985000.04535638,0.08612314,0.10816956,0.06883039,-0.19128206,0.16379294,0.03285183,0.47563455,0.07958061,0.00840708,0.31611949,-0.13067938,-0.18723784,-0.14132184,-0.18497649,-0.18334085,-0.06734905,-0.10538178,-0.21056156,0.08350795,-0.21752369,-0.3444027,0.21022061,-0.20188333,2986000.04605049,0.08771876,0.11208463,0.07084613,-0.19539829,0.16133331,0.03114085,0.47794601,0.07974008,0.00642043,0.31953526,-0.13073215,-0.18000911,-0.13845922,-0.18760295,-0.18269487,-0.07080734,-0.11016852,-0.20982012,0.08286688,-0.22516717,-0.34347144,0.20614758,-0.20168109,2987000.04556817,0.08873372,0.10945679,0.07191835,-0.19751441,0.16566855,0.02948251,0.47808561,0.08072659,0.00309165,0.32304052,-0.13339615,-0.18735753,-0.14794044,-0.1844181,-0.18275575,-0.07359042,-0.1165074,-0.21472368,0.07495978,-0.21436088,-0.34172013,0.21035253,-0.20062308,2988000.0493557,0.09575398,0.11242262,0.07583029,-0.2017602,0.16283457,0.03046346,0.47776362,0.07827862,0.0009876,0.31793788,-0.1361232,-0.17358817,-0.14096496,-0.18360233,-0.18213433,-0.07025236,-0.10900976,-0.21082409,0.08345179,-0.21400228,-0.34104952,0.20798171,-0.19898617,2989000.04683917,0.09042517,0.1117254,0.07231301,-0.20203111,0.16393211,0.02373616,0.48020175,0.07909343,0.00022431,0.31739724,-0.13566433,-0.17342636,-0.14334942,-0.18300734,-0.1816549,-0.07308837,-0.11895448,-0.20853722,0.08336391,-0.21188965,-0.33995903,0.20772518,-0.20156081,2990000.048097,0.08025432,0.10907193,0.06440148,-0.18225192,0.16407046,0.03679277,0.47686774,0.0803911,0.0142644,0.32338414,-0.12597485,-0.17384483,-0.14006796,-0.18022461,-0.17868418,-0.0723379,-0.1241304,-0.2068183,0.07917053,-0.21238741,-0.33824828,0.20296808,-0.19686867,2991000.04641065,0.08727015,0.11029601,0.06627981,-0.18254946,0.16677736,0.03396197,0.47675887,0.08116443,0.01392036,0.31411055,-0.12852313,-0.18393058,-0.13729347,-0.17764384,-0.18002921,-0.06759018,-0.10747102,-0.20846245,0.08048973,-0.21406651,-0.33848944,0.20584105,-0.19269435,2992000.04732075,0.08964517,0.10976155,0.06668697,-0.1950099,0.16276895,0.02883437,0.47821143,0.08030877,0.0079509,0.31591976,-0.13661914,-0.18781555,-0.13870919,-0.18109986,-0.18082492,-0.06610577,-0.10440583,-0.21295732,0.08944308,-0.21692656,-0.3404569,0.20558172,-0.19936869,2993000.04352487,0.08817899,0.1105464,0.0670642,-0.19516324,0.15811704,0.02462902,0.47760475,0.07829275,0.00695227,0.31841439,-0.13790154,-0.17840794,-0.14443864,-0.18588249,-0.18167317,-0.06906921,-0.09674661,-0.20742624,0.08174141,-0.21650489,-0.34186468,0.20163865,-0.20094559,2994000.04675082,0.08475832,0.1105464,0.06958526,-0.19603632,0.15850332,0.02794402,0.48059312,0.07805658,0.00592112,0.32493305,-0.13566333,-0.17235328,-0.1391615,-0.17827165,-0.18063788,-0.06592532,-0.10438872,-0.20580395,0.08270656,-0.21537103,-0.34267738,0.21280973,-0.19626741,2995000.04665681,0.08944876,0.11197302,0.07319772,-0.19885685,0.16482666,0.02545089,0.47975951,0.07827692,0.00243341,0.32405055,-0.14031969,-0.18035489,-0.14506985,-0.18169907,-0.18087958,-0.06991687,-0.10655843,-0.20665379,0.08423831,-0.21358106,-0.34345973,0.20324269,-0.19843721,2996000.04849422,0.09265898,0.11180474,0.07628748,-0.20256282,0.16204716,0.02754565,0.47982481,0.07609919,-0.00015966,0.32172415,-0.13933973,-0.1837787,-0.14154966,-0.18484244,-0.17942701,-0.06653684,-0.113437,-0.20737161,0.08705619,-0.20633426,-0.34145415,0.20039673,-0.19500183,2997000.04849644,0.0903379,0.11208776,0.07262415,-0.20053512,0.16512498,0.02576116,0.47739747,0.07607447,-0.00168966,0.31793788,-0.13804154,-0.18140973,-0.14012668,-0.18305455,-0.17994186,-0.06226287,-0.1082558,-0.20968279,0.08260543,-0.20628721,-0.33855447,0.20607904,-0.19945982,2998000.04649061,0.08275875,0.10750875,0.06608529,-0.18799506,0.16239938,0.02935253,0.48043844,0.07751909,0.01099036,0.31507671,-0.13261348,-0.17033432,-0.1295297,-0.18213551,-0.17789701,-0.06513345,-0.09395098,-0.20626777,0.09035058,-0.21095078,-0.33723965,0.20480908,-0.20146835,2999000.0454236,0.0817564,0.10987531,0.06534585,-0.18896696,0.16647874,0.02903816,0.47797281,0.07776039,0.01425797,0.32661432,-0.13281855,-0.16095237,-0.13104276,-0.18056624,-0.17826046,-0.06441151,-0.09401925,-0.20500106,0.08493903,-0.21580659,-0.33839631,0.20859306,-0.19852799,3000000.04690566,0.08841812,0.11365105,0.06771743,-0.19344483,0.16481544,0.02965751,0.47756103,0.07818633,0.00875574,0.32497823,-0.13709523,-0.17458701,-0.13421157,-0.17682724,-0.17899986,-0.06684048,-0.09523375,-0.20590121,0.08225724,-0.21600604,-0.34007242,0.19814369,-0.1974449,3001000.04476025,0.08673875,0.11239201,0.0655835,-0.19609793,0.16042635,0.02785776,0.47940129,0.07682353,0.00742695,0.32049128,-0.13800105,-0.1696239,-0.13560942,-0.17651874,-0.17686376,-0.06176313,-0.09860311,-0.20670353,0.0881938,-0.21617335,-0.34130779,0.20557787,-0.19723415,3002000.04463573,0.0885716,0.11006868,0.06836988,-0.19944298,0.16399534,0.02721087,0.47777376,0.07846807,0.00661427,0.31791377,-0.13805944,-0.17435956,-0.13239308,-0.1773044,-0.17825569,-0.06009172,-0.09943102,-0.20677146,0.09320198,-0.20493273,-0.34178516,0.21125345,-0.20149614,3003000.04659596,0.08640528,0.11454751,0.07266732,-0.20335473,0.1714621,0.02686879,0.47997016,0.07851562,0.00456982,0.32724851,-0.14211378,-0.18030611,-0.13241884,-0.17670405,-0.17759308,-0.05812293,-0.10745461,-0.20619409,0.08513431,-0.19967505,-0.33960429,0.20954098,-0.19847247,3004000.04892843,0.08991637,0.1198969,0.07479329,-0.20407826,0.17067122,0.02625431,0.48003185,0.07740533,0.0016535,0.31284016,-0.13785231,-0.17112906,-0.1317676,-0.17541505,-0.17752321,-0.0595319,-0.10785116,-0.20407572,0.07933667,-0.20739502,-0.3391085,0.21293786,-0.20000602,3005000.04702999,0.08979263,0.11661999,0.07083433,-0.19899377,0.16446458,0.02484571,0.47744852,0.07926597,0.00324188,0.32165504,-0.13102722,-0.1745059,-0.12634124,-0.17779423,-0.17787397,-0.05844849,-0.10372189,-0.20373057,0.08827546,-0.20815362,-0.33691221,0.20941527,-0.20282979,3006000.0437604,0.08474402,0.10985203,0.06383665,-0.18774669,0.16365519,0.0315087,0.47671673,0.07934592,0.01524514,0.32666549,-0.13087845,-0.16213571,-0.12269385,-0.17864373,-0.17440529,-0.06048796,-0.10310654,-0.2038801,0.09493695,-0.19673246,-0.33537361,0.20841019,-0.19227372,3007000.04219921,0.08750994,0.10889734,0.0690567,-0.1924867,0.16370764,0.02722013,0.47894827,0.07758661,0.01452254,0.32152408,-0.12928416,-0.17949873,-0.12428576,-0.17443502,-0.17373845,-0.05281689,-0.0923223,-0.20833547,0.09280191,-0.21488348,-0.33560988,0.21257958,-0.1923804,3008000.04335668,0.08496907,0.11239362,0.06941532,-0.19558677,0.16088748,0.02862884,0.47901213,0.07653628,0.0107492,0.32887018,-0.13311851,-0.1631064,-0.12632692,-0.17497587,-0.17600593,-0.05530142,-0.10002916,-0.20796411,0.09297882,-0.21292019,-0.33818907,0.21142069,-0.19759026,3009000.04551761,0.08196281,0.11250525,0.06788706,-0.20135874,0.16461371,0.02725121,0.47909772,0.0780343,0.01055502,0.3179813,-0.13672844,-0.15932277,-0.12447272,-0.17706934,-0.17535536,-0.06272558,-0.11146639,-0.20919622,0.09401502,-0.209699,-0.33817124,0.20660116,-0.18972535,3010000.04675082,0.08436366,0.11320426,0.06738935,-0.20173022,0.16403845,0.02658113,0.47842133,0.07716629,0.00745208,0.32148886,-0.13622169,-0.15479943,-0.12580226,-0.17420761,-0.17516266,-0.06290041,-0.09898341,-0.20750333,0.09139126,-0.20625454,-0.33685124,0.20680246,-0.19904077,3011000.04984133,0.08903353,0.1148839,0.06953187,-0.20602779,0.16736338,0.0249725,0.47992012,0.07760682,0.0047894,0.32365209,-0.13370815,-0.15881006,-0.12705719,-0.17529082,-0.17565028,-0.05732071,-0.08980379,-0.2074541,0.08707716,-0.1973459,-0.33630273,0.20837888,-0.197842,3012000.04786285,0.09105612,0.11256183,0.07115728,-0.20659393,0.1674276,0.02631994,0.47543454,0.07533427,0.00191106,0.32629386,-0.1361447,-0.17176396,-0.1278253,-0.17488064,-0.17560938,-0.05576947,-0.10418463,-0.20935997,0.0924776,-0.2004493,-0.3347877,0.21310839,-0.19273549,3013000.04499521,0.08726887,0.11119507,0.06683885,-0.19429107,0.1635911,0.02511333,0.47472289,0.07711394,0.01057569,0.3108246,-0.1320224,-0.15878828,-0.12083273,-0.17884694,-0.17435764,-0.05254152,-0.08987772,-0.20797415,0.0862206,-0.19861872,-0.33325329,0.20638387,-0.19108638,3014000.04752669,0.08304935,0.10850864,0.06294639,-0.19116762,0.16058031,0.02847219,0.47888309,0.07864731,0.01858668,0.31998658,-0.12920244,-0.16100343,-0.11652066,-0.16797665,-0.17196082,-0.0615213,-0.09286191,-0.20556819,0.09071719,-0.20847568,-0.33048069,0.20648097,-0.19505878,3015000.04630538,0.08387615,0.10945445,0.06744148,-0.19402982,0.16571097,0.03040029,0.48074868,0.07584421,0.01359823,0.32326788,-0.13185005,-0.16346674,-0.12233958,-0.16831712,-0.17284217,-0.05940189,-0.09321139,-0.20236678,0.08899338,-0.20289211,-0.33451203,0.2125684,-0.1916288,3016000.04682824,0.08257566,0.11065791,0.0649705,-0.19970961,0.16408063,0.02897686,0.48126882,0.07599348,0.0110907,0.32229641,-0.1300882,-0.16672616,-0.12276642,-0.16960725,-0.17504138,-0.05858428,-0.08667864,-0.20654997,0.0872542,-0.21158995,-0.33525026,0.20742255,-0.19193724,3017000.04764697,0.08214182,0.10948629,0.06594317,-0.19876415,0.16403845,0.02860072,0.47942507,0.07527,0.00949159,0.33093327,-0.13732313,-0.15356502,-0.12248352,-0.16670467,-0.17605393,-0.05537573,-0.0868083,-0.20671993,0.09118433,-0.20821249,-0.33605337,0.21116641,-0.18727832,3018000.04914447,0.08444536,0.11138394,0.0678379,-0.20547119,0.16291985,0.02044203,0.47965881,0.07299106,0.00695885,0.32130352,-0.13875125,-0.1655838,-0.11813856,-0.17182094,-0.17406532,-0.05756075,-0.097198,-0.20678523,0.09870189,-0.20800224,-0.33595419,0.21032308,-0.1930854,3019000.0488182,0.08587827,0.11208463,0.07157105,-0.20835644,0.16955112,0.02154353,0.47787493,0.07357988,0.00435613,0.31811908,-0.13912642,-0.16130814,-0.12226819,-0.17352161,-0.17357607,-0.05796191,-0.10269352,-0.20792748,0.09662516,-0.20156752,-0.33417705,0.21126883,-0.19903457,3020000.04704402,0.08664307,0.11135842,0.07319772,-0.20564105,0.16776858,0.02178115,0.47659412,0.07317174,0.00176967,0.31856838,-0.14158282,-0.17092663,-0.1222299,-0.17049919,-0.17365944,-0.0564363,-0.10130618,-0.20647818,0.09206074,-0.20394284,-0.33197424,0.21063502,-0.19115855,3021000.04518263,0.07967313,0.1070068,0.06261922,-0.19300935,0.16077267,0.03166376,0.47838473,0.0737616,0.01403644,0.32445517,-0.13027607,-0.15042101,-0.11930121,-0.16792203,-0.17252223,-0.05837168,-0.09322172,-0.20638393,0.08933165,-0.19791198,-0.32918465,0.21250571,-0.18410617,3022000.04416088,0.08032457,0.10850624,0.06253053,-0.19304352,0.15974048,0.03037358,0.47835672,0.07531782,0.01589766,0.32049307,-0.13181566,-0.14912927,-0.12134688,-0.16914183,-0.17358193,-0.05910416,-0.09303818,-0.20413259,0.08926284,-0.20152442,-0.3315576,0.21036588,-0.18459874,3023000.04807875,0.08318589,0.10718285,0.0644251,-0.19960716,0.16046697,0.02950278,0.4802261,0.07507181,0.01132988,0.32835928,-0.13709348,-0.1556516,-0.11723136,-0.1628765,-0.17283648,-0.06155045,-0.08692282,-0.20713311,0.09065084,-0.20180212,-0.3343873,0.20830461,-0.18956526,3024000.04770799,0.08363555,0.11118141,0.0637801,-0.20062447,0.15795489,0.02200176,0.47972736,0.07379517,0.00894831,0.32827169,-0.13672684,-0.16441315,-0.12030896,-0.16126379,-0.17396598,-0.06227247,-0.09433356,-0.20762073,0.09253186,-0.20359774,-0.33525282,0.20883852,-0.18464853,3025000.04722667,0.08203042,0.1116574,0.06359159,-0.20716137,0.15762749,0.02483134,0.47773236,0.07244379,0.006578,0.31655741,-0.14065273,-0.16103753,-0.12200958,-0.16545612,-0.17559531,-0.06018474,-0.09047952,-0.20501629,0.09230642,-0.21484421,-0.3349677,0.21423097,-0.18481895,3026000.04874071,0.08436759,0.11563548,0.06737293,-0.20832886,0.16333462,0.01904313,0.47922978,0.07302123,0.00498264,0.32241413,-0.14282462,-0.16027598,-0.1235043,-0.1682308,-0.17674798,-0.06119015,-0.0882984,-0.20602322,0.09545695,-0.20567386,-0.3339152,0.211796,-0.18214433,3027000.0492056,0.08293764,0.11233149,0.06994397,-0.21282186,0.16826028,0.02152989,0.47971967,0.07254775,0.0023392,0.32068428,-0.14486168,-0.16342227,-0.12109848,-0.17123982,-0.17711937,-0.06275786,-0.08918133,-0.20973453,0.09191283,-0.20477816,-0.33342138,0.21520329,-0.19100267,3028000.04978,0.0823017,0.116729,0.06853975,-0.20994778,0.1646561,0.01944513,0.47670972,0.0717158,0.00130813,0.31699917,-0.14141822,-0.16836862,-0.12535898,-0.16603044,-0.17737152,-0.05633501,-0.10002422,-0.2095574,0.09239709,-0.20753598,-0.33100423,0.2103941,-0.18681984,3029000.04635433,0.07499405,0.11015509,0.06168822,-0.19904114,0.16078237,0.02462913,0.47662586,0.07389239,0.0131655,0.3322596,-0.13392933,-0.15713653,-0.12403736,-0.16576034,-0.17577103,-0.05805789,-0.0907424,-0.20733987,0.10252294,-0.21078753,-0.329045,0.21070243,-0.18998817,3030000.04604278,0.07575812,0.11325418,0.06075603,-0.19941168,0.16501796,0.024488,0.47669974,0.07571708,0.01506523,0.31777284,-0.13195311,-0.15615329,-0.11597119,-0.16093995,-0.17476343,-0.05841636,-0.08237845,-0.2066507,0.09531043,-0.20261715,-0.33004609,0.20757696,-0.1841543,3031000.04490132,0.07964504,0.11364413,0.06340308,-0.20699592,0.16061534,0.02403345,0.47996336,0.07380023,0.01052948,0.31974685,-0.13779336,-0.16741168,-0.11765019,-0.16040112,-0.17606395,-0.06357903,-0.07957398,-0.21271525,0.09638509,-0.20025447,-0.3334443,0.20521277,-0.18732359,3032000.0470932,0.0810186,0.10737843,0.06372063,-0.20762511,0.1602107,0.02037796,0.47957361,0.07170746,0.00793741,0.3135561,-0.13798706,-0.17429747,-0.11882702,-0.16469333,-0.17684342,-0.06682607,-0.0816467,-0.21078035,0.10098655,-0.20175353,-0.3338151,0.20751524,-0.18504885,3033000.04604278,0.08178172,0.11375782,0.06535786,-0.20815019,0.16073225,0.0230044,0.47803569,0.07412535,0.00619496,0.31851605,-0.13871284,-0.16646104,-0.12858415,-0.1674635,-0.17790084,-0.06310361,-0.09622183,-0.21074845,0.09230642,-0.2031828,-0.33339998,0.20353471,-0.19328333,3034000.04672271,0.08252455,0.11213345,0.06865287,-0.21045572,0.16438869,0.02005191,0.48029256,0.07459267,0.00368077,0.30766222,-0.13634549,-0.15919153,-0.11647909,-0.16445754,-0.17755811,-0.05947342,-0.10909417,-0.21201366,0.09639142,-0.20588133,-0.33272439,0.20736411,-0.19094902,3035000.04849827,0.08294844,0.11230201,0.06998149,-0.21495093,0.16709733,0.01459984,0.47961509,0.07506573,0.00252116,0.31348407,-0.13769704,-0.16765164,-0.12553628,-0.16352418,-0.17826518,-0.06167462,-0.0941319,-0.20807627,0.09671194,-0.20679012,-0.33142731,0.20878908,-0.18588437,3036000.04726412,0.08537824,0.11325608,0.06748748,-0.21281025,0.16175967,0.02110869,0.47794846,0.07603461,0.00330793,0.32077554,-0.13352223,-0.16197516,-0.11797943,-0.16791064,-0.17846249,-0.06207872,-0.09910375,-0.21120499,0.09051877,-0.19330882,-0.32952732,0.2078266,-0.18445884,3037000.04148017,0.07830979,0.10772149,0.06053919,-0.19759026,0.16009106,0.02504176,0.47690281,0.07838412,0.01539901,0.31920627,-0.12696916,-0.16987322,-0.11688383,-0.16297498,-0.17704846,-0.06221951,-0.09322549,-0.20994478,0.0910966,-0.19241726,-0.32801303,0.20445603,-0.18496694,3038000.04607558,0.07875434,0.11034371,0.06155903,-0.20439003,0.16075468,0.02789433,0.48022124,0.07687677,0.0143502,0.32242125,-0.12630355,-0.15961175,-0.11487724,-0.15970854,-0.17833561,-0.06161211,-0.08419711,-0.21853155,0.09830212,-0.20250596,-0.33014172,0.20494446,-0.1959402,3039000.04721735,0.07862917,0.11521259,0.06473251,-0.20905524,0.16188344,0.02584448,0.48000863,0.07588618,0.00973081,0.32629079,-0.13093561,-0.16308233,-0.11948458,-0.16334003,-0.17789216,-0.06200551,-0.087355,-0.21400839,0.10006384,-0.20374703,-0.33149979,0.21027994,-0.19140549,3040000.04524119,0.07728445,0.1099522,0.0638694,-0.20726812,0.15673395,0.02451719,0.47605956,0.0763211,0.00778525,0.31312516,-0.1295124,-0.15845908,-0.12280286,-0.16073579,-0.17846021,-0.0586182,-0.08130117,-0.20821112,0.09792845,-0.1945948,-0.3316144,0.20911324,-0.18588382,3041000.04576621,0.08041787,0.11230201,0.06719273,-0.21247615,0.15786092,0.01811213,0.4799675,0.07596137,0.00752318,0.32281131,-0.13293296,-0.15802073,-0.11896879,-0.16071901,-0.1794682,-0.06005214,-0.09716081,-0.21065001,0.09848042,-0.2017367,-0.33075044,0.20922378,-0.18303983,3042000.04693847,0.08512393,0.1136204,0.07240573,-0.21760382,0.16870877,0.02224535,0.47725776,0.07652842,0.00534143,0.31365824,-0.12995932,-0.15205434,-0.12279827,-0.16003966,-0.18033664,-0.06225528,-0.09712308,-0.20888636,0.10402868,-0.20427331,-0.33033693,0.21407418,-0.18540777,3043000.04712374,0.08734415,0.11090831,0.0719367,-0.2169067,0.17034161,0.02136315,0.47774726,0.07529559,0.0024267,0.31988195,-0.12705968,-0.1617815,-0.12136079,-0.16400136,-0.18159761,-0.0637411,-0.10001805,-0.21145049,0.10070794,-0.20649403,-0.33013022,0.22137009,-0.19294995,3044000.04771194,0.08156751,0.10906564,0.06691064,-0.20376858,0.16351688,0.02459778,0.47600245,0.07765992,0.01026543,0.30934554,-0.11992366,-0.1553285,-0.11478085,-0.16492847,-0.18026525,-0.06316282,-0.09693892,-0.21376747,0.09397165,-0.20242496,-0.32715619,0.21640599,-0.18402191,3045000.04732693,0.07862476,0.10979114,0.06264964,-0.19786011,0.16210166,0.03459472,0.47906917,0.07934083,0.01784413,0.31745952,-0.11572894,-0.14742824,-0.11596506,-0.15836287,-0.18012333,-0.05836375,-0.08426417,-0.21381631,0.10237418,-0.20232125,-0.32717174,0.21964067,-0.18369536,3046000.04676954,0.0852909,0.11356368,0.06521877,-0.20036305,0.15950061,0.02502673,0.4792209,0.07994564,0.01632134,0.32288966,-0.11823444,-0.14741907,-0.11594525,-0.15798767,-0.18005517,-0.0588238,-0.08692162,-0.21398401,0.10075449,-0.21119562,-0.32971841,0.21412334,-0.18780921,3047000.04777125,0.08418196,0.11230201,0.06658832,-0.2041329,0.15910518,0.02317978,0.478746,0.08000343,0.0109235,0.31712729,-0.11969538,-0.16041619,-0.12271525,-0.15708725,-0.18036257,-0.05966907,-0.09313529,-0.21235301,0.0928949,-0.2034931,-0.33054212,0.20695633,-0.18136103,3048000.0477549,0.08566752,0.11297398,0.06474262,-0.20847833,0.15874591,0.0256904,0.47736093,0.0809686,0.01099317,0.32340336,-0.12146115,-0.16638127,-0.12228466,-0.15705852,-0.18404579,-0.05835316,-0.09283923,-0.2092146,0.09441366,-0.20327644,-0.32966524,0.21136427,-0.17694069,3049000.04869809,0.08487635,0.11308763,0.0665689,-0.20948416,0.16019258,0.02481036,0.47810248,0.07996353,0.01017636,0.31685764,-0.12142904,-0.15196384,-0.12456553,-0.15571384,-0.18387243,-0.0617616,-0.10538436,-0.21384028,0.10192736,-0.20451036,-0.3298741,0.21784653,-0.1825984,3050000.04844957,0.08576071,0.11434752,0.07091836,-0.21510381,0.16273728,0.02534775,0.48156613,0.07962102,0.00613727,0.31448591,-0.12239366,-0.16503377,-0.12104005,-0.15668069,-0.18458834,-0.06491602,-0.10774565,-0.20991307,0.10138859,-0.20341258,-0.329227,0.21150868,-0.18216854,3051000.04954604,0.08771977,0.11695173,0.07389899,-0.20852365,0.16301516,0.02831142,0.48025435,0.07994816,0.00532945,0.30498019,-0.12194353,-0.15888481,-0.12219947,-0.162462,-0.18461877,-0.06404907,-0.09979114,-0.21289051,0.10301641,-0.20662268,-0.33039367,0.22187376,-0.18358719,3052000.04777315,0.07886893,0.11253115,0.06687282,-0.2038347,0.15955018,0.02969155,0.47714958,0.08273469,0.01132249,0.31101617,-0.11407255,-0.15443806,-0.11558092,-0.15956832,-0.18314356,-0.0632489,-0.09200905,-0.2145759,0.10296749,-0.20313996,-0.32762474,0.21577573,-0.18511403,3053000.04564194,0.07876047,0.11200048,0.0628975,-0.19491471,0.15663968,0.03817486,0.47882774,0.08357611,0.0217428,0.31866175,-0.10794862,-0.1567957,-0.11565046,-0.15530454,-0.18213676,-0.05723813,-0.09293739,-0.21221383,0.10088297,-0.19797659,-0.32520941,0.21073081,-0.18351384,3054000.0456225,0.08193729,0.11370287,0.0655369,-0.20088726,0.15807682,0.03068695,0.47847697,0.08128091,0.01803587,0.32556897,-0.10811478,-0.16672674,-0.11557292,-0.15619822,-0.18074439,-0.05529939,-0.08865447,-0.21338911,0.10063509,-0.20471887,-0.32699841,0.2082485,-0.18239565,3055000.04943799,0.08332974,0.11770879,0.06731463,-0.20154817,0.15921308,0.0277968,0.47713566,0.08130841,0.01538515,0.3117564,-0.10999668,-0.15680982,-0.11760579,-0.1581144,-0.18353547,-0.06256501,-0.09802225,-0.21403454,0.1031697,-0.20419371,-0.32928833,0.21704546,-0.17368166,3056000.04946858,0.08206977,0.11006368,0.06512983,-0.2031341,0.16060974,0.0312174,0.4806366,0.08337513,0.01337665,0.32032964,-0.11360767,-0.16226201,-0.12320216,-0.15601279,-0.18420948,-0.06447337,-0.09524863,-0.21367717,0.09969351,-0.21048516,-0.329281,0.20890337,-0.17871006,3057000.0504269,0.08586485,0.11641986,0.06728469,-0.20832923,0.15841325,0.02660451,0.48055321,0.08304992,0.01161745,0.31908995,-0.11282692,-0.17853917,-0.12691759,-0.15595011,-0.18559681,-0.06655063,-0.09829598,-0.21691337,0.10534111,-0.20762333,-0.33037823,0.21484773,-0.18486848,3058000.04946636,0.0857114,0.11157311,0.07190475,-0.20814919,0.16485737,0.02706006,0.48210987,0.08449607,0.00777126,0.31411976,-0.10818388,-0.16575149,-0.12932284,-0.15714373,-0.18837668,-0.06736358,-0.09041319,-0.221136,0.10195652,-0.20855683,-0.33015341,0.21721034,-0.18011582,3059000.05127746,0.08631767,0.11233349,0.07235034,-0.2104138,0.16747062,0.0242916,0.47817832,0.08269566,0.00607251,0.31649888,-0.11510933,-0.15928605,-0.13045037,-0.15720701,-0.18924384,-0.06607775,-0.09533248,-0.22007251,0.10167937,-0.20619334,-0.32878706,0.21770436,-0.1805758,3060000.05055119,0.08814296,0.11460284,0.07124226,-0.20600781,0.16853732,0.02343309,0.47711235,0.083475,0.00503053,0.31570211,-0.11420003,-0.16282621,-0.13283823,-0.15773574,-0.18812738,-0.06842637,-0.09115459,-0.22061151,0.10731259,-0.20269316,-0.328785,0.21362831,-0.17804419,3061000.04639911,0.0864145,0.11287054,0.06577196,-0.19725086,0.16051681,0.03522401,0.47838408,0.08393697,0.01497793,0.3105728,-0.09889258,-0.17433447,-0.13221207,-0.16020466,-0.18665682,-0.06676234,-0.09640442,-0.21585418,0.10099827,-0.19680591,-0.32673454,0.20608945,-0.18501055,3062000.04559499,0.08532287,0.11364956,0.06554644,-0.18864284,0.15566738,0.03283491,0.47861391,0.08806825,0.02238916,0.32426608,-0.09794658,-0.15359968,-0.12800042,-0.1551619,-0.18584982,-0.06488352,-0.10070927,-0.2172077,0.10584842,-0.20041905,-0.32480705,0.2085636,-0.17930789,3063000.04420132,0.08554795,0.11448506,0.06648029,-0.19558604,0.16208585,0.03379093,0.48174345,0.08519151,0.01899849,0.32235917,-0.096691,-0.15631287,-0.12574027,-0.1558551,-0.18709865,-0.06709033,-0.08466303,-0.21348958,0.10806453,-0.20886485,-0.32662559,0.21335942,-0.18087737,3064000.04442025,0.08644665,0.1173441,0.06723522,-0.19376303,0.1616179,0.02584697,0.48354951,0.08792502,0.01555747,0.32096258,-0.09939738,-0.16655837,-0.13535017,-0.1516743,-0.18717593,-0.06290928,-0.08751647,-0.21723075,0.10169683,-0.2060236,-0.32970676,0.21126765,-0.18584521,3065000.04654893,0.08277624,0.11608289,0.06958054,-0.19884847,0.16172545,0.02825361,0.47983423,0.08758546,0.01616468,0.32532525,-0.09954931,-0.16723569,-0.12588868,-0.15489797,-0.18955959,-0.06640324,-0.0922484,-0.21846683,0.10492583,-0.20714849,-0.32943064,0.21306433,-0.18069378,3066000.04829469,0.08550725,0.118129,0.06880344,-0.20310491,0.16667064,0.03212876,0.48170343,0.08659162,0.01331434,0.3227393,-0.10018246,-0.1614033,-0.13012539,-0.15594015,-0.19008541,-0.06401768,-0.08912369,-0.21964149,0.10855635,-0.20193195,-0.3293393,0.21499328,-0.17412217,3067000.04725983,0.08966209,0.1173441,0.07210068,-0.20557633,0.1667666,0.03453397,0.48392728,0.08762699,0.01104084,0.31864506,-0.10347675,-0.1630061,-0.1293848,-0.15794159,-0.19092627,-0.06909104,-0.10043319,-0.2207471,0.11123803,-0.20446101,-0.33033141,0.22004233,-0.17698151,3068000.05168168,0.08955867,0.11832611,0.07447164,-0.20625323,0.16763023,0.03057313,0.48113513,0.09021496,0.00899859,0.32426396,-0.09792764,-0.15598421,-0.12952112,-0.15911868,-0.19168359,-0.0634091,-0.09501058,-0.21748377,0.10154495,-0.20035326,-0.32983568,0.21710119,-0.18284672,3069000.05192943,0.08864977,0.1171785,0.07728112,-0.2057476,0.1602591,0.02854364,0.48090634,0.08749255,0.00830558,0.31635088,-0.09580759,-0.17696352,-0.12302996,-0.15607856,-0.18967463,-0.06696738,-0.09003728,-0.22235011,0.10177832,-0.20406058,-0.32900414,0.21633744,-0.18378091,3070000.04897927,0.08725605,0.11502431,0.06860737,-0.19217901,0.16270807,0.03664754,0.4818936,0.09084056,0.02035641,0.328724,-0.08356807,-0.16146965,-0.12704898,-0.15695314,-0.18805386,-0.06557121,-0.0959852,-0.21777806,0.10310242,-0.19444248,-0.32759243,0.2213777,-0.18472768,3071000.0464172,0.08771073,0.11482371,0.06687558,-0.18546234,0.16477326,0.03415215,0.48094246,0.09341335,0.02636852,0.32807189,-0.07772871,-0.1544631,-0.1274672,-0.15178825,-0.18690525,-0.06251749,-0.08815525,-0.21798757,0.10123778,-0.20096959,-0.32594734,0.21848896,-0.18396841,3072000.04624648,0.08939475,0.11639217,0.06890187,-0.19326101,0.16348344,0.03261095,0.48237702,0.09372324,0.02162412,0.32562554,-0.07784785,-0.15917106,-0.12664711,-0.15249223,-0.18931288,-0.06989666,-0.08294641,-0.22110464,0.10099827,-0.20236839,-0.32895258,0.21399589,-0.18279925,3073000.04846904,0.08914435,0.11507634,0.07142436,-0.19513793,0.16993588,0.03372851,0.48276773,0.09185869,0.02005303,0.32278574,-0.0804818,-0.15914267,-0.12371026,-0.15363406,-0.18989994,-0.06249931,-0.08670412,-0.21811996,0.11137353,-0.19984782,-0.32812354,0.21466254,-0.1793386,3074000.04910223,0.09089121,0.11697941,0.07010253,-0.19737865,0.16949803,0.03875443,0.48226675,0.09153185,0.01988874,0.32367089,-0.08106514,-0.1566872,-0.12636715,-0.15054168,-0.19158795,-0.06243273,-0.09593986,-0.22236763,0.10188124,-0.21225566,-0.32900423,0.21492462,-0.18598467,3075000.04979704,0.09077696,0.11731739,0.07383797,-0.19757888,0.17075646,0.03346811,0.48418751,0.09150177,0.01814297,0.33156675,-0.07810365,-0.15639512,-0.12458301,-0.15392339,-0.19090451,-0.0680586,-0.09312448,-0.21965091,0.1040715,-0.21020347,-0.32924917,0.21874952,-0.18727587,3076000.05044554,0.09169761,0.11984077,0.07675792,-0.20006606,0.16727814,0.03224372,0.48115411,0.09110121,0.01481574,0.33376738,-0.08053827,-0.15152688,-0.12876406,-0.15530802,-0.19030583,-0.06550988,-0.10581114,-0.21913628,0.11053866,-0.20573013,-0.32902613,0.22264692,-0.18478732,3077000.05674096,0.09385807,0.11729108,0.07900056,-0.20218427,0.17016865,0.03414291,0.48169413,0.09230465,0.01468857,0.33383259,-0.07900406,-0.15728912,-0.12497565,-0.15365347,-0.19161491,-0.06526722,-0.10029504,-0.21853353,0.10352346,-0.20296989,-0.32886434,0.21715176,-0.17953333,3078000.05174416,0.09214518,0.11331845,0.07355513,-0.18821862,0.16717051,0.03731757,0.4787806,0.0942465,0.02114368,0.32928702,-0.07090792,-0.15095143,-0.13089955,-0.15377426,-0.19060311,-0.06537803,-0.09608164,-0.21898943,0.10759854,-0.1976071,-0.32829037,0.2143729,-0.18533576,3079000.05145053,0.08765382,0.1137641,0.07077359,-0.1830827,0.16404881,0.04143405,0.48265812,0.09704342,0.03206578,0.32840428,-0.06106616,-0.14733894,-0.12968045,-0.15425606,-0.18701997,-0.06381746,-0.09889224,-0.21360473,0.10760143,-0.20041534,-0.32516366,0.21620406,-0.18097478,3080000.04961167,0.09392941,0.11283683,0.07427701,-0.18512629,0.16862339,0.03946802,0.48178956,0.09786146,0.02885409,0.33597872,-0.06597247,-0.14396888,-0.12103259,-0.15258211,-0.18916227,-0.06415177,-0.10178901,-0.21904093,0.10849873,-0.20003071,-0.32660609,0.2190941,-0.18004651,3081000.04880891,0.08620274,0.11289357,0.07531957,-0.19032359,0.17068461,0.03678871,0.4824605,0.09627885,0.0260459,0.3328813,-0.06415129,-0.15301572,-0.12983105,-0.15313543,-0.1900157,-0.05718276,-0.08621351,-0.21563631,0.10480858,-0.20904575,-0.32762474,0.21906219,-0.17572542,3082000.05124954,0.09175628,0.11283683,0.07483163,-0.18834379,0.17206204,0.03951914,0.48200172,0.09699707,0.02578619,0.33534861,-0.06003651,-0.15128534,-0.13221836,-0.15240429,-0.18911953,-0.06414285,-0.08811168,-0.21634482,0.10748339,-0.20432882,-0.32868293,0.2199989,-0.17992306,3083000.0515587,0.09461198,0.11698156,0.07522765,-0.19030023,0.17097101,0.04004989,0.4829652,0.09581456,0.02480582,0.34018645,-0.0607854,-0.13945515,-0.12830845,-0.15423001,-0.19094568,-0.06244135,-0.10065345,-0.22073053,0.10746264,-0.20281607,-0.32811564,0.21961494,-0.18919821,3084000.05179039,0.09323455,0.11630912,0.07839853,-0.19618998,0.17329693,0.03894996,0.48194388,0.09613693,0.02160785,0.32965031,-0.06329975,-0.15294084,-0.12551261,-0.15084872,-0.18848392,-0.05977727,-0.10455974,-0.22091466,0.10545792,-0.20700045,-0.32805929,0.2178774,-0.1823009,3085000.05508514,0.09696741,0.11734676,0.07953711,-0.19173771,0.16678776,0.03907036,0.48133612,0.09649133,0.02049548,0.33629727,-0.06197163,-0.15030089,-0.12481435,-0.15208507,-0.19029498,-0.05611723,-0.08763162,-0.22196712,0.10772978,-0.20325358,-0.32849023,0.21675032,-0.1826618,3086000.05441905,0.09531239,0.11527711,0.07717837,-0.1831675,0.16845925,0.04161795,0.48293704,0.09807234,0.02509977,0.33722639,-0.0524569,-0.15641928,-0.12147512,-0.15598236,-0.18851237,-0.05891809,-0.09204755,-0.22275306,0.10944074,-0.19710188,-0.32799357,0.21676819,-0.18884681,3087000.04873251,0.09439395,0.11200505,0.07002525,-0.17456196,0.16529536,0.04325674,0.48198357,0.09863403,0.0372056,0.33310518,-0.0432473,-0.14702423,-0.12470099,-0.15053336,-0.18769488,-0.05409511,-0.09459122,-0.2182198,0.10452984,-0.2024902,-0.32543397,0.21758489,-0.17790332,3088000.0531511,0.09322627,0.11300522,0.07274677,-0.17800948,0.16982958,0.04688401,0.48437381,0.09950273,0.03354006,0.34904659,-0.04706591,-0.14104003,-0.12518848,-0.14674263,-0.18708825,-0.05433609,-0.0961766,-0.21943842,0.10050622,-0.20254289,-0.32580698,0.21284097,-0.17771165,3089000.04957988,0.09272381,0.11034621,0.0742893,-0.17353979,0.16974422,0.04468717,0.48317721,0.10035777,0.03060171,0.34252673,-0.04948493,-0.15453255,-0.1265647,-0.1512423,-0.18782312,-0.0598156,-0.0868441,-0.21594273,0.10031657,-0.19556741,-0.32861796,0.21671095,-0.18077786,3090000.04658203,0.09392941,0.11457103,0.07324637,-0.18331009,0.17199738,0.04191341,0.48428345,0.09996697,0.02975004,0.34358823,-0.04634803,-0.14796937,-0.12549777,-0.15415151,-0.18769489,-0.06285696,-0.10075486,-0.21849713,0.10993025,-0.20677182,-0.32989979,0.21794055,-0.18028425,3091000.04899151,0.09440349,0.11765329,0.07591206,-0.18093443,0.17347161,0.04220694,0.48512056,0.0968546,0.02774276,0.34518659,-0.04742257,-0.14455973,-0.12292317,-0.15431826,-0.19074072,-0.06233875,-0.08980853,-0.22009082,0.10831787,-0.20292656,-0.32922882,0.22273378,-0.18882836,3092000.05150987,0.099838,0.1182419,0.07652827,-0.1860216,0.17348357,0.04114772,0.48382089,0.09912299,0.02469092,0.34485975,-0.05288422,-0.14451818,-0.12109848,-0.15366697,-0.189529,-0.05961441,-0.08446395,-0.22050291,0.10817263,-0.19288845,-0.32925615,0.22170666,-0.18172684,3093000.05364576,0.10241337,0.1189433,0.07872463,-0.18688041,0.16826028,0.04285418,0.48305309,0.09892327,0.02256743,0.34527749,-0.05030325,-0.15293905,-0.12202123,-0.1604038,-0.18888333,-0.06190791,-0.0953932,-0.22015882,0.10902012,-0.19982736,-0.32849017,0.21236448,-0.17280068,3094000.0559372,0.10137902,0.11488286,0.08054537,-0.18172428,0.17207094,0.04275807,0.48561946,0.09714929,0.02263354,0.34535441,-0.05108173,-0.14637607,-0.12776126,-0.15281649,-0.18882218,-0.06052009,-0.09067063,-0.22111082,0.10301658,-0.19897826,-0.32981709,0.22373882,-0.1799048,3095000.04857702,0.09283406,0.11270242,0.07292967,-0.16833727,0.16904648,0.04731492,0.48475227,0.0991022,0.03568133,0.34944317,-0.03715625,-0.14089686,-0.1257177,-0.14638379,-0.18535151,-0.05843196,-0.0917887,-0.21631189,0.10783593,-0.19177507,-0.32736674,0.21535203,-0.18070398,3096000.04804823,0.09043516,0.11252736,0.07196532,-0.1693216,0.1660203,0.04560627,0.48420203,0.0984496,0.03575664,0.35497034,-0.03413612,-0.14942482,-0.12234813,-0.14853066,-0.1860579,-0.05964712,-0.08104599,-0.21861447,0.11145534,-0.19860068,-0.32771963,0.21239446,-0.17476165,3097000.04915868,0.09669687,0.11585769,0.07249475,-0.17535955,0.16909319,0.04491292,0.48498279,0.09853709,0.03129867,0.34801596,-0.04044444,-0.14636296,-0.12751527,-0.14659581,-0.18765981,-0.05618887,-0.07374772,-0.21753247,0.10995097,-0.20568439,-0.32917526,0.21437837,-0.17744672,3098000.05047373,0.09531314,0.11308126,0.07358032,-0.17716385,0.17019325,0.04303375,0.48504746,0.09913846,0.02972899,0.34691608,-0.04414901,-0.13857631,-0.12421033,-0.14629547,-0.18794584,-0.06270474,-0.08959916,-0.22259757,0.11081302,-0.20007545,-0.33215019,0.21540242,-0.18433984,3099000.04976215,0.09834272,0.11333195,0.07695657,-0.17779331,0.17113388,0.04303047,0.48471969,0.09684683,0.02755804,0.34735543,-0.04699521,-0.1390698,-0.12322459,-0.14873631,-0.18942197,-0.06062322,-0.08493992,-0.21962644,0.11257221,-0.20199876,-0.33148345,0.21426231,-0.18638211,3100000.0512757,0.09733009,0.11624844,0.07727417,-0.18133193,0.17145456,0.04096575,0.48674652,0.09771294,0.02490874,0.33981079,-0.04491469,-0.14521466,-0.13106218,-0.14847325,-0.18970348,-0.06691761,-0.08672583,-0.22020654,0.10621421,-0.20367414,-0.33220908,0.21614362,-0.18827818,3101000.05240618,0.09941008,0.11958656,0.07857455,-0.18188478,0.16647843,0.04029034,0.48579255,0.09713587,0.02140886,0.34192044,-0.05114744,-0.14616346,-0.12428099,-0.14526013,-0.18831898,-0.06172905,-0.08832738,-0.22038895,0.10553611,-0.19815274,-0.33166412,0.2174385,-0.18370143,3102000.05136946,0.10175002,0.11759575,0.08162715,-0.18363017,0.17133695,0.04011729,0.48784336,0.09754588,0.01972392,0.34669092,-0.05091221,-0.1442204,-0.13059644,-0.14876738,-0.18753614,-0.06077088,-0.0829445,-0.22039166,0.11030192,-0.19429231,-0.33228683,0.21983908,-0.18379211,3103000.05203706,0.09633636,0.1177097,0.07725925,-0.17322344,0.17440188,0.04196871,0.48447415,0.09797259,0.02442002,0.34839487,-0.04802169,-0.14028724,-0.12353569,-0.14766853,-0.18954308,-0.05666707,-0.07789981,-0.22213076,0.10862261,-0.20667845,-0.3312231,0.22334254,-0.18103908,3104000.05030569,0.09406804,0.11490639,0.07170832,-0.16575679,0.17068461,0.04757473,0.48613679,0.10069061,0.03542523,0.34348142,-0.04161283,-0.13790613,-0.12910646,-0.14850217,-0.18652332,-0.05924859,-0.08208213,-0.21938108,0.10258862,-0.20462659,-0.33019561,0.2119434,-0.18604618,3105000.04883463,0.0974149,0.11646664,0.07425033,-0.17117594,0.17196827,0.05169915,0.48672536,0.09848969,0.03162692,0.34880641,-0.04278294,-0.15027544,-0.12851565,-0.14473383,-0.18642825,-0.06023875,-0.08471732,-0.21642211,0.10161407,-0.20230666,-0.33147398,0.21832018,-0.18348858,3106000.05078353,0.09780487,0.12005956,0.0737318,-0.17334625,0.16988334,0.04223623,0.48383266,0.09756638,0.02658213,0.3453722,-0.04566308,-0.15543714,-0.12683395,-0.14405926,-0.18765326,-0.06528356,-0.07763055,-0.22097428,0.10788721,-0.20379704,-0.33418369,0.2139672,-0.18199307,3107000.05022688,0.09404298,0.11714203,0.07229791,-0.17409822,0.17191483,0.04360323,0.48289841,0.09655234,0.02588625,0.35058406,-0.05211661,-0.14426562,-0.12868306,-0.14278014,-0.18800737,-0.06200619,-0.0852879,-0.22086266,0.11365289,-0.20309463,-0.33513853,0.21621676,-0.17860132,3108000.04897529,0.09685764,0.11792576,0.07414056,-0.17784302,0.17283453,0.0438839,0.48652065,0.09901477,0.02418433,0.33965069,-0.05446559,-0.13411824,-0.13158031,-0.14461936,-0.18936427,-0.06316455,-0.08697299,-0.22182453,0.10936646,-0.20576183,-0.33636716,0.22381461,-0.18076456,3109000.04943799,0.09953704,0.11708514,0.07558236,-0.18020628,0.16587828,0.03891331,0.48622569,0.09929857,0.02055879,0.33737376,-0.05620014,-0.15294747,-0.13175999,-0.14572965,-0.18821079,-0.06298441,-0.09198807,-0.22525023,0.10817145,-0.20264634,-0.33612958,0.22212289,-0.1833239,3110000.04987022,0.09960289,0.11627426,0.07660208,-0.17978153,0.16666752,0.03828903,0.48409921,0.09792522,0.01861564,0.34707001,-0.05453623,-0.15441534,-0.13238209,-0.14741069,-0.1884886,-0.0624795,-0.08399994,-0.22274238,0.11048429,-0.20453592,-0.33708128,0.21426885,-0.17977008,3111000.05083027,0.09669574,0.11554626,0.07640034,-0.17648828,0.1698623,0.04248906,0.48590022,0.09541409,0.0208351,0.35171556,-0.05688102,-0.1517629,-0.13355778,-0.146475,-0.18849428,-0.06366752,-0.08006383,-0.22320314,0.10896481,-0.19943812,-0.33428404,0.21582192,-0.18918979,3112000.04624441,0.09396773,0.11459289,0.06919196,-0.16821499,0.17272416,0.0445671,0.48609295,0.09826312,0.03133487,0.34228691,-0.05140162,-0.14826392,-0.1205176,-0.14410459,-0.18844925,-0.06643771,-0.07819722,-0.22520879,0.10246219,-0.20167813,-0.33484486,0.21235855,-0.18283641,3113000.04906702,0.09478391,0.1180634,0.07252827,-0.17041992,0.16975431,0.04381294,0.48718271,0.09847791,0.03010939,0.35630709,-0.0462465,-0.13249476,-0.13002661,-0.14360371,-0.18649457,-0.05927343,-0.08181322,-0.22439231,0.11091679,-0.19948491,-0.33593047,0.21612735,-0.18116684,3114000.04926876,0.09604248,0.11276275,0.07522716,-0.17260143,0.17025635,0.04144614,0.48374549,0.09495779,0.02667363,0.34677598,-0.05192247,-0.14725627,-0.13225764,-0.13906419,-0.18713339,-0.06575038,-0.09055804,-0.22657806,0.10921783,-0.20572788,-0.33650163,0.21478102,-0.18993786,3115000.0490833,0.09234702,0.11525909,0.07448877,-0.17125744,0.17531832,0.0423221,0.4846136,0.09555823,0.02420797,0.34320977,-0.0535737,-0.15276006,-0.12705329,-0.14147268,-0.18689668,-0.0668816,-0.08110236,-0.22460407,0.1092302,-0.20872149,-0.33798966,0.21891986,-0.19097698,3116000.0477549,0.09620337,0.11767425,0.07404964,-0.17849575,0.17256746,0.04205555,0.48573858,0.09714405,0.02439219,0.34692761,-0.05782652,-0.15198044,-0.1301053,-0.14153436,-0.18715079,-0.06883609,-0.08330689,-0.22561616,0.11050777,-0.20233773,-0.33888772,0.21939851,-0.18968342,3117000.04770799,0.09960859,0.11349572,0.07632751,-0.18385793,0.16780926,0.04279486,0.48333836,0.09599701,0.02128698,0.34493631,-0.05940022,-0.15573096,-0.13014062,-0.14448406,-0.18708368,-0.06984653,-0.08692913,-0.2273512,0.10909839,-0.19937348,-0.3385444,0.21360514,-0.18538174,3118000.05166479,0.10336817,0.11590724,0.07950377,-0.18375818,0.16783127,0.03987873,0.48301575,0.09526824,0.01704177,0.34674367,-0.06342936,-0.14725335,-0.13281623,-0.14661545,-0.18757512,-0.0698294,-0.09239334,-0.22639962,0.10682546,-0.20973349,-0.33835971,0.21706805,-0.18351352,3119000.04809511,0.10164706,0.11579928,0.07515548,-0.17381673,0.1725557,0.04033298,0.48675138,0.09679139,0.02225713,0.34897265,-0.05714926,-0.15292746,-0.1314396,-0.14544584,-0.18802571,-0.06908894,-0.09082291,-0.22205275,0.10699101,-0.19774836,-0.33759087,0.22276592,-0.17816591,3120000.04608969,0.09509925,0.11229469,0.07106193,-0.16249864,0.17148674,0.0455006,0.48398486,0.09848569,0.03285696,0.34417164,-0.05445515,-0.13583155,-0.1304078,-0.14455597,-0.18680438,-0.07149701,-0.0872136,-0.22746424,0.11067507,-0.20486638,-0.33490086,0.2154652,-0.17912297,3121000.04645766,0.09521161,0.11649186,0.0710947,-0.17113814,0.17203251,0.04276619,0.48444197,0.0974555,0.03078192,0.34296536,-0.05528626,-0.14949822,-0.12772208,-0.13994892,-0.18750627,-0.06997245,-0.07183175,-0.22539136,0.10526364,-0.20122911,-0.33742219,0.21899849,-0.18387069,3122000.04619496,0.09328841,0.11511744,0.07142349,-0.17463657,0.17758974,0.04696631,0.4881165,0.09572924,0.02632515,0.34842494,-0.05873793,-0.14462617,-0.1276899,-0.14459915,-0.18749444,-0.06620661,-0.07950884,-0.22177134,0.10160374,-0.21426535,-0.33926246,0.21199796,-0.19204673,3123000.04645766,0.09364106,0.11735982,0.07194148,-0.17588821,0.17259957,0.04516258,0.48772344,0.09568534,0.02451057,0.34969068,-0.06055664,-0.14462663,-0.13187376,-0.1435416,-0.18732043,-0.07077228,-0.09534826,-0.2251862,0.1080633,-0.21610874,-0.33980873,0.21427922,-0.19653989,3124000.04656267,0.09577577,0.11727752,0.07349337,-0.17928059,0.17498712,0.0379012,0.48643616,0.09576134,0.02227513,0.34994522,-0.06178383,-0.14488256,-0.1345828,-0.14693114,-0.18805242,-0.06783351,-0.0764501,-0.22434571,0.11111969,-0.21023665,-0.3409397,0.21754661,-0.18727832,3125000.04665379,0.09495151,0.11570641,0.07509396,-0.17897254,0.17397995,0.03900493,0.48357877,0.0942232,0.01873569,0.33908379,-0.06727269,-0.14646314,-0.13786612,-0.142574,-0.18975028,-0.07308351,-0.0827077,-0.2226769,0.11074761,-0.2041977,-0.34091774,0.22322099,-0.18364638,3126000.05014756,0.09896535,0.11699874,0.0784286,-0.18286541,0.16730799,0.04038809,0.48451126,0.09592393,0.01612591,0.34182638,-0.06687991,-0.15029596,-0.13354169,-0.14728624,-0.1864689,-0.07613178,-0.0900671,-0.22490482,0.10817145,-0.20501882,-0.339228,0.21989694,-0.18340501,3127000.04523838,0.09690286,0.11136915,0.07575347,-0.17578314,0.16903982,0.04026424,0.48619387,0.09186716,0.0201709,0.34321946,-0.05947465,-0.15384832,-0.13882463,-0.14271675,-0.18751697,-0.06981413,-0.10081563,-0.22442999,0.10297999,-0.19860609,-0.33785763,0.22125523,-0.18895902,3128000.04440667,0.09744011,0.11091994,0.0679708,-0.16448916,0.16677682,0.04606272,0.48955724,0.09602861,0.03027068,0.34698439,-0.05496668,-0.14564258,-0.1391151,-0.1433057,-0.18695879,-0.07148083,-0.08227178,-0.22326675,0.10437512,-0.19472656,-0.33651656,0.21224236,-0.18764092,3129000.04489498,0.09487038,0.11166382,0.06806105,-0.16441049,0.16699736,0.04412242,0.4876636,0.09625973,0.02747377,0.35155851,-0.05831376,-0.14545558,-0.13454184,-0.14220332,-0.18569063,-0.07410309,-0.08312687,-0.22435281,0.10236903,-0.20999162,-0.34039706,0.21438926,-0.19448979,3130000.04512383,0.09545107,0.113511,0.07108586,-0.17570272,0.17075981,0.04181148,0.48657408,0.09730899,0.02350985,0.3428264,-0.06065072,-0.15122271,-0.13725379,-0.14095822,-0.1883615,-0.07310948,-0.08931502,-0.22453481,0.10869227,-0.21141002,-0.34190747,0.21132016,-0.19179916,3131000.0460941,0.09234408,0.1129526,0.07032937,-0.17820026,0.16740328,0.03726451,0.48616055,0.09460901,0.02078596,0.34629878,-0.06774923,-0.15111266,-0.14191172,-0.14630833,-0.18945354,-0.06988349,-0.08919426,-0.22261049,0.10734937,-0.2148167,-0.34269959,0.2185283,-0.18595047,3132000.04794874,0.09410596,0.1151392,0.07099578,-0.17987269,0.16789486,0.04256653,0.48770288,0.09238474,0.0191817,0.34649989,-0.06796132,-0.14476141,-0.13985103,-0.14141364,-0.18838876,-0.07066097,-0.08786462,-0.22620201,0.10351502,-0.21374743,-0.34278977,0.212097,-0.19270329,3133000.04839737,0.09263507,0.1179745,0.07071655,-0.18250713,0.17394771,0.03739925,0.48608345,0.09380292,0.01595781,0.33892709,-0.07095535,-0.14781398,-0.13976248,-0.14695987,-0.18859889,-0.08128384,-0.08396263,-0.22447251,0.10542987,-0.21013248,-0.34276646,0.21283862,-0.19137947,3134000.05043644,0.09216425,0.11873343,0.07430668,-0.18325669,0.17063086,0.04165624,0.48446169,0.09267449,0.01311459,0.33518246,-0.07190657,-0.14313947,-0.14921172,-0.14548124,-0.18961965,-0.07486403,-0.08694316,-0.22417535,0.10942928,-0.21376455,-0.34177846,0.2173892,-0.19440351,3135000.04861619,0.09414851,0.1179533,0.07042358,-0.17843255,0.16815326,0.03540187,0.48722896,0.09362835,0.01755118,0.33319852,-0.07118139,-0.14592655,-0.14512067,-0.14333281,-0.18837218,-0.0738503,-0.0880392,-0.22422518,0.10732956,-0.20203547,-0.33848348,0.2154966,-0.18496209,3136000.04611451,0.09205179,0.11337844,0.06502029,-0.16276473,0.16176219,0.04613078,0.48663977,0.09662472,0.02726294,0.34453416,-0.06570528,-0.15219109,-0.14118379,-0.14251325,-0.18548517,-0.07719291,-0.0904967,-0.22361906,0.10738843,-0.20932221,-0.33808428,0.21244927,-0.18378443,3137000.04623221,0.09723701,0.11390363,0.06890655,-0.17459454,0.17034306,0.04649975,0.48631155,0.09602009,0.02328196,0.33888662,-0.06868858,-0.1517904,-0.14292718,-0.14182626,-0.18697004,-0.08121756,-0.08516174,-0.2249282,0.10858893,-0.2093484,-0.34071881,0.2110766,-0.19000655,3138000.04563254,0.09276859,0.11328422,0.06960299,-0.17514622,0.17637968,0.04075958,0.48559439,0.09449635,0.01975232,0.34309828,-0.07598265,-0.16216178,-0.14577079,-0.14135045,-0.18949944,-0.07936257,-0.09341282,-0.2260305,0.10907346,-0.21329896,-0.34231722,0.21404868,-0.18674974,3139000.04284075,0.08900011,0.11308791,0.06887669,-0.18060547,0.16748889,0.04473294,0.48751101,0.09486991,0.01921692,0.33953637,-0.07462091,-0.15984775,-0.14520998,-0.14093776,-0.18891832,-0.08419291,-0.07764459,-0.22483113,0.10103347,-0.21176444,-0.34383932,0.21513532,-0.1975953,3140000.04384411,0.09336441,0.11454697,0.0715137,-0.17950657,0.16537423,0.04025815,0.48542088,0.09404776,0.0162703,0.33701923,-0.07829306,-0.15703511,-0.14685418,-0.14367238,-0.18897827,-0.07909915,-0.08070646,-0.22354436,0.11027011,-0.2139221,-0.34345418,0.2195504,-0.19674999,3141000.04827564,0.09361391,0.11642964,0.07248703,-0.18369295,0.16940179,0.03230383,0.48617539,0.09099328,0.01313174,0.33947408,-0.07824977,-0.16463573,-0.14348188,-0.14552478,-0.19109073,-0.08069874,-0.09421366,-0.22849731,0.10306369,-0.2090987,-0.34286848,0.22107361,-0.18915626,3142000.0492056,0.09488522,0.12061558,0.07306914,-0.18485004,0.16826908,0.03386698,0.48616204,0.09106585,0.01109236,0.3354972,-0.08515858,-0.16479637,-0.14420886,-0.14588161,-0.19034974,-0.08405652,-0.09040421,-0.22942111,0.09881312,-0.21170093,-0.34075028,0.21543384,-0.19113363,3143000.04888349,0.09440034,0.11651682,0.06944917,-0.17805897,0.16961651,0.03772448,0.48497704,0.09191944,0.01501226,0.33204314,-0.08013052,-0.15951301,-0.15116498,-0.14536071,-0.18874642,-0.08227284,-0.0835922,-0.22797489,0.10620354,-0.21115264,-0.33936128,0.21392688,-0.1818683,3144000.04658432,0.09489709,0.11362592,0.06277712,-0.17102808,0.17023626,0.0451027,0.48561546,0.09522685,0.02430513,0.33526534,-0.07492058,-0.15536743,-0.14627476,-0.14454864,-0.18731947,-0.08223034,-0.09836933,-0.22445044,0.10643804,-0.21445596,-0.33831561,0.21298671,-0.18095486,3145000.04749212,0.09445616,0.11563783,0.06495031,-0.17162463,0.1677358,0.04478208,0.48572448,0.09393392,0.02109615,0.34096599,-0.07360634,-0.15935104,-0.14874919,-0.14415215,-0.18923935,-0.07928296,-0.08618204,-0.22435914,0.10060386,-0.21543112,-0.34028986,0.21470743,-0.19144787,3146000.04725983,0.09345145,0.11715572,0.0649408,-0.18144153,0.16686064,0.03838526,0.48315725,0.09196419,0.01713101,0.3400186,-0.07994302,-0.15977089,-0.14738595,-0.13981169,-0.18841423,-0.08103291,-0.08032124,-0.22475705,0.10411381,-0.20746233,-0.34194863,0.21065359,-0.18942608,3147000.04616453,0.09216984,0.11600944,0.06621221,-0.18459679,0.16940287,0.04091961,0.48805532,0.09375179,0.0165072,0.33351749,-0.08246966,-0.16814056,-0.14664766,-0.14462037,-0.18771471,-0.08722579,-0.10049976,-0.22723596,0.10438557,-0.21624757,-0.340498,0.21380386,-0.1909101,3148000.04645766,0.09526205,0.11558647,0.06680819,-0.18399003,0.16908242,0.03857281,0.48626807,0.092202,0.01449348,0.33384487,-0.08512871,-0.16097231,-0.14889701,-0.14328165,-0.18818,-0.08750321,-0.10121443,-0.2301732,0.1048584,-0.2182693,-0.34083527,0.20794645,-0.18829663,3149000.04645766,0.09561991,0.11657151,0.0708126,-0.1816846,0.16894339,0.03230286,0.48617169,0.0915943,0.01176635,0.33299464,-0.08433934,-0.16246347,-0.14925815,-0.14414431,-0.18790799,-0.08583252,-0.10058403,-0.22646019,0.10258414,-0.2097033,-0.3399142,0.21421285,-0.19491535,3150000.04767748,0.09822125,0.11752661,0.07362445,-0.18483616,0.16658422,0.03546341,0.48316655,0.09370791,0.00963241,0.3415902,-0.08546644,-0.16429073,-0.14681131,-0.14630988,-0.18772879,-0.08497071,-0.0936913,-0.22387788,0.09692226,-0.21236485,-0.33915916,0.21159816,-0.19760324,3151000.04439297,0.09251047,0.11290454,0.06638909,-0.17388059,0.16637138,0.04464515,0.48557112,0.09501047,0.02004049,0.34413669,-0.08058147,-0.16354291,-0.14603418,-0.14679472,-0.18480152,-0.08643266,-0.09257858,-0.22192678,0.10171106,-0.20163091,-0.33594832,0.2127144,-0.18838659,3152000.04528811,0.09280397,0.11486116,0.0627085,-0.1712389,0.1663059,0.04342085,0.48489535,0.09482052,0.02516377,0.33717129,-0.07923173,-0.1563967,-0.14656585,-0.14307134,-0.18574639,-0.08439974,-0.08833485,-0.22203261,0.10390512,-0.20473622,-0.3366054,0.20795561,-0.19899309,3153000.04385136,0.0920162,0.11642393,0.06694739,-0.17760934,0.1655771,0.04140863,0.48605144,0.09396377,0.01972427,0.33010635,-0.08174089,-0.16376741,-0.14971955,-0.13863812,-0.1866155,-0.0847673,-0.0936607,-0.22327407,0.10259018,-0.21974057,-0.33938256,0.21528374,-0.18784294,3154000.04628617,0.09270797,0.11628774,0.0679708,-0.17400824,0.16753289,0.04018857,0.4855949,0.09206755,0.01693771,0.3320694,-0.0838769,-0.16512546,-0.14546931,-0.14337,-0.18673465,-0.09139227,-0.09616781,-0.22498654,0.10776602,-0.21287093,-0.33730495,0.21201006,-0.18516947,3155000.04438651,0.09536345,0.11589758,0.06635129,-0.18019378,0.16246423,0.04423342,0.48685661,0.09396484,0.01561479,0.34125701,-0.08220869,-0.16336223,-0.15193936,-0.14701401,-0.18584009,-0.08825281,-0.08703196,-0.21984302,0.10690772,-0.21082801,-0.33692726,0.21236296,-0.18608502,3156000.04506678,0.09654318,0.11435375,0.07013629,-0.183771,0.16399047,0.04067708,0.48530814,0.09370197,0.01338012,0.35101473,-0.08729355,-0.16129339,-0.1449021,-0.14169651,-0.18599719,-0.08722584,-0.0887986,-0.22172213,0.10912908,-0.21501209,-0.33601591,0.21272147,-0.18146193,3157000.04518802,0.09494064,0.11898271,0.07171579,-0.18791282,0.16829099,0.04129888,0.48553324,0.09295089,0.01151597,0.33176619,-0.08848694,-0.15898983,-0.14882919,-0.1478776,-0.18717584,-0.08360876,-0.10051861,-0.22251983,0.10689989,-0.21525753,-0.33559203,0.20926447,-0.18160611,3158000.04730416,0.09956627,0.11635023,0.07257625,-0.18099555,0.16679701,0.03439225,0.48331365,0.09207157,0.01031438,0.33498937,-0.08373851,-0.16212258,-0.1499653,-0.15303494,-0.18655902,-0.08549418,-0.09399378,-0.22275807,0.10409178,-0.21204601,-0.33260632,0.21820441,-0.18212524,3159000.04377706,0.09298726,0.11315794,0.06735128,-0.16945067,0.16487999,0.04004191,0.48494196,0.09305239,0.02283444,0.33878553,-0.08090784,-0.15469232,-0.15007029,-0.14790393,-0.18433148,-0.08766006,-0.0991357,-0.22014667,0.09393623,-0.21523088,-0.33079386,0.20749861,-0.18650636,3160000.04437633,0.09038338,0.11174839,0.06429606,-0.16823967,0.16897574,0.04661626,0.48607078,0.09571749,0.02547793,0.33477736,-0.07965393,-0.16013891,-0.14022814,-0.14271724,-0.18235268,-0.09047136,-0.09161123,-0.22097924,0.10173153,-0.21806318,-0.33371457,0.21694081,-0.18570633,3161000.04501964,0.09246492,0.11673806,0.06656987,-0.17273763,0.17210717,0.04585996,0.48718402,0.09418453,0.02010019,0.34328768,-0.08173285,-0.16313809,-0.14475107,-0.14084548,-0.18435539,-0.08577053,-0.08488496,-0.22139692,0.10006113,-0.21716595,-0.33532941,0.21610181,-0.18880853,3162000.04387431,0.09232721,0.11460124,0.06616258,-0.1749291,0.17163654,0.03914941,0.48509282,0.09313159,0.01703206,0.33088997,-0.08323578,-0.15910242,-0.13771717,-0.14644995,-0.18419079,-0.08204988,-0.09607626,-0.21975033,0.10364645,-0.2156923,-0.33451104,0.21950503,-0.18703389,3163000.04572701,0.09664664,0.11210658,0.06626172,-0.18111679,0.16611508,0.03927393,0.48681405,0.09398106,0.01701221,0.3270078,-0.09080607,-0.15975721,-0.1399096,-0.14595085,-0.18293919,-0.08686795,-0.10035904,-0.22288281,0.10775166,-0.21740054,-0.33496547,0.21132016,-0.19054703,3164000.04768878,0.09855808,0.11544742,0.0702347,-0.18301199,0.1612539,0.04126387,0.48339823,0.09308052,0.01376426,0.32892939,-0.08881027,-0.16958965,-0.14172027,-0.1491248,-0.18341534,-0.08590433,-0.0880848,-0.22034672,0.10487989,-0.20892085,-0.3342101,0.21203525,-0.19596763,3165000.04578761,0.09648939,0.11573116,0.07097889,-0.18730281,0.16504797,0.03803971,0.48715031,0.09251859,0.01197855,0.32871005,-0.09043673,-0.1683581,-0.14988154,-0.14779221,-0.18461366,-0.09210422,-0.09080754,-0.22308399,0.09621407,-0.21614178,-0.33250636,0.21975146,-0.19344065,3166000.04558889,0.09776368,0.11741691,0.07216803,-0.18808573,0.16805744,0.0372522,0.48694339,0.0930375,0.00908188,0.32657072,-0.0878052,-0.15523313,-0.14404191,-0.1461163,-0.18490005,-0.09170604,-0.10395317,-0.21797486,0.10128683,-0.20860177,-0.33173358,0.21271059,-0.18498601,3167000.04368304,0.09142886,0.11335675,0.06513809,-0.17240842,0.16627617,0.04640808,0.48568118,0.09353804,0.020071,0.33379337,-0.08293135,-0.1510198,-0.14305706,-0.146267,-0.1817348,-0.08589566,-0.08460257,-0.21620585,0.10496882,-0.19959955,-0.33017361,0.21211854,-0.18558221,3168000.04096453,0.09385175,0.10948011,0.06426631,-0.17060694,0.16234206,0.045213,0.48234078,0.09451698,0.02396991,0.33828026,-0.08382516,-0.16199236,-0.13330503,-0.14925233,-0.17919302,-0.08560713,-0.08877664,-0.21834303,0.10223451,-0.20862851,-0.33055711,0.20804723,-0.18869187,3169000.04299575,0.09462371,0.11690457,0.06427609,-0.18191633,0.16807796,0.03638359,0.48218873,0.09483088,0.01773691,0.3287988,-0.08573042,-0.14741322,-0.14254501,-0.14665075,-0.18043615,-0.08500252,-0.0948723,-0.2186325,0.10009297,-0.21570328,-0.33490488,0.20835197,-0.18637593,3170000.04436954,0.08901431,0.10983729,0.06602348,-0.18077879,0.16879395,0.03598685,0.48243088,0.09276742,0.01582069,0.32885504,-0.08692927,-0.15721275,-0.14387251,-0.14734076,-0.18147707,-0.08734453,-0.08412413,-0.21591979,0.09856781,-0.2124128,-0.33442327,0.21526819,-0.19010583,3171000.04469276,0.08985858,0.11210658,0.0689538,-0.18295422,0.1673954,0.03683574,0.48332745,0.09229829,0.01362782,0.33437133,-0.09250164,-0.1709719,-0.14696054,-0.1515937,-0.18343134,-0.08792315,-0.10101249,-0.21973494,0.10440915,-0.20324972,-0.33452293,0.21054456,-0.19027352,3172000.0443827,0.09048468,0.11494281,0.0686255,-0.18804125,0.16394942,0.03884893,0.48722762,0.09262135,0.01189829,0.33560824,-0.09797624,-0.16447239,-0.14356327,-0.15172684,-0.18110958,-0.08769879,-0.10284407,-0.21803373,0.10253186,-0.21257564,-0.33457658,0.21453157,-0.18571086,3173000.04663696,0.09385455,0.11409997,0.06979665,-0.19348024,0.16381012,0.03605184,0.48713395,0.093019,0.00815154,0.32833049,-0.09607562,-0.1642493,-0.1384622,-0.15694438,-0.1808235,-0.08756069,-0.09569774,-0.22176555,0.09692691,-0.21687813,-0.33310872,0.21798602,-0.18349311,3174000.04959084,0.094853,0.11446849,0.07274677,-0.19354203,0.16653058,0.03477883,0.48416772,0.09151196,0.00584658,0.33462641,-0.09765626,-0.16815367,-0.1485251,-0.15531781,-0.18238986,-0.08808831,-0.10294902,-0.22010857,0.10257296,-0.20529807,-0.33266693,0.22265869,-0.19059262,3175000.0468863,0.09596606,0.11545537,0.07198545,-0.190073,0.16803628,0.03375961,0.48624489,0.09384232,0.00576208,0.32993197,-0.09716611,-0.16293913,-0.14803751,-0.14855836,-0.18110417,-0.08881437,-0.10313921,-0.21739241,0.10320742,-0.20613784,-0.33084106,0.22109577,-0.18297315,3176000.04527161,0.09142886,0.11366458,0.06600958,-0.17862171,0.16594557,0.03778033,0.48520333,0.09485048,0.01745248,0.3270078,-0.09293429,-0.15639396,-0.14451955,-0.15041941,-0.18070675,-0.09023126,-0.09181659,-0.2199524,0.10225043,-0.20482622,-0.3291018,0.21917258,-0.18779971,3177000.04340022,0.0863201,0.1144986,0.06570514,-0.17773913,0.16802546,0.03948467,0.48574042,0.09409057,0.02073309,0.33547035,-0.09155501,-0.16385689,-0.13590744,-0.15103605,-0.17876495,-0.08322302,-0.09087658,-0.21673189,0.10452902,-0.21188954,-0.33049017,0.20585462,-0.1845265,3178000.04088708,0.08719549,0.11429937,0.06787039,-0.18423949,0.17019349,0.03916229,0.48384687,0.09387117,0.01526341,0.33670667,-0.09254113,-0.15466595,-0.13835685,-0.1486543,-0.17963968,-0.08634096,-0.10013027,-0.21674348,0.10208667,-0.21452087,-0.3330099,0.21467632,-0.19219677,3179000.04144618,0.0906044,0.11746943,0.06560618,-0.18339789,0.16681884,0.03621723,0.48993081,0.09419308,0.01350589,0.33436045,-0.09052911,-0.15723345,-0.14855018,-0.15316063,-0.17994444,-0.08794447,-0.10289893,-0.21687321,0.09889469,-0.21031462,-0.33380207,0.21693304,-0.18806419,3180000.04624195,0.09026968,0.11637504,0.06952851,-0.18851131,0.16814288,0.03603797,0.48775062,0.09447933,0.01196891,0.33702403,-0.09729737,-0.16683204,-0.14326516,-0.15360151,-0.18074013,-0.0872627,-0.09221541,-0.21531923,0.09658805,-0.21391848,-0.33304495,0.21750215,-0.18576269,3181000.04682824,0.09115318,0.1170764,0.07142436,-0.19334759,0.17008662,0.03315973,0.48676911,0.0926412,0.00897166,0.33421519,-0.09873693,-0.17683923,-0.14345555,-0.15321054,-0.18068607,-0.08944675,-0.10035137,-0.21901108,0.10099649,-0.20831852,-0.33424184,0.2137417,-0.19599888,3182000.0473842,0.0934637,0.12101074,0.07207678,-0.19517547,0.16860203,0.03746592,0.48608741,0.09342398,0.00652341,0.33275834,-0.10161524,-0.16443725,-0.14232005,-0.15625562,-0.17870486,-0.08135146,-0.09332831,-0.21642481,0.10841854,-0.20313348,-0.33388805,0.21568468,-0.18766415,3183000.04917692,0.09037406,0.1184269,0.07485467,-0.19195968,0.16989388,0.0345785,0.48728648,0.09479316,0.00460139,0.32758704,-0.10377578,-0.17652526,-0.1429968,-0.15812945,-0.17915617,-0.08174998,-0.09329887,-0.2137111,0.09557737,-0.20705131,-0.33041784,0.22059186,-0.18272172,3184000.04900903,0.0935275,0.11666299,0.0739941,-0.19154699,0.17138846,0.03354235,0.48890492,0.09446517,0.00459094,0.3314538,-0.10111452,-0.16411178,-0.14243053,-0.15759327,-0.18024015,-0.08367807,-0.10794273,-0.21516506,0.10148975,-0.2099378,-0.32915711,0.21829151,-0.17375654,3185000.04614032,0.08950981,0.11473207,0.06837682,-0.17735644,0.16713974,0.04502867,0.48813972,0.09531565,0.01645757,0.33882353,-0.09460913,-0.15827338,-0.13892098,-0.15311538,-0.17691533,-0.08369727,-0.10663529,-0.21226542,0.1033436,-0.19878143,-0.32734182,0.2140522,-0.18514462,3186000.04961167,0.08951489,0.11265109,0.06839269,-0.18300432,0.16761984,0.04326135,0.48581228,0.09544838,0.01955514,0.34071887,-0.0931479,-0.15813582,-0.13498439,-0.15487079,-0.1792222,-0.08211174,-0.09915228,-0.21330239,0.09615865,-0.20723665,-0.32840174,0.21295926,-0.18244238,3187000.04811311,0.08984606,0.11646664,0.06947578,-0.18391345,0.16987276,0.03929332,0.48755398,0.09573692,0.01376908,0.34547094,-0.09751555,-0.15183198,-0.13443756,-0.15385349,-0.17811087,-0.08182484,-0.0967377,-0.21447395,0.0977072,-0.20223582,-0.33142233,0.21911457,-0.1895303,3188000.04894763,0.09006058,0.11654893,0.06960402,-0.18299666,0.16651031,0.03803553,0.48563838,0.09406117,0.01400223,0.34320867,-0.09954855,-0.15979294,-0.13707812,-0.15346284,-0.17898591,-0.07794941,-0.08084863,-0.21313399,0.10125679,-0.20801018,-0.33132991,0.21905658,-0.19386265,3189000.04717056,0.0892095,0.11495341,0.07032871,-0.18391821,0.16840979,0.03826004,0.48842162,0.0969412,0.01204969,0.33660567,-0.09893954,-0.15782176,-0.13850999,-0.15237609,-0.17734957,-0.0786037,-0.091516,-0.2152973,0.10385046,-0.21546173,-0.33053222,0.21229413,-0.18885329,3190000.04635226,0.09257099,0.11402956,0.07294778,-0.19090904,0.17040604,0.03749139,0.48612759,0.09408204,0.00957621,0.33947581,-0.10528821,-0.16128965,-0.13401747,-0.1559958,-0.17884302,-0.0807484,-0.09744734,-0.21908283,0.10031515,-0.20365523,-0.32972243,0.21976732,-0.18851338,3191000.04984265,0.09390291,0.11616239,0.07670054,-0.1991839,0.1683777,0.03435869,0.48474088,0.09384319,0.00670401,0.32958549,-0.09830184,-0.1651566,-0.13568527,-0.15775374,-0.17948513,-0.07698374,-0.09805632,-0.21456635,0.10556825,-0.20167437,-0.32965288,0.22492561,-0.18692583,3192000.0523314,0.09926184,0.11666846,0.07761826,-0.19173905,0.16902809,0.03425333,0.48513865,0.09644034,0.00597091,0.33639419,-0.09962227,-0.15800358,-0.13970213,-0.1569113,-0.177865,-0.07967867,-0.09538773,-0.21841404,0.10020206,-0.20401689,-0.32874945,0.2176986,-0.17870532,3193000.04803817,0.08984982,0.11644751,0.07017709,-0.17829682,0.16668035,0.03948568,0.48328257,0.09828323,0.01543119,0.33633849,-0.09150668,-0.15545498,-0.13387741,-0.15423839,-0.17741962,-0.07429956,-0.09394335,-0.20891136,0.09773162,-0.20957592,-0.32622993,0.21848787,-0.18069559,3194000.04533719,0.09039919,0.11596956,0.07113903,-0.17593621,0.16927421,0.04612727,0.48559469,0.09930378,0.02164426,0.33764055,-0.08770636,-0.16355065,-0.13021523,-0.15596865,-0.17701629,-0.06979482,-0.09468141,-0.21275225,0.10021027,-0.20109329,-0.32456675,0.22190523,-0.18045689,3195000.04616705,0.09274898,0.11621739,0.07174788,-0.18403153,0.16645679,0.03930535,0.48785537,0.09714405,0.01648524,0.34341595,-0.09398612,-0.15569362,-0.12923199,-0.15734299,-0.17663619,-0.06958645,-0.09352836,-0.2143255,0.09989469,-0.20271352,-0.32672825,0.21193935,-0.18308212,3196000.04689367,0.08983664,0.11792748,0.0719732,-0.18294084,0.16598767,0.04010664,0.48718071,0.09696943,0.01414105,0.33923554,-0.09781348,-0.153578,-0.12833168,-0.15505424,-0.17456642,-0.07071565,-0.0949578,-0.21178448,0.10426835,-0.20373385,-0.32803217,0.21433763,-0.18902208,3197000.04740261,0.09744702,0.11529317,0.07450746,-0.18650518,0.16727814,0.04214694,0.4871543,0.09576099,0.01478657,0.3395834,-0.09706268,-0.16049175,-0.12902401,-0.15682852,-0.17630881,-0.07365283,-0.0958615,-0.21273588,0.10064212,-0.20232911,-0.32681561,0.21986748,-0.18411776,3198000.05027497,0.09681045,0.11610551,0.07584792,-0.18875797,0.17197667,0.0405631,0.48770574,0.09475692,0.01138435,0.33786988,-0.09892803,-0.1609261,-0.13279569,-0.15537764,-0.1754836,-0.06901184,-0.08899217,-0.2102527,0.09693851,-0.20373139,-0.32721657,0.21246129,-0.18795733,3199000.05112506,0.09931474,0.11655656,0.07774207,-0.19249974,0.17331284,0.03973911,0.48886928,0.09358095,0.00902625,0.33393317,-0.10081752,-0.16248693,-0.12862903,-0.15705834,-0.1769775,-0.06890548,-0.10050029,-0.21333593,0.09848931,-0.20244777,-0.32620758,0.21608053,-0.19026157,3200000.05197543,0.09904307,0.1171756,0.07884839,-0.19264153,0.16706531,0.0357252,0.48427019,0.09608601,0.00736466,0.33267653,-0.10366711,-0.15801509,-0.1365905,-0.15862507,-0.17626421,-0.06637644,-0.09978835,-0.2127133,0.10079022,-0.19701412,-0.32532817,0.21823406,-0.18367751,3201000.04836106,0.0999774,0.11574861,0.07732235,-0.17995186,0.16931373,0.03972766,0.48909184,0.09567258,0.01062412,0.34161609,-0.09874726,-0.15321325,-0.13224405,-0.16057284,-0.17758547,-0.0637324,-0.08689399,-0.21285313,0.10193301,-0.19669366,-0.32215574,0.22045144,-0.1793789,3202000.04694199,0.09528583,0.11370461,0.07000092,-0.1697143,0.17142618,0.04391991,0.48624289,0.09604155,0.02413495,0.34468409,-0.09123556,-0.15074356,-0.13028859,-0.15588906,-0.17441948,-0.05972741,-0.08840533,-0.21172097,0.10354846,-0.2034751,-0.3202135,0.22281191,-0.1860963,3203000.04717235,0.09572801,0.11159785,0.06942239,-0.17294432,0.17149666,0.04644091,0.49003324,0.09629183,0.02242987,0.34316564,-0.09523451,-0.15935624,-0.12805294,-0.15452358,-0.17578714,-0.05901426,-0.09086571,-0.20635749,0.0998976,-0.20641713,-0.32137877,0.21375708,-0.18242212,3204000.048545,0.0931133,0.11899648,0.07228391,-0.17974935,0.16918889,0.04584787,0.49061629,0.09648719,0.01729915,0.33950904,-0.09858169,-0.15287121,-0.13526177,-0.15647301,-0.17461331,-0.06138624,-0.0696249,-0.21050528,0.09746388,-0.1939345,-0.32116878,0.21367177,-0.17918149,3205000.04681422,0.09694549,0.11568558,0.07390475,-0.1766009,0.17229433,0.04312826,0.49150863,0.09621179,0.01531068,0.33790049,-0.10054345,-0.15868968,-0.12407147,-0.15871914,-0.17389324,-0.06207804,-0.07970928,-0.20746304,0.10958303,-0.20341563,-0.32222787,0.21495993,-0.18217638,3206000.05152692,0.0983869,0.11453593,0.07592245,-0.18387595,0.16586013,0.04448992,0.4889318,0.0952909,0.01296677,0.34604967,-0.10041291,-0.16102356,-0.12375651,-0.16034198,-0.17497896,-0.06420735,-0.08649847,-0.20552918,0.10502733,-0.19615771,-0.32301039,0.22488847,-0.1819289,3207000.05171248,0.10332613,0.11792904,0.07947189,-0.18581389,0.16961651,0.04337221,0.49032372,0.09451423,0.01048689,0.34130484,-0.10337754,-0.16688967,-0.13160208,-0.15579356,-0.17369574,-0.05856793,-0.08197692,-0.21027933,0.10416541,-0.19386344,-0.32122108,0.2281684,-0.18599218,3208000.05114086,0.1008429,0.11751018,0.07993247,-0.18612136,0.16859132,0.03920591,0.48952171,0.09488717,0.00844698,0.33609042,-0.10216621,-0.15852126,-0.12593699,-0.16130719,-0.17477928,-0.06296293,-0.09496468,-0.20812465,0.09994967,-0.20796166,-0.32182083,0.22140828,-0.17680581,3209000.05285724,0.10100425,0.12082185,0.08342041,-0.18794848,0.17299199,0.03978526,0.49040109,0.0960963,0.00549459,0.34014994,-0.09997424,-0.16022408,-0.12261894,-0.16409987,-0.17491552,-0.06357247,-0.0984476,-0.2090269,0.0992892,-0.20202319,-0.31884596,0.21739334,-0.17245141,3210000.04939558,0.10122664,0.11838248,0.07862827,-0.17538312,0.17715587,0.04465253,0.48879692,0.0961509,0.01145084,0.32677221,-0.09643039,-0.1543029,-0.12497282,-0.16145499,-0.17338859,-0.06203055,-0.08596036,-0.20428678,0.10261486,-0.20030318,-0.3176139,0.21220182,-0.17251116,3211000.04984265,0.10029414,0.11571669,0.07359353,-0.16985494,0.17410119,0.05005961,0.49061629,0.09784687,0.02293022,0.34101012,-0.09440994,-0.14862236,-0.12250473,-0.15412328,-0.17029247,-0.05569332,-0.08023822,-0.20377901,0.10032851,-0.20109782,-0.31592607,0.22189316,-0.17678608,3212000.05008951,0.10246359,0.11775867,0.07555186,-0.17227615,0.17225578,0.05172246,0.49491364,0.09767582,0.02028088,0.34818685,-0.09484788,-0.14767027,-0.11951927,-0.16104145,-0.17054552,-0.05841957,-0.0777402,-0.20896858,0.09541768,-0.20498857,-0.31717879,0.23149881,-0.1839679,3213000.05018162,0.10254721,0.11697499,0.07439908,-0.17417462,0.17040604,0.04512954,0.49218416,0.09632177,0.01538693,0.33732036,-0.09870403,-0.148991,-0.12149242,-0.15622227,-0.17322087,-0.05203343,-0.07883065,-0.20922562,0.10715255,-0.2011701,-0.31841293,0.22405708,-0.18022381,3214000.05186638,0.10021725,0.11826347,0.07421001,-0.17511907,0.17020416,0.04350529,0.49349129,0.0968224,0.01317327,0.34194472,-0.10139174,-0.15445758,-0.12324363,-0.15542398,-0.1729489,-0.05639935,-0.07518549,-0.20988177,0.10435739,-0.20257226,-0.3193301,0.21954083,-0.17894948,3215000.05346002,0.10074991,0.11632516,0.07514305,-0.17813511,0.17393644,0.04157463,0.49415404,0.09598216,0.01118612,0.33569002,-0.1000327,-0.15902413,-0.12275879,-0.15923713,-0.17344929,-0.0564348,-0.08925592,-0.20600919,0.10107387,-0.19421226,-0.31844553,0.21748857,-0.17748775,3216000.05658736,0.10466454,0.11568138,0.08066624,-0.1848152,0.17755361,0.04057061,0.48997346,0.09472748,0.00933554,0.3384636,-0.10496242,-0.15814877,-0.12294652,-0.1561456,-0.17186441,-0.05951407,-0.09483267,-0.20581336,0.10693939,-0.194406,-0.3177841,0.22448565,-0.17484389,3217000.05545713,0.1049654,0.12188653,0.08164743,-0.18249051,0.17281204,0.03626017,0.4906981,0.09575175,0.00733966,0.33011034,-0.1017124,-0.15312609,-0.12867227,-0.15867865,-0.17052083,-0.06247699,-0.1050577,-0.21077172,0.10521583,-0.20065403,-0.31741804,0.22175251,-0.17705949,3218000.05709765,0.10859051,0.11964121,0.08485555,-0.1857162,0.17503573,0.04172903,0.48977023,0.09459855,0.00551782,0.34495097,-0.1011963,-0.14886351,-0.12545355,-0.16135709,-0.17109069,-0.05688792,-0.10117607,-0.20316698,0.10484303,-0.19798504,-0.31586725,0.22089729,-0.18155673,3219000.05454328,0.10522543,0.11781844,0.07654236,-0.16895294,0.1747833,0.04370367,0.49178845,0.0954605,0.0162422,0.33343968,-0.1007328,-0.14805466,-0.12079549,-0.15910904,-0.16876672,-0.05807162,-0.08640274,-0.20158063,0.10170164,-0.19450586,-0.31293806,0.22634625,-0.1751865,3220000.0513255,0.09838215,0.11526145,0.07451474,-0.1732149,0.17426372,0.05371052,0.49247032,0.09850427,0.02217919,0.34705389,-0.09596245,-0.1443703,-0.11214388,-0.15905872,-0.16910422,-0.05724072,-0.08251692,-0.20382091,0.10441995,-0.19279435,-0.31359372,0.2206873,-0.17524283,3221000.05209865,0.10440782,0.11643917,0.0789756,-0.17600533,0.17380723,0.04330607,0.49305174,0.09591793,0.01657596,0.33722359,-0.10291031,-0.15488668,-0.12425808,-0.15645616,-0.16979791,-0.05506736,-0.08390817,-0.2042426,0.1026896,-0.19508903,-0.31452745,0.21808341,-0.1801873,3222000.05166588,0.10224247,0.11840133,0.07840771,-0.1747403,0.17569014,0.04592687,0.49056697,0.09329402,0.01482299,0.34122574,-0.09859959,-0.15177605,-0.12552936,-0.15680414,-0.17089561,-0.05289515,-0.09487921,-0.20055471,0.10543081,-0.2010029,-0.31664875,0.22028342,-0.16855587,3223000.05397103,0.10218512,0.12019795,0.07697311,-0.17690156,0.17858373,0.04692371,0.49232519,0.09333479,0.01374536,0.34717622,-0.09773826,-0.13435534,-0.12364765,-0.15650772,-0.17034848,-0.05561803,-0.08686235,-0.20009144,0.10972782,-0.20542905,-0.31640697,0.22403204,-0.18118531,3224000.05256307,0.10773031,0.11876677,0.07962283,-0.18465559,0.18020038,0.04435839,0.49186993,0.09397141,0.01195456,0.34126636,-0.10343427,-0.14864404,-0.1236833,-0.15529235,-0.16986607,-0.05712501,-0.08571183,-0.20206152,0.10777792,-0.20406571,-0.31477854,0.21749961,-0.17855096,3225000.05466739,0.11240187,0.11587982,0.08259178,-0.18256533,0.17844066,0.03651968,0.49092418,0.09330219,0.00835813,0.34091547,-0.10773447,-0.15114282,-0.1189399,-0.15829587,-0.17043833,-0.05513658,-0.08908953,-0.20445225,0.11130264,-0.20098525,-0.3153654,0.22675867,-0.1739088,3226000.05604503,0.11084671,0.12542777,0.08246992,-0.18107361,0.17850602,0.03890962,0.4902283,0.09195644,0.00758149,0.3333481,-0.10258949,-0.15038018,-0.12364021,-0.1584684,-0.16842337,-0.05528083,-0.08721955,-0.20116882,0.10247039,-0.19494978,-0.31260729,0.22423215,-0.17455067,3227000.0498285,0.10526954,0.11896873,0.07477554,-0.16439983,0.17398341,0.04701178,0.49241841,0.09506426,0.02012199,0.34029493,-0.09659036,-0.15998356,-0.11764216,-0.15965576,-0.16628541,-0.05387127,-0.09007791,-0.20454778,0.10583005,-0.19097202,-0.31194887,0.22245471,-0.17948695,3228000.05107925,0.10285194,0.11730902,0.07461867,-0.1693379,0.171176,0.05084166,0.49133599,0.09680778,0.02213711,0.33448088,-0.09690835,-0.14140947,-0.11722061,-0.15441038,-0.16590025,-0.04803813,-0.08206873,-0.2023762,0.10467343,-0.19337922,-0.3115412,0.2222113,-0.17468092,3229000.05392455,0.10500291,0.11921319,0.07693189,-0.173786,0.17000087,0.04283113,0.49100032,0.09667928,0.01770036,0.33295831,-0.09961252,-0.14241876,-0.12095486,-0.15559627,-0.16698681,-0.05389299,-0.07794377,-0.2023825,0.10840269,-0.18565206,-0.31208614,0.21888229,-0.17672969,3230000.05290289,0.10404045,0.11921498,0.07759715,-0.17067602,0.17013998,0.04431195,0.49284762,0.09595825,0.015676,0.33514372,-0.10453586,-0.14479397,-0.12007987,-0.15368652,-0.16685931,-0.05555486,-0.07880597,-0.19999398,0.10469829,-0.19921459,-0.31305835,0.22261257,-0.18238512,3231000.05414121,0.10405971,0.12011346,0.07762783,-0.17699401,0.16811983,0.04248444,0.4944523,0.09404399,0.01415862,0.33650759,-0.09941282,-0.14912881,-0.12408973,-0.15003712,-0.16640127,-0.05330293,-0.07393539,-0.20110761,0.1040157,-0.19358581,-0.3130942,0.22215353,-0.17699246,3232000.05347571,0.10424505,0.11534356,0.08173739,-0.17892109,0.17041746,0.03933869,0.49020737,0.0954157,0.01252965,0.33862805,-0.10333689,-0.14754161,-0.11829238,-0.15456966,-0.16551512,-0.05340511,-0.08037812,-0.20335232,0.107649,-0.19340561,-0.31312862,0.22529697,-0.17033266,3233000.05502364,0.10853295,0.11961113,0.08676402,-0.1824813,0.16947719,0.04210932,0.49102056,0.0933499,0.00980635,0.33820373,-0.1030053,-0.1485761,-0.12138719,-0.15761572,-0.16708405,-0.05218247,-0.07496518,-0.20282833,0.10089253,-0.19076224,-0.31195575,0.224472,-0.16846856,3234000.05711382,0.10741933,0.11980763,0.083542,-0.17627744,0.17171094,0.03860321,0.49354935,0.09303761,0.00997,0.33576244,-0.09979715,-0.1464273,-0.12808909,-0.1560771,-0.1669486,-0.05273705,-0.07794578,-0.20153311,0.10846592,-0.18906628,-0.31077665,0.22365437,-0.16954786,3235000.05262521,0.10149861,0.11753635,0.07445361,-0.16572271,0.16486892,0.05078882,0.49232519,0.09372889,0.02253807,0.33678001,-0.09340364,-0.14276814,-0.12033024,-0.15469845,-0.16450556,-0.05718519,-0.0787648,-0.19802605,0.10706268,-0.18915474,-0.30823684,0.2214521,-0.16891742,3236000.05010261,0.1036153,0.11983236,0.07391662,-0.1661125,0.17133695,0.04948516,0.49435088,0.09500911,0.0242953,0.34574673,-0.09394927,-0.13446042,-0.1200214,-0.15553579,-0.16295859,-0.04948118,-0.08005448,-0.19680446,0.10673524,-0.1915008,-0.30995366,0.22108398,-0.17241213,3237000.04866554,0.10314576,0.11853892,0.07701763,-0.17382815,0.16879256,0.04223184,0.49467137,0.09338614,0.01929187,0.34626392,-0.09865746,-0.15330753,-0.12244391,-0.15575516,-0.1618972,-0.05417825,-0.0703079,-0.19991535,0.10886256,-0.20171201,-0.31126732,0.22748518,-0.1759792,3238000.05002515,0.09955366,0.11657151,0.0744281,-0.17490797,0.16766977,0.0456926,0.49347189,0.09439227,0.01750698,0.33421871,-0.10240421,-0.14567207,-0.12148144,-0.15478157,-0.16425876,-0.05396654,-0.07080682,-0.20120291,0.10876158,-0.19168934,-0.31215483,0.2212683,-0.17205623,3239000.0503188,0.10244399,0.11727291,0.07722535,-0.17607215,0.16687636,0.04318434,0.49396339,0.09464205,0.01549535,0.33975309,-0.10523965,-0.14842461,-0.12407368,-0.15458508,-0.16583718,-0.05404336,-0.07329683,-0.20026374,0.11315846,-0.19423126,-0.31308785,0.2199451,-0.17158169,3240000.05271721,0.10597035,0.12047583,0.07926571,-0.18098779,0.16978383,0.03813314,0.49252644,0.09170584,0.01183966,0.33183625,-0.09977702,-0.15238146,-0.12171444,-0.15526232,-0.16540599,-0.05252749,-0.09000736,-0.1982612,0.10796068,-0.192918,-0.3128055,0.22587284,-0.17148429,3241000.05415647,0.10638902,0.11645962,0.08187492,-0.18053932,0.17023446,0.0387902,0.49407884,0.09233736,0.01048565,0.33316833,-0.10326634,-0.15074506,-0.12014063,-0.15659378,-0.16578622,-0.05500637,-0.08803879,-0.20056762,0.10562802,-0.19394943,-0.31034312,0.22500995,-0.17151719,3242000.05056729,0.10469915,0.12025613,0.07894476,-0.18063901,0.17041795,0.03856421,0.49130267,0.08965469,0.0106387,0.33113599,-0.10128157,-0.14987959,-0.12462535,-0.15585659,-0.16432017,-0.05547988,-0.07156075,-0.20025805,0.10390981,-0.18986468,-0.30885413,0.22616556,-0.16834623,3243000.0478792,0.09953025,0.11643917,0.07246,-0.16742989,0.17191406,0.04279875,0.49138027,0.09139761,0.02251256,0.34389737,-0.09993225,-0.15087169,-0.12408949,-0.15789837,-0.16166785,-0.05238114,-0.06673189,-0.19658777,0.1022682,-0.19057904,-0.30888936,0.22002015,-0.17588115,3244000.04705792,0.09907746,0.11584026,0.07048673,-0.17382954,0.17144385,0.0426448,0.48995203,0.09285051,0.02198895,0.34326655,-0.09981915,-0.14217994,-0.11680751,-0.15562879,-0.16238451,-0.05631197,-0.06728465,-0.19821934,0.107252,-0.19511697,-0.31187546,0.22109824,-0.18023705,3245000.04905066,0.09873769,0.11799946,0.07490914,-0.17475776,0.16513525,0.04079507,0.49409339,0.09116277,0.01793109,0.33138415,-0.10268756,-0.14329141,-0.1221175,-0.15474735,-0.16202942,-0.05581259,-0.07351889,-0.19970116,0.10753008,-0.19338973,-0.31420451,0.22025885,-0.17324182,3246000.0483227,0.10041419,0.11659326,0.07385284,-0.1775263,0.16662809,0.03401111,0.49394032,0.08835667,0.01666671,0.32808298,-0.10917163,-0.14513931,-0.12458213,-0.15225199,-0.16462286,-0.05715573,-0.09150165,-0.19740659,0.10580777,-0.20409033,-0.31548071,0.22695811,-0.17489357,3247000.0503188,0.10322586,0.11917701,0.07414056,-0.18433255,0.16544129,0.03809791,0.49426198,0.08685908,0.01353443,0.33360076,-0.10753534,-0.14488538,-0.12174394,-0.15213729,-0.16522053,-0.05990545,-0.08619714,-0.19737639,0.10928129,-0.1947481,-0.31456235,0.22670938,-0.18196562,3248000.05034943,0.10271247,0.11895034,0.07802585,-0.18800826,0.16771097,0.03807744,0.49594691,0.08560377,0.01110537,0.33177105,-0.11745501,-0.15209086,-0.12900643,-0.15397225,-0.16421743,-0.05949779,-0.08028252,-0.20206065,0.10646958,-0.1903175,-0.3139495,0.22406863,-0.17612097,3249000.0511838,0.10260721,0.11926403,0.07891206,-0.18993822,0.16974233,0.03717554,0.49354339,0.08701136,0.00680817,0.32884037,-0.1158139,-0.15266263,-0.12886859,-0.15643986,-0.16539316,-0.05642136,-0.08151303,-0.20066383,0.10579595,-0.19436763,-0.31381515,0.22114709,-0.16907133,3250000.05061249,0.10181157,0.11805908,0.07746918,-0.18724246,0.16914496,0.03444906,0.49216679,0.08819541,0.00805211,0.32453391,-0.1085628,-0.15604067,-0.13039443,-0.15546891,-0.16625114,-0.05763216,-0.08312232,-0.20025237,0.10762319,-0.19767101,-0.31487286,0.22567484,-0.17229661,3251000.04769151,0.09576567,0.11463758,0.06997754,-0.17877181,0.16614452,0.04173188,0.4923459,0.08755691,0.01903493,0.32569438,-0.1051029,-0.16332889,-0.12205537,-0.15567836,-0.16136661,-0.05863335,-0.06811952,-0.20110488,0.09950463,-0.18751602,-0.31193417,0.2206939,-0.1775073,3252000.04674802,0.09661578,0.11793945,0.06946359,-0.17347878,0.17010692,0.04003611,0.49233201,0.08976895,0.02007163,0.33576816,-0.10720573,-0.15035878,-0.11688383,-0.15609719,-0.16478862,-0.05763337,-0.07755526,-0.1984632,0.10526046,-0.191622,-0.31522346,0.21504883,-0.17746064,3253000.04667054,0.09765194,0.12144968,0.07100629,-0.1827051,0.16800912,0.03469418,0.49527776,0.08746333,0.01541175,0.32857269,-0.10698389,-0.15439069,-0.12373101,-0.15539049,-0.16619384,-0.055753,-0.08022092,-0.19676484,0.10455287,-0.19716278,-0.31831044,0.21601523,-0.18420906,3254000.04904822,0.09573746,0.11768238,0.07262953,-0.18436562,0.164941,0.03291839,0.4944914,0.08668499,0.01291927,0.32494003,-0.11211078,-0.15099855,-0.1284025,-0.15395284,-0.16619898,-0.05979171,-0.07191318,-0.20275457,0.10295701,-0.19823015,-0.31888369,0.22137645,-0.19024463,3255000.0484916,0.09784296,0.11844205,0.0736938,-0.19021554,0.17005068,0.03494607,0.49184638,0.08928985,0.0112111,0.32544276,-0.11378446,-0.14899184,-0.12668134,-0.15266101,-0.16557446,-0.06537746,-0.08002373,-0.19977835,0.11085352,-0.20000921,-0.32007837,0.22318177,-0.1863557,3256000.05019446,0.09957912,0.1204924,0.07354259,-0.19315755,0.16743143,0.02856699,0.49636921,0.08713143,0.00902756,0.33269018,-0.11706866,-0.15482491,-0.13212278,-0.15056719,-0.16517299,-0.06463183,-0.07261931,-0.19845103,0.1044707,-0.20816901,-0.32097819,0.21793173,-0.1818683,3257000.05047373,0.10097704,0.12136942,0.07559418,-0.19655499,0.16757125,0.03150251,0.49456048,0.08783872,0.00500969,0.33421338,-0.11648221,-0.15105721,-0.12598871,-0.15245961,-0.16614634,-0.06358112,-0.07852795,-0.20063171,0.10525406,-0.19849639,-0.32034969,0.22648053,-0.17679979,3258000.05277955,0.09566253,0.11918165,0.074832,-0.19357628,0.16949745,0.03267103,0.49051678,0.08567321,0.00645658,0.31694269,-0.11784571,-0.15478808,-0.13185629,-0.15452808,-0.1661213,-0.06521724,-0.08540558,-0.19840303,0.10735105,-0.18905851,-0.31929061,0.22106817,-0.17860864,3259000.04716839,0.09120347,0.11488229,0.06870671,-0.18320487,0.17023595,0.03581405,0.49370539,0.08835622,0.01837507,0.33202222,-0.10804351,-0.15425976,-0.12561694,-0.15289955,-0.16492946,-0.06185432,-0.08626367,-0.19677712,0.10471964,-0.20149659,-0.31864068,0.22377335,-0.19267672,3260000.0468559,0.0916987,0.11588193,0.06835941,-0.18865263,0.16433223,0.03369644,0.4940576,0.08685713,0.01586138,0.33632413,-0.11228248,-0.15794119,-0.12189253,-0.14971817,-0.16516213,-0.06256501,-0.08471155,-0.19994649,0.11269407,-0.21086054,-0.32170182,0.22206801,-0.1886292,3261000.0474425,0.09270129,0.11815754,0.07018987,-0.18725544,0.16720583,0.03520959,0.49337584,0.08522135,0.01050911,0.32830653,-0.11133951,-0.15853712,-0.12752655,-0.14711329,-0.1675223,-0.06103875,-0.07165432,-0.19929783,0.10489419,-0.20613475,-0.32293788,0.22038403,-0.1928573,3262000.04774961,0.09252453,0.11450589,0.07159324,-0.19229054,0.16253792,0.03869967,0.49285212,0.08639453,0.00967549,0.33092275,-0.11152845,-0.16386554,-0.12990502,-0.14924251,-0.16757306,-0.06126669,-0.0819669,-0.19864286,0.103881,-0.20778905,-0.32459107,0.21821946,-0.18827148,3263000.04818426,0.09338626,0.11703473,0.07205112,-0.19671702,0.16679962,0.02831067,0.49371868,0.08485854,0.00895986,0.32545868,-0.11325419,-0.15301688,-0.12550737,-0.15306439,-0.16716686,-0.0653372,-0.07953089,-0.20265144,0.10282235,-0.21493456,-0.32414553,0.21516958,-0.18507943,3264000.04963778,0.09550156,0.11473315,0.07358406,-0.20114003,0.16844711,0.02957076,0.49396339,0.08421589,0.00626633,0.33582288,-0.11703458,-0.15764424,-0.12615262,-0.15553743,-0.1686933,-0.06221547,-0.08243461,-0.19807963,0.11028151,-0.20613988,-0.32279235,0.21976571,-0.18281621,3265000.05019446,0.09490704,0.11631206,0.07677931,-0.20145412,0.17267425,0.02784058,0.49409255,0.0844926,0.00359738,0.33621457,-0.11583129,-0.15877843,-0.12648875,-0.15144177,-0.16862085,-0.06265075,-0.08145588,-0.20053285,0.11042754,-0.21174641,-0.32335669,0.2180085,-0.18217464,3266000.04576364,0.09001926,0.11819849,0.06836795,-0.19013464,0.16614452,0.03786272,0.4937779,0.08499289,0.01214381,0.33722359,-0.10676297,-0.15184897,-0.12844181,-0.15122931,-0.16575766,-0.06100131,-0.06891417,-0.20016313,0.10750749,-0.20374943,-0.32084322,0.22136281,-0.186333,3267000.04244037,0.08861332,0.1128303,0.06563528,-0.18921937,0.16756192,0.03669826,0.49244189,0.08605766,0.01972855,0.33588159,-0.10584585,-0.14498132,-0.12877031,-0.15145633,-0.16618304,-0.06274098,-0.07999867,-0.20118947,0.10041705,-0.21070011,-0.32118395,0.21794301,-0.18786252,3268000.0453394,0.09091029,0.11512255,0.06939412,-0.19564401,0.16164109,0.02859233,0.48995289,0.0852336,0.01473002,0.33484057,-0.1097521,-0.15079942,-0.13031241,-0.15297787,-0.16782358,-0.06175413,-0.08903524,-0.20107864,0.10670138,-0.20707232,-0.32599476,0.21536073,-0.18565379,3269000.0490787,0.08867806,0.11874793,0.06782232,-0.19759969,0.16018346,0.02761241,0.49235335,0.08529016,0.01171929,0.32913679,-0.10770679,-0.16088215,-0.13378532,-0.15379182,-0.16933581,-0.06107051,-0.08979224,-0.20165819,0.11138383,-0.20264575,-0.32842067,0.21921538,-0.20291533,3270000.04623586,0.0905786,0.11725859,0.06860809,-0.19997104,0.16487809,0.02802187,0.49385837,0.0841097,0.00943972,0.3234174,-0.11268307,-0.15999636,-0.12173732,-0.15291797,-0.16952305,-0.06708211,-0.08644772,-0.19534431,0.10689366,-0.20744497,-0.32892758,0.21447909,-0.19466671,3271000.04623586,0.09132092,0.11804857,0.06978179,-0.2060654,0.16274874,0.02538365,0.49313092,0.08306679,0.00827379,0.331283,-0.11368808,-0.16805238,-0.12817353,-0.1520023,-0.17128937,-0.06666898,-0.08633718,-0.20153628,0.1034546,-0.20856509,-0.32801971,0.21854438,-0.19022614,3272000.05044126,0.09116467,0.11841475,0.07216077,-0.20849496,0.16662809,0.02638393,0.49161163,0.08581958,0.00621126,0.33010375,-0.114581,-0.15974328,-0.12968723,-0.15096882,-0.16898802,-0.06500171,-0.07509279,-0.2050561,0.101221,-0.21354468,-0.32769707,0.22405799,-0.19345196,3273000.04889569,0.09444539,0.11535332,0.0731642,-0.20635408,0.16784102,0.02412951,0.49030033,0.08307625,0.00528895,0.32558408,-0.11419466,-0.1554502,-0.12509985,-0.15107155,-0.16950949,-0.06677268,-0.08269654,-0.20508862,0.10635568,-0.2077048,-0.32807174,0.22769649,-0.19536887,3274000.04506678,0.08669772,0.11212973,0.06542743,-0.19186097,0.17207502,0.03764788,0.48873147,0.08658535,0.01825491,0.32816571,-0.10289837,-0.15393104,-0.12430084,-0.14469928,-0.16711785,-0.06538294,-0.07636113,-0.20235771,0.10440565,-0.20441818,-0.32571498,0.22029419,-0.19485693,3275000.0452655,0.0838105,0.11405502,0.06352662,-0.19489266,0.170342,0.03165914,0.49104062,0.08681224,0.01791148,0.32567406,-0.10512826,-0.14903086,-0.12873456,-0.14524069,-0.16743109,-0.06367828,-0.07517909,-0.20093398,0.10291623,-0.2029344,-0.32816848,0.22280431,-0.2014125,3276000.04664015,0.08351525,0.11512255,0.06739335,-0.20418364,0.16978383,0.02791163,0.49298793,0.08421847,0.0138937,0.33451563,-0.10878154,-0.1453201,-0.12822115,-0.14468153,-0.17157999,-0.06895952,-0.07964002,-0.20645489,0.10726124,-0.21343753,-0.33237645,0.21627052,-0.19865553,3277000.04405953,0.08109586,0.11703139,0.06717467,-0.20678212,0.17234163,0.02756569,0.49255109,0.08211428,0.01185922,0.32525194,-0.11185177,-0.15794206,-0.13328107,-0.1448299,-0.17362212,-0.07118092,-0.08534699,-0.20472403,0.10900117,-0.21867926,-0.33307564,0.21600029,-0.19907166,3278000.04603355,0.08303145,0.11399716,0.06597237,-0.21021616,0.16972987,0.02274581,0.49307534,0.0802404,0.00901949,0.32892326,-0.10939056,-0.14947149,-0.13211159,-0.147848,-0.1739917,-0.06971743,-0.08743425,-0.20505504,0.10441528,-0.2212498,-0.33354151,0.22280841,-0.20698266,3279000.04567979,0.08558823,0.11922634,0.07023012,-0.21480264,0.16507505,0.01761375,0.49117264,0.08144948,0.00728779,0.33403844,-0.1154839,-0.14857288,-0.13509388,-0.14636083,-0.17187901,-0.06565627,-0.08206815,-0.20898114,0.1049646,-0.21831648,-0.33416846,0.22371638,-0.19661224,3280000.04798219,0.08630969,0.12136493,0.07250044,-0.22061402,0.16852872,0.02012078,0.49111894,0.08101648,0.00382882,0.32645878,-0.11354758,-0.15607245,-0.13380225,-0.15199637,-0.17635366,-0.07056671,-0.0934397,-0.21078196,0.11247829,-0.21459961,-0.33380964,0.2209312,-0.19836594,3281000.0468088,0.08345063,0.11816342,0.06923439,-0.21131055,0.16884392,0.02081747,0.49486288,0.08064398,0.00452107,0.3226487,-0.11216931,-0.15873745,-0.13615417,-0.14491546,-0.17615631,-0.07443453,-0.08892906,-0.20583074,0.10401213,-0.21888804,-0.33277121,0.21911055,-0.19674347,3282000.04272017,0.0799083,0.11510589,0.06371818,-0.20075567,0.16752292,0.02686335,0.49602759,0.08497119,0.01706214,0.32675305,-0.10960829,-0.14689533,-0.13383098,-0.14068787,-0.17361763,-0.06903452,-0.08783385,-0.2066073,0.10569409,-0.2193615,-0.33232445,0.21683908,-0.19542558,3283000.04622235,0.079258,0.11618684,0.06442916,-0.20545608,0.16710182,0.03002015,0.49484473,0.08387674,0.01558172,0.33779097,-0.10560547,-0.14497887,-0.1330813,-0.1425042,-0.17640121,-0.07084798,-0.08088485,-0.20973502,0.1014452,-0.22268511,-0.33523351,0.22218539,-0.20624125,3284000.04396485,0.07869751,0.1202564,0.0657309,-0.2135068,0.16622195,0.02415263,0.49786884,0.0812509,0.01139399,0.32428646,-0.10792208,-0.15263763,-0.13880113,-0.14648947,-0.17654324,-0.07370304,-0.08227541,-0.21086162,0.10674331,-0.2280394,-0.33797693,0.21666604,-0.20888916,3285000.045137,0.07527753,0.11963814,0.06546218,-0.21360745,0.1649809,0.02238149,0.49486849,0.08199824,0.00970357,0.31940344,-0.11029401,-0.15196712,-0.13921559,-0.14366345,-0.17964426,-0.07721493,-0.08898256,-0.21091105,0.1079475,-0.22875862,-0.33987966,0.21332207,-0.2104232,3286000.04495167,0.07792231,0.11634501,0.06715426,-0.21548839,0.16576156,0.01888498,0.49740738,0.0812265,0.00850695,0.33355698,-0.10946823,-0.15857153,-0.13544323,-0.1468803,-0.17932951,-0.07055797,-0.09381432,-0.20840321,0.10871825,-0.23994249,-0.34105748,0.21723762,-0.20156403,3287000.04915624,0.08038363,0.1182595,0.07038966,-0.22132151,0.16809061,0.01965113,0.49558696,0.07873003,0.00517022,0.33515012,-0.11433315,-0.14767663,-0.13244878,-0.14588265,-0.18200873,-0.07906388,-0.09283403,-0.21173792,0.10328753,-0.22877882,-0.34166974,0.21696255,-0.20641842,3288000.04923378,0.08372395,0.11778442,0.07148502,-0.22608237,0.16665961,0.0200323,0.49533394,0.07903168,0.00293093,0.33138564,-0.11698042,-0.15490635,-0.14292502,-0.1462225,-0.18255715,-0.07950917,-0.08517706,-0.21215816,0.10315955,-0.2219895,-0.34169149,0.22098979,-0.21080251,3289000.05123065,0.08417146,0.11970484,0.07072713,-0.22407225,0.17099372,0.02077655,0.49152821,0.07863773,0.00275778,0.32894549,-0.11411614,-0.16216344,-0.1432749,-0.1417428,-0.1829372,-0.07884996,-0.09324206,-0.20978473,0.1071657,-0.23216146,-0.33943135,0.21865767,-0.21035972,3290000.04878985,0.07798736,0.12184586,0.06508917,-0.20897864,0.17047106,0.01640788,0.49185076,0.07980581,0.01085524,0.32412708,-0.10746282,-0.16460165,-0.14684474,-0.14182445,-0.18034402,-0.07663568,-0.08487611,-0.2131792,0.1092403,-0.22752547,-0.33757851,0.2136987,-0.20671919,3291000.0448647,0.07909984,0.11641059,0.06328762,-0.21190253,0.16773324,0.02503422,0.49285254,0.08337829,0.01771629,0.33495671,-0.10269234,-0.1550719,-0.14022867,-0.13974676,-0.17834462,-0.07723719,-0.08772048,-0.21116789,0.10397993,-0.23195504,-0.33931026,0.21614733,-0.20884548,3292000.04602017,0.07816019,0.12236712,0.06472722,-0.21480417,0.16822153,0.01745267,0.49727696,0.08070567,0.01317759,0.33266303,-0.1068934,-0.15924352,-0.14201739,-0.13764253,-0.18281828,-0.07470066,-0.09463049,-0.21008703,0.10614068,-0.23332307,-0.34333357,0.21013056,-0.20523846,3293000.04758085,0.07602952,0.11994725,0.06452961,-0.21965314,0.16622195,0.01878511,0.49705818,0.07797715,0.01051828,0.3278847,-0.10677794,-0.14764655,-0.14031275,-0.14262825,-0.18316554,-0.07715286,-0.08635149,-0.21192563,0.10311917,-0.22561771,-0.3449305,0.21681558,-0.21149439,3294000.04520135,0.07597626,0.11826301,0.06439094,-0.22471389,0.1681582,0.01736007,0.49390617,0.07967857,0.01036853,0.3329663,-0.10903311,-0.15120874,-0.13759342,-0.14417306,-0.18409409,-0.08051619,-0.07659785,-0.21545531,0.10180449,-0.23620203,-0.34447512,0.21967191,-0.21359991,3295000.04796834,0.07805781,0.12068386,0.06581312,-0.22299698,0.1663564,0.01729299,0.49567524,0.08014699,0.00781171,0.33038908,-0.10871574,-0.16839419,-0.13679613,-0.14495678,-0.18658307,-0.08201617,-0.09587312,-0.21435478,0.1000206,-0.23109038,-0.34482384,0.21617007,-0.20990889,3296000.04966834,0.08054573,0.12428936,0.06831948,-0.22633877,0.17105749,0.01573163,0.4974995,0.07963101,0.00563961,0.32367566,-0.10690847,-0.15835246,-0.14253861,-0.14692692,-0.18664339,-0.08509329,-0.08629836,-0.21383855,0.10927904,-0.22719251,-0.34333554,0.22029802,-0.20707566,3297000.04671763,0.08336001,0.1256166,0.07170285,-0.22890435,0.17342375,0.01295895,0.49131134,0.07970082,0.00435857,0.3259514,-0.11007825,-0.16649254,-0.14051744,-0.147256,-0.18668979,-0.07956822,-0.08728121,-0.21625935,0.11512912,-0.23252784,-0.34287646,0.21616052,-0.20157404,3298000.04960908,0.07846243,0.11976729,0.06809052,-0.2234614,0.1668895,0.02255232,0.49245459,0.08043799,0.00923359,0.33626351,-0.10626265,-0.16188966,-0.14350761,-0.140136,-0.18319166,-0.08072903,-0.07986716,-0.21729426,0.11035898,-0.22446352,-0.3406378,0.22009766,-0.20089734,3299000.04846587,0.07328559,0.11720423,0.06367711,-0.20526969,0.16804403,0.02399046,0.49480313,0.08136874,0.02059023,0.33686733,-0.09533355,-0.14922467,-0.13906851,-0.13574091,-0.18359244,-0.07452229,-0.09211603,-0.21216887,0.10593753,-0.22969741,-0.34016749,0.21982408,-0.20528437,3300000.04793787,0.0766781,0.11843598,0.06476861,-0.21639997,0.16792339,0.02408245,0.4953064,0.08307877,0.01856659,0.33477288,-0.0971975,-0.15868609,-0.1357829,-0.13992028,-0.18670526,-0.07569981,-0.08425689,-0.21336979,0.11047439,-0.22652185,-0.34271207,0.22076201,-0.20713465,3301000.0474425,0.07695657,0.11460973,0.06759319,-0.21937676,0.1666958,0.02174395,0.49699131,0.08315392,0.0147514,0.33487451,-0.09585076,-0.15718167,-0.13844851,-0.14359114,-0.18856257,-0.07484374,-0.08470833,-0.21825512,0.10493778,-0.23320433,-0.34219566,0.22233088,-0.20820086,3302000.04926671,0.07356576,0.11789988,0.0674541,-0.21851763,0.16618156,0.02336754,0.49550262,0.08034629,0.01506045,0.33384198,-0.09806382,-0.15411158,-0.14215852,-0.1451315,-0.18752824,-0.07551283,-0.08846573,-0.21449268,0.10566694,-0.23240753,-0.34307134,0.21910079,-0.20704915,3303000.04900371,0.08036564,0.12181615,0.06979205,-0.21975066,0.16700269,0.01926382,0.49527776,0.08123128,0.01372037,0.33258125,-0.09187613,-0.14985177,-0.14247382,-0.14496373,-0.18899536,-0.07392719,-0.07453905,-0.21617822,0.10762715,-0.22896431,-0.34279671,0.22021176,-0.20466867,3304000.04770542,0.08239927,0.12282877,0.07416307,-0.22105445,0.16991089,0.01954399,0.49626723,0.08126436,0.01144567,0.33002713,-0.089864,-0.15102027,-0.14502309,-0.14289784,-0.18977381,-0.07238398,-0.09209772,-0.21631925,0.10436439,-0.22815818,-0.34118035,0.22228351,-0.20397159,3305000.05124678,0.08403419,0.11580396,0.07454939,-0.22695428,0.17297374,0.01997161,0.49617362,0.08324143,0.00936544,0.32881209,-0.09179514,-0.1524038,-0.14452675,-0.14020072,-0.1902405,-0.07471153,-0.10317418,-0.21681595,0.10415459,-0.22703415,-0.3405332,0.22435902,-0.20009528,3306000.04970095,0.08100607,0.12350988,0.0718066,-0.22118737,0.1708774,0.02208102,0.49329922,0.08346932,0.00986034,0.33449414,-0.09174171,-0.16441946,-0.14345802,-0.14156605,-0.190394,-0.07661032,-0.10408168,-0.21567884,0.10514117,-0.22616972,-0.33940232,0.22238593,-0.1999893,3307000.04710739,0.07753361,0.12058413,0.06595405,-0.20227234,0.17059965,0.02844163,0.49742362,0.08453165,0.02389275,0.33484057,-0.08098023,-0.15880767,-0.13843715,-0.14293911,-0.18847379,-0.07098022,-0.08858193,-0.21506904,0.10865624,-0.22442767,-0.33645076,0.22883531,-0.20713377,3308000.0463028,0.08045952,0.1204376,0.06478013,-0.20380269,0.17264219,0.03040995,0.49607241,0.08606581,0.02562738,0.33709264,-0.07721698,-0.14475688,-0.13705167,-0.1457126,-0.18910845,-0.06618696,-0.08337989,-0.21415654,0.09853678,-0.22524263,-0.33686638,0.22522335,-0.21074508,3309000.04648809,0.07915524,0.11857837,0.06706659,-0.2074127,0.16728246,0.02776347,0.49213594,0.08653274,0.02016588,0.34143764,-0.07949088,-0.1431517,-0.13144816,-0.14275801,-0.18939632,-0.06858844,-0.09197985,-0.21635368,0.10429541,-0.22550836,-0.33744228,0.21624196,-0.20770022,3310000.04805971,0.07844092,0.11714665,0.06746443,-0.21063398,0.16538692,0.02833015,0.49453959,0.08335672,0.01981332,0.32758448,-0.07353879,-0.15045975,-0.1362831,-0.14422299,-0.19004136,-0.07012581,-0.08465241,-0.2164485,0.10903062,-0.22065191,-0.33750111,0.22958218,-0.20427601,3311000.04686955,0.08059009,0.12170392,0.06888636,-0.20987807,0.16844288,0.02548837,0.49545452,0.08518046,0.01916636,0.32881194,-0.07886694,-0.15600318,-0.13380705,-0.14325602,-0.18967579,-0.07003456,-0.08524664,-0.21393012,0.10472222,-0.23127568,-0.33664376,0.22100095,-0.20487316,3312000.0474425,0.0894368,0.11880542,0.07235827,-0.21386366,0.17014597,0.02351471,0.49509174,0.08717504,0.01548888,0.34530151,-0.07853515,-0.15394594,-0.13746028,-0.14568795,-0.18991439,-0.07263004,-0.10334602,-0.21425171,0.10519976,-0.22210944,-0.33730048,0.22090377,-0.20610769,3313000.05033316,0.0906018,0.11937124,0.07618075,-0.21281427,0.17312349,0.02398874,0.49275818,0.08616681,0.01327065,0.33221361,-0.08042659,-0.15911382,-0.13768192,-0.14700849,-0.1896417,-0.06808905,-0.09498877,-0.21625532,0.10803954,-0.2184981,-0.33539173,0.22822684,-0.19562754,3314000.05319596,0.08701855,0.12126108,0.07812918,-0.21308759,0.17056516,0.0277416,0.49488354,0.08708795,0.01114192,0.33138883,-0.07284041,-0.15456188,-0.13763121,-0.14225309,-0.1912993,-0.06948648,-0.09828937,-0.21552064,0.11220977,-0.22496641,-0.33298525,0.22766457,-0.20123349,3315000.05366142,0.08716691,0.11985997,0.0755461,-0.2029992,0.17046063,0.0276894,0.4924711,0.09016494,0.01630512,0.33534843,-0.06981233,-0.14775562,-0.13681677,-0.14609115,-0.18804635,-0.0678333,-0.08438643,-0.21645617,0.1016288,-0.2151781,-0.32973287,0.22898385,-0.20101608,3316000.04707688,0.0846072,0.11530542,0.07041563,-0.19279164,0.16899692,0.03900851,0.49762127,0.08923962,0.02977202,0.33876735,-0.06747851,-0.14603561,-0.13681698,-0.14662781,-0.18605871,-0.06758895,-0.09046318,-0.21116056,0.10405454,-0.22088817,-0.32717678,0.22681017,-0.19586557,3317000.05134028,0.08920178,0.12235208,0.06989129,-0.19175303,0.16949484,0.02959307,0.49898168,0.08861382,0.02810079,0.33348954,-0.06116053,-0.14364482,-0.13318342,-0.14456476,-0.187447,-0.06966298,-0.08141434,-0.21151461,0.10660785,-0.21828093,-0.33004695,0.22519186,-0.20042613,3318000.04959084,0.09142392,0.1224919,0.07023943,-0.20032141,0.16581586,0.03038677,0.49701062,0.08958334,0.02348955,0.32809585,-0.06295611,-0.14831915,-0.1318672,-0.14714104,-0.18797268,-0.07116103,-0.07673334,-0.215326,0.10328753,-0.22863789,-0.3304666,0.22676219,-0.19744845,3319000.05095126,0.09209717,0.1215619,0.07083669,-0.198479,0.16703428,0.02930432,0.49840882,0.09124584,0.02259045,0.33149388,-0.06144699,-0.15179977,-0.1282966,-0.14639717,-0.18929176,-0.06808622,-0.07986965,-0.21244368,0.10786924,-0.21877907,-0.32912171,0.22903168,-0.20198557,3320000.05327345,0.09544977,0.12519597,0.07210054,-0.19760758,0.1713026,0.03286523,0.49643123,0.09112052,0.02061441,0.33775935,-0.07061517,-0.14861625,-0.13143584,-0.14825863,-0.18922679,-0.06630239,-0.08939918,-0.21114326,0.11189441,-0.21619128,-0.32807377,0.22123219,-0.1979769,3321000.05463642,0.09709805,0.12838119,0.07791583,-0.19988783,0.17349844,0.03079838,0.49472883,0.0903537,0.01759515,0.33268917,-0.0704148,-0.15228286,-0.12978998,-0.14641376,-0.18977602,-0.06595015,-0.08332829,-0.21190619,0.10822956,-0.22648159,-0.32685745,0.22650358,-0.19119725,3322000.05686707,0.09972811,0.12210192,0.08090959,-0.20219289,0.17478389,0.03150722,0.49417326,0.08929315,0.0148649,0.33105251,-0.06838791,-0.14056657,-0.13010582,-0.14870809,-0.18905473,-0.06437367,-0.1017796,-0.21212864,0.10234855,-0.22028962,-0.32633364,0.22690907,-0.18560086,3323000.05558115,0.09946219,0.12458173,0.08176839,-0.20327954,0.17343432,0.03103426,0.49610305,0.09016238,0.01344423,0.32700148,-0.06301238,-0.14289691,-0.12758045,-0.15268347,-0.18898617,-0.06959334,-0.09933237,-0.21153171,0.10634806,-0.21263379,-0.32420966,0.22558534,-0.19631888,3324000.05626194,0.09671598,0.12297974,0.07594812,-0.18739112,0.17077067,0.03366656,0.49491954,0.09344157,0.02225119,0.33534887,-0.05425809,-0.13758688,-0.11964692,-0.14728738,-0.18668677,-0.06768019,-0.08047401,-0.20948473,0.10808846,-0.20897201,-0.32113612,0.22411485,-0.18815888,3325000.05409486,0.09488167,0.1223852,0.07010615,-0.18436231,0.16847208,0.03965576,0.4975974,0.09445956,0.03057308,0.33665794,-0.05052102,-0.13554297,-0.11791778,-0.1462477,-0.18510754,-0.06608065,-0.08852764,-0.20838308,0.10487223,-0.20483693,-0.31979552,0.2245017,-0.19159763,3326000.05468296,0.09746491,0.12530984,0.07365974,-0.18733016,0.175116,0.0403433,0.49726653,0.09455759,0.02718293,0.34068552,-0.05038203,-0.13891806,-0.12261046,-0.14800163,-0.18562165,-0.05886417,-0.08440036,-0.20776337,0.10275845,-0.21551776,-0.32065636,0.23082992,-0.19863935,3327000.05380062,0.09706236,0.12218469,0.07692603,-0.18853866,0.17488025,0.04112788,0.49741548,0.09434139,0.02449244,0.34540296,-0.05175976,-0.13329938,-0.11741187,-0.14788924,-0.18572646,-0.05904372,-0.0944669,-0.20672798,0.10161839,-0.21153317,-0.32161281,0.23009895,-0.19441855,3328000.05457459,0.09785426,0.12294498,0.0763701,-0.18512176,0.17377707,0.03484864,0.49856764,0.09527534,0.02496943,0.34245664,-0.05066752,-0.13817541,-0.1171331,-0.15127341,-0.18641084,-0.06005405,-0.08586178,-0.20788646,0.10375972,-0.20884031,-0.32084742,0.22779226,-0.19221747,3329000.05332088,0.10029024,0.12483343,0.07926571,-0.19037631,0.17140034,0.04086221,0.49878928,0.0955406,0.02290087,0.33326921,-0.05750329,-0.15421577,-0.11238588,-0.14931257,-0.18494871,-0.06066406,-0.0928218,-0.2030652,0.09846991,-0.20497748,-0.3201642,0.22770251,-0.19506754,3330000.05400157,0.10653956,0.12550925,0.08213018,-0.19100477,0.17615508,0.03474616,0.49838084,0.09492422,0.01952286,0.34109432,-0.05965832,-0.13430011,-0.11754003,-0.1506725,-0.18667527,-0.0612292,-0.09206272,-0.20473163,0.10717441,-0.20760442,-0.31847453,0.23324622,-0.19245808,3331000.0565416,0.10629063,0.12427237,0.08011544,-0.19436522,0.17919874,0.0365936,0.49647167,0.09532601,0.01780999,0.3328608,-0.05672572,-0.13635026,-0.11359416,-0.1515927,-0.18468764,-0.05923589,-0.10342459,-0.20922123,0.11576426,-0.20222573,-0.31818017,0.23107603,-0.18597257,3332000.05485311,0.1011746,0.12238935,0.07548299,-0.18534464,0.17780192,0.03734967,0.49424559,0.09535024,0.02137065,0.34103104,-0.05105824,-0.14050412,-0.11500333,-0.14723575,-0.18280292,-0.05663817,-0.09200975,-0.20421815,0.11120197,-0.19622567,-0.31566861,0.23015836,-0.18098827,3333000.05066177,0.09745254,0.12230359,0.07104663,-0.17094322,0.17736228,0.04310023,0.49512094,0.09779614,0.03361708,0.33706099,-0.04369815,-0.14015372,-0.11031554,-0.14353848,-0.17753932,-0.05094017,-0.08637174,-0.20759013,0.10898969,-0.19965434,-0.31202996,0.22139429,-0.18740828,3334000.0533983,0.10408143,0.12359451,0.07574754,-0.17931651,0.17743021,0.042195,0.49649552,0.10070597,0.02986107,0.34410226,-0.0499658,-0.13750361,-0.10831601,-0.1451081,-0.18036006,-0.0488949,-0.08788629,-0.20631206,0.11010528,-0.19874626,-0.31392026,0.22895122,-0.18706708,3335000.05496171,0.10780898,0.12241444,0.07652275,-0.17844507,0.17486925,0.0405446,0.49629244,0.09854136,0.02673336,0.34345198,-0.04750682,-0.13497461,-0.1025255,-0.1479222,-0.18055098,-0.04671406,-0.08261909,-0.2020819,0.1033049,-0.19633815,-0.31295949,0.23364098,-0.18478288,3336000.05335173,0.10881136,0.11901012,0.07824442,-0.18023413,0.17357361,0.04044744,0.50058687,0.09665336,0.02736731,0.34715191,-0.04891833,-0.13472277,-0.09886479,-0.1509679,-0.18201452,-0.04519497,-0.07193766,-0.20661327,0.1064188,-0.2055099,-0.313256,0.23043853,-0.17693804,3337000.05127883,0.1117337,0.12269589,0.08006334,-0.18023044,0.17533045,0.04820566,0.49815756,0.10027287,0.02556653,0.34907636,-0.05265801,-0.13010302,-0.10054814,-0.14792414,-0.18058975,-0.04714329,-0.08374663,-0.2066391,0.10997419,-0.19607218,-0.31257638,0.22583784,-0.17701606,3338000.05533328,0.10962006,0.12750988,0.08361872,-0.18208857,0.17520167,0.04111819,0.49665383,0.10047098,0.02185152,0.33851841,-0.05547041,-0.14475761,-0.10102648,-0.15166569,-0.17992805,-0.04271547,-0.08778158,-0.2027739,0.11620446,-0.19543964,-0.31089705,0.2316824,-0.17100239,3339000.05922406,0.11204375,0.12359896,0.08456888,-0.18347274,0.18039675,0.03925579,0.49893034,0.10135449,0.01956933,0.3407405,-0.05487501,-0.12111469,-0.09831372,-0.14495176,-0.18050756,-0.04753811,-0.08279309,-0.20603463,0.11073879,-0.18871592,-0.31119522,0.23115776,-0.17367934,3340000.05664957,0.10909689,0.12295281,0.08160453,-0.17486112,0.17655665,0.04573389,0.49587515,0.10135885,0.02308493,0.34258288,-0.04587227,-0.12531358,-0.09343152,-0.15000384,-0.17869946,-0.0446193,-0.08047636,-0.20265035,0.11311425,-0.19319151,-0.30982891,0.23587595,-0.17419565,3341000.05183683,0.10529841,0.11966498,0.07606304,-0.16359986,0.17586103,0.05583349,0.49559033,0.10430349,0.03818906,0.34067103,-0.03570462,-0.13514413,-0.08882502,-0.14826261,-0.17503084,-0.03643253,-0.08958311,-0.20396233,0.10841854,-0.1910502,-0.3070679,0.22954784,-0.17340468,3342000.05386271,0.1132929,0.12246981,0.07477109,-0.16039351,0.17602581,0.04713479,0.49815202,0.10489418,0.03800857,0.34475216,-0.04135901,-0.13171057,-0.08663686,-0.14479657,-0.17607653,-0.03532722,-0.06960987,-0.20660783,0.10546843,-0.19481434,-0.30734614,0.22777203,-0.17279831,3343000.05165001,0.11496551,0.11771548,0.07884324,-0.16728039,0.17295274,0.04646933,0.4998455,0.10328289,0.03400056,0.3457492,-0.03942026,-0.12198631,-0.09243929,-0.1467379,-0.17692366,-0.03229386,-0.07086206,-0.20591334,0.10712754,-0.19233969,-0.30806226,0.22701617,-0.17435712,3344000.05652585,0.11260714,0.11909233,0.07933212,-0.17122279,0.17296332,0.04588274,0.49933979,0.10438747,0.03190764,0.34475267,-0.0425509,-0.12438451,-0.08549433,-0.14551233,-0.17474093,-0.03508064,-0.08262151,-0.20403016,0.11242402,-0.19361661,-0.30919847,0.23037456,-0.17709324,3345000.05767253,0.11769698,0.12004872,0.08266785,-0.17710452,0.17503031,0.04686499,0.49838346,0.10150658,0.0305553,0.34122163,-0.04553704,-0.12928353,-0.08532163,-0.14621158,-0.17404084,-0.03574976,-0.07839058,-0.20883301,0.11495934,-0.19137637,-0.30900428,0.22952805,-0.1772738,3346000.05775064,0.1127317,0.12246981,0.08510214,-0.17754173,0.17618738,0.04375986,0.49869317,0.10252824,0.02784299,0.3415637,-0.04532835,-0.11438324,-0.08532595,-0.14605297,-0.17547859,-0.03296331,-0.08339293,-0.20828266,0.1117832,-0.19781817,-0.30726567,0.23069543,-0.17915395,3347000.05691347,0.11418995,0.12424449,0.08521491,-0.18062174,0.17627303,0.04656426,0.50091118,0.10215321,0.02429718,0.34236148,-0.04653319,-0.12364993,-0.08464903,-0.14485331,-0.17407383,-0.03238153,-0.0784764,-0.20475416,0.1109475,-0.19833545,-0.30854115,0.23251426,-0.18465173,3348000.05437344,0.11916397,0.1211521,0.08529738,-0.17639536,0.18044958,0.05180609,0.49641496,0.10297288,0.02469398,0.34348658,-0.04542048,-0.12990399,-0.08297724,-0.14486586,-0.17220761,-0.03251327,-0.08251195,-0.20110148,0.10556774,-0.19487783,-0.30841744,0.23684502,-0.18588102,3349000.05394,0.11287697,0.1227551,0.07587398,-0.16070431,0.17835523,0.05861732,0.49601045,0.10591921,0.03691144,0.34060964,-0.04032136,-0.11744438,-0.08270866,-0.14105818,-0.17004675,-0.02894611,-0.07105693,-0.20001289,0.10826541,-0.18642904,-0.30500296,0.23010509,-0.18068206,3350000.05373883,0.11165418,0.11740962,0.07652275,-0.16083944,0.18125734,0.05514206,0.50156909,0.10683903,0.0404086,0.35073122,-0.04062133,-0.11557147,-0.08009855,-0.14340237,-0.17071313,-0.02915318,-0.06609313,-0.20114854,0.1138869,-0.20051493,-0.30512843,0.22908442,-0.18080597,3351000.05483783,0.11248312,0.11768537,0.07921705,-0.16564949,0.17884724,0.0493165,0.49996167,0.10619935,0.0352328,0.35599792,-0.04574166,-0.12484472,-0.07592525,-0.14086789,-0.17282274,-0.03076111,-0.07001848,-0.20210862,0.11062542,-0.19751103,-0.30798206,0.2285234,-0.18155675,3352000.05556554,0.11165678,0.12142448,0.08065379,-0.16936232,0.17578018,0.05473803,0.49985301,0.10624986,0.03358673,0.34345204,-0.04134575,-0.1145098,-0.07163417,-0.13987771,-0.17160778,-0.02753075,-0.07821097,-0.20530109,0.11209749,-0.19472611,-0.31021288,0.22825332,-0.18034379,3353000.05307347,0.11104213,0.12119538,0.08171628,-0.17232734,0.17438753,0.05216789,0.49707195,0.10387693,0.03229547,0.34266323,-0.04638761,-0.11542225,-0.07112071,-0.13862136,-0.17172337,-0.03227478,-0.08221026,-0.20412934,0.11523216,-0.19948001,-0.31019485,0.23193306,-0.17506059,3354000.0583551,0.11590974,0.12128475,0.08392989,-0.17785916,0.17701326,0.04872281,0.50527507,0.10515265,0.02905083,0.34353203,-0.04973657,-0.12310468,-0.07218645,-0.13925084,-0.17117868,-0.02632324,-0.06871565,-0.20485695,0.11393325,-0.20239276,-0.30856568,0.23454614,-0.18070753,3355000.05672753,0.11968172,0.12134385,0.08815403,-0.17533016,0.17717466,0.04907378,0.50087899,0.10647295,0.02516087,0.34001377,-0.04848333,-0.11429843,-0.0679067,-0.13903452,-0.17360277,-0.02803612,-0.07534166,-0.21061638,0.10964317,-0.19993274,-0.3095389,0.23406476,-0.17982197,3356000.05833907,0.1200505,0.12610054,0.08708083,-0.17532814,0.17914836,0.0495771,0.50174093,0.1059367,0.02381499,0.3479102,-0.05370401,-0.09918304,-0.07000909,-0.14167151,-0.17220016,-0.02325794,-0.07573888,-0.2043985,0.10984767,-0.19068341,-0.30901253,0.2330842,-0.17476967,3357000.05585924,0.11260577,0.12072776,0.07889637,-0.16419181,0.17449325,0.05200971,0.49692178,0.10647588,0.03436104,0.3451167,-0.04654294,-0.1087788,-0.07773888,-0.14195926,-0.16990216,-0.0259371,-0.07307391,-0.20587152,0.11538662,-0.194971,-0.30724585,0.23174681,-0.17728651,3358000.05231508,0.11229381,0.11714665,0.07728645,-0.16033804,0.17680953,0.05289868,0.50126803,0.10741425,0.04014535,0.34887424,-0.04388865,-0.11350156,-0.07146343,-0.13801041,-0.16808799,-0.02471222,-0.08030709,-0.20930807,0.11528564,-0.20113216,-0.30532193,0.23220287,-0.18132107,3359000.05575154,0.11199703,0.12217549,0.07935242,-0.16624799,0.18102825,0.04950501,0.50194049,0.1070219,0.0356473,0.33864886,-0.04760047,-0.10307374,-0.07210288,-0.13920301,-0.16944005,-0.02162731,-0.06589831,-0.20417178,0.11153901,-0.19348551,-0.30784416,0.2292169,-0.17830099,3360000.05496155,0.11086422,0.12677114,0.08083846,-0.16697563,0.1820488,0.05307397,0.49902812,0.10631479,0.03185397,0.34156683,-0.05000217,-0.11055612,-0.07303246,-0.14046942,-0.16848555,-0.02464598,-0.07108251,-0.20384581,0.11388817,-0.19504985,-0.30942881,0.23876756,-0.18173632,3361000.05568947,0.11191157,0.11885996,0.08249707,-0.17289086,0.17819373,0.05193211,0.50094718,0.10441981,0.03075563,0.3504791,-0.05309495,-0.1119758,-0.07368369,-0.13577628,-0.1721558,-0.02633486,-0.06911597,-0.20908076,0.1158957,-0.19346385,-0.31105369,0.24273352,-0.18004434,3362000.05582884,0.11638004,0.12046235,0.08438537,-0.1779348,0.17451526,0.0497399,0.5004425,0.10552119,0.02762613,0.33868995,-0.06135035,-0.11079869,-0.0744853,-0.13998115,-0.17108569,-0.02444954,-0.06753584,-0.20873092,0.11007984,-0.19267574,-0.31225416,0.23698288,-0.18239146,3363000.05601479,0.11593721,0.12570135,0.08720215,-0.18215187,0.17522247,0.04820393,0.50232166,0.1029407,0.02429169,0.34281346,-0.05986376,-0.11548182,-0.07611581,-0.1397036,-0.16953328,-0.02836601,-0.07809794,-0.20970102,0.10791149,-0.1969471,-0.31112918,0.23357654,-0.18395272,3364000.05666571,0.11654634,0.12550411,0.08855043,-0.17768323,0.18028623,0.05383412,0.49912784,0.10270695,0.02255791,0.3417967,-0.05743072,-0.1092258,-0.06835612,-0.13642104,-0.17138699,-0.02325253,-0.07235178,-0.2082735,0.11614259,-0.20578529,-0.3101097,0.23864052,-0.17724499,3365000.05446624,0.10814396,0.12044005,0.07928825,-0.16849299,0.17886479,0.05608653,0.49739012,0.1054415,0.03253696,0.33736268,-0.05234266,-0.11181383,-0.07831489,-0.14170529,-0.16844013,-0.02408624,-0.07477421,-0.21021812,0.11786541,-0.20731649,-0.30952418,0.22966957,-0.17295218,3366000.05525581,0.10954713,0.11866003,0.07845365,-0.16496772,0.17832148,0.05331451,0.50148588,0.10463779,0.03757266,0.34296343,-0.05591453,-0.11447237,-0.06889135,-0.13948192,-0.16786507,-0.0206998,-0.0662922,-0.20586139,0.11214834,-0.1947733,-0.30814973,0.22655064,-0.18082684,3367000.0562317,0.11372419,0.12321612,0.08066154,-0.17444709,0.17795756,0.05295257,0.49913687,0.10346047,0.03211991,0.34023109,-0.06428735,-0.12860908,-0.06686144,-0.13822728,-0.16951042,-0.02045857,-0.06267115,-0.20707585,0.11273234,-0.20762914,-0.31120214,0.23353863,-0.18042779,3368000.05485261,0.11044314,0.12338821,0.07914465,-0.17279799,0.17983408,0.0477638,0.4988938,0.10337973,0.03044241,0.33787027,-0.06489543,-0.12104965,-0.07156721,-0.13546851,-0.17005232,-0.02141272,-0.06080271,-0.21001256,0.11396366,-0.19921918,-0.3124212,0.2333328,-0.18028539,3369000.05536372,0.11343414,0.12248487,0.08064883,-0.17691791,0.17761452,0.04415443,0.49899554,0.1026412,0.02878829,0.34728572,-0.06188362,-0.11454711,-0.07583263,-0.13907506,-0.16786005,-0.02135748,-0.06470156,-0.20924085,0.11151328,-0.19667587,-0.31196624,0.23253047,-0.17713939,3370000.05446495,0.11609737,0.12397974,0.08341921,-0.18235892,0.17541589,0.04403451,0.49953881,0.10240993,0.02612619,0.34448501,-0.06216959,-0.11413932,-0.07874925,-0.13802516,-0.16926803,-0.02049338,-0.0801032,-0.21010923,0.11317282,-0.20733729,-0.31201124,0.23904026,-0.18688621,3371000.05571986,0.11312836,0.12990327,0.08706032,-0.18496388,0.17875195,0.04200089,0.5010919,0.10208602,0.02270702,0.33501461,-0.0679289,-0.11784194,-0.0726196,-0.13961528,-0.17059107,-0.02348216,-0.06696714,-0.20774771,0.11124147,-0.19764407,-0.3123889,0.23339689,-0.17654364,3372000.05558105,0.110671,0.12080398,0.08344017,-0.17623334,0.1792313,0.04651021,0.49865943,0.10177705,0.02467037,0.34094101,-0.06773835,-0.11854844,-0.07865904,-0.13827503,-0.16972573,-0.02621133,-0.06842265,-0.2047272,0.11013661,-0.20011742,-0.31112918,0.23471852,-0.17426829,3373000.05257719,0.10499512,0.12144968,0.07552147,-0.16712779,0.17921923,0.05109661,0.49822187,0.1036,0.03678669,0.34671029,-0.05946779,-0.1160339,-0.07214959,-0.13475816,-0.16679369,-0.02377275,-0.06982824,-0.20917374,0.10878406,-0.20027561,-0.30922371,0.22639748,-0.17313726,3374000.05334976,0.10664073,0.12608866,0.07764053,-0.17375718,0.17637038,0.05495784,0.49790019,0.10382688,0.03495081,0.34488812,-0.06523613,-0.11887301,-0.07139087,-0.13582462,-0.1682927,-0.02478708,-0.06371879,-0.20550726,0.10889535,-0.20643662,-0.31153506,0.23406512,-0.18948272,3375000.05356635,0.10920475,0.12397513,0.08075362,-0.17519894,0.17632726,0.05214151,0.49959746,0.10204034,0.02892184,0.33783776,-0.06732854,-0.119399,-0.0755933,-0.13665219,-0.16918261,-0.02224199,-0.07395328,-0.2100324,0.11557919,-0.2055036,-0.31346563,0.22998926,-0.18288818,3376000.05252899,0.10946431,0.125471,0.07926703,-0.17654729,0.17672433,0.04588274,0.50208694,0.1013671,0.02872368,0.33917257,-0.07041603,-0.10364469,-0.07892664,-0.13640594,-0.16975643,-0.02329854,-0.07154853,-0.20781703,0.11686336,-0.19356188,-0.31386921,0.22834818,-0.18172514,3377000.05197169,0.10967959,0.12243,0.08061808,-0.17772748,0.17414106,0.04858463,0.49687386,0.10060024,0.02731382,0.32866937,-0.07425857,-0.10733981,-0.0808652,-0.1406702,-0.16888277,-0.02629834,-0.06682136,-0.20905705,0.10694662,-0.20012783,-0.31387249,0.22943382,-0.18234196,3378000.05420151,0.1114015,0.12730627,0.08537939,-0.18212736,0.17456906,0.04536985,0.4976795,0.09979668,0.02232436,0.33540848,-0.07321396,-0.12521292,-0.08759971,-0.14232232,-0.167834,-0.02866111,-0.07276244,-0.20449023,0.11238673,-0.20116684,-0.31464705,0.23078386,-0.17855787,3379000.05604573,0.1137215,0.12806815,0.08758207,-0.18519604,0.17887007,0.04390336,0.50044787,0.09845921,0.02098499,0.33632821,-0.07324753,-0.11458474,-0.08078723,-0.1353415,-0.16927119,-0.02300072,-0.06692145,-0.20528114,0.11078466,-0.20396326,-0.31442329,0.22807901,-0.17662108,3380000.05541074,0.10602779,0.12246434,0.07922202,-0.17648627,0.17495488,0.04747668,0.49583858,0.1008324,0.02752962,0.34583792,-0.06837954,-0.12933332,-0.07891576,-0.13840532,-0.16783953,-0.0248062,-0.06399813,-0.20329244,0.11113184,-0.19922231,-0.31272069,0.23103537,-0.17146596,3381000.05109183,0.10159852,0.11845986,0.074928,-0.16457221,0.17604831,0.05550393,0.50175971,0.10301389,0.03671633,0.34033784,-0.06811892,-0.11887241,-0.07538145,-0.13991264,-0.16735683,-0.02321865,-0.07903777,-0.20306779,0.1137975,-0.19367301,-0.31083262,0.23131432,-0.17793123,3382000.05085739,0.10984785,0.12408496,0.07795195,-0.17459717,0.17774357,0.05430636,0.49886927,0.10100484,0.03131371,0.34439701,-0.07281285,-0.11604778,-0.08533651,-0.13608684,-0.1689267,-0.03106941,-0.07049122,-0.20561665,0.10987889,-0.20560157,-0.312489,0.22549361,-0.18255718,3383000.05070229,0.10833901,0.12259169,0.08022758,-0.17984019,0.17838754,0.05177868,0.50009382,0.0986592,0.02793078,0.33438122,-0.07627327,-0.11182252,-0.09002271,-0.13568543,-0.16998415,-0.02886719,-0.07183066,-0.20656617,0.10635936,-0.2187698,-0.31610385,0.23181225,-0.1817369,3384000.05059416,0.10909787,0.12259169,0.07952995,-0.17581059,0.17554413,0.04257975,0.50286996,0.09917542,0.02711176,0.33899179,-0.07788077,-0.11370681,-0.09201158,-0.13445397,-0.16988742,-0.03026913,-0.0781371,-0.2049965,0.10691948,-0.21547291,-0.31685847,0.24003129,-0.18485638,3385000.05480593,0.10811569,0.12377529,0.08045377,-0.18097375,0.17482647,0.04226752,0.49918157,0.09919589,0.02437065,0.33333185,-0.08481956,-0.12455838,-0.08953702,-0.13321562,-0.17062469,-0.02959838,-0.07436627,-0.20651664,0.11068492,-0.20900746,-0.31648949,0.23663063,-0.17973524,3386000.05387652,0.11143745,0.12445217,0.08187919,-0.18763639,0.17446144,0.04750643,0.49723676,0.09790729,0.02107286,0.34186155,-0.08754837,-0.12338258,-0.0963822,-0.13772812,-0.17240022,-0.03081354,-0.06856821,-0.21174587,0.10636319,-0.20918912,-0.31644624,0.23470154,-0.17730509,3387000.0524369,0.11051515,0.12389022,0.08291189,-0.18714681,0.17405407,0.04936126,0.4997904,0.09902472,0.01910117,0.33918229,-0.08559543,-0.13325186,-0.09178379,-0.13979384,-0.17168404,-0.03196479,-0.07403858,-0.20569205,0.11365596,-0.19534479,-0.31498012,0.23532502,-0.1823715,3388000.04997829,0.10537804,0.11955963,0.07378098,-0.17429228,0.17255652,0.04795866,0.49560457,0.09892677,0.02976152,0.3316564,-0.08467109,-0.13177796,-0.09372701,-0.13710321,-0.16944149,-0.030568,-0.06655473,-0.2024609,0.11369663,-0.20204832,-0.31432796,0.22502455,-0.18041597,3389000.05082873,0.10342547,0.11586227,0.07210241,-0.1729162,0.17288631,0.05236177,0.49692664,0.09850512,0.03515783,0.33027685,-0.08534026,-0.11874994,-0.10057729,-0.13752997,-0.1687786,-0.03408504,-0.07369696,-0.20463967,0.10487178,-0.21025446,-0.31441003,0.23023289,-0.18334188,3390000.05201857,0.10604802,0.12128621,0.0728308,-0.17956471,0.17775379,0.04570331,0.49927011,0.09796973,0.02791321,0.33529046,-0.08781622,-0.12880047,-0.0958221,-0.13791101,-0.17036003,-0.03589406,-0.07900747,-0.20547524,0.11034246,-0.21302795,-0.31778666,0.22834569,-0.17793398,3391000.05330295,0.1081769,0.11906321,0.07444553,-0.1803271,0.17580014,0.04444889,0.49802101,0.09576757,0.0249165,0.34053248,-0.09204745,-0.12069466,-0.09540523,-0.14144033,-0.17145568,-0.03350483,-0.08284566,-0.206145,0.10985266,-0.22168955,-0.31935817,0.2339814,-0.18252285,3392000.05291667,0.10275993,0.12309251,0.07562098,-0.18346666,0.17094229,0.0440851,0.50178427,0.0954721,0.0219416,0.33565083,-0.0996789,-0.12812322,-0.09836219,-0.14100063,-0.17160974,-0.03472848,-0.0814242,-0.20282078,0.1077686,-0.22091319,-0.3196646,0.23039104,-0.1901238,3393000.05293128,0.10384879,0.12204812,0.07764535,-0.18831111,0.17560817,0.0404573,0.49899441,0.09383189,0.02089232,0.3339425,-0.09804008,-0.13282622,-0.10515147,-0.13796993,-0.17616595,-0.03307495,-0.08424232,-0.20845601,0.11369464,-0.21397619,-0.31994143,0.23183894,-0.18082426,3394000.05386052,0.10570073,0.12467167,0.08310531,-0.1936208,0.1707298,0.03812668,0.49797305,0.09476427,0.01738132,0.33985439,-0.10240185,-0.12202017,-0.09931878,-0.14121294,-0.17476469,-0.04068998,-0.08271532,-0.21045798,0.11571922,-0.20986739,-0.31956309,0.23701705,-0.18398321,3395000.0550227,0.10618875,0.12281328,0.07998247,-0.18869083,0.17324935,0.04070542,0.50132835,0.09577223,0.01594913,0.32724527,-0.10366253,-0.13764106,-0.10626784,-0.14272092,-0.17605391,-0.03576543,-0.08067708,-0.21012925,0.11007932,-0.2117479,-0.31615961,0.23107976,-0.18449022,3396000.0513388,0.101078,0.11963116,0.07228972,-0.17818859,0.17342302,0.05175909,0.49821678,0.09684116,0.02818256,0.32411259,-0.09552592,-0.13783045,-0.10747312,-0.13769798,-0.17422052,-0.03559001,-0.07361662,-0.20728947,0.10121106,-0.21485701,-0.31669644,0.2300477,-0.18424866,3397000.05155328,0.09887949,0.12094209,0.07382757,-0.18197906,0.1750288,0.04131311,0.49569774,0.09496407,0.02952688,0.32622695,-0.09779698,-0.13518783,-0.10833661,-0.13510953,-0.17390777,-0.03992537,-0.07179414,-0.20999628,0.11305649,-0.21789524,-0.31976494,0.23045865,-0.18682365,3398000.05023685,0.10238388,0.12130963,0.07326963,-0.19114166,0.17667985,0.04127306,0.49850458,0.09420524,0.02454948,0.33534127,-0.10259972,-0.13523538,-0.11137564,-0.13900045,-0.17521806,-0.04218291,-0.0666139,-0.20998207,0.11328512,-0.22226951,-0.32265922,0.22734119,-0.18763526,3399000.05003454,0.10102069,0.12144891,0.07278106,-0.1929689,0.17566015,0.04131334,0.49920601,0.09478923,0.02151353,0.3342967,-0.10747228,-0.13433219,-0.10930684,-0.13928227,-0.17461298,-0.04474383,-0.07962985,-0.20992561,0.10267729,-0.22360222,-0.32320797,0.23394465,-0.18589355,3400000.05090208,0.09823345,0.11970045,0.07401703,-0.19375478,0.17490835,0.04153819,0.4966417,0.09354775,0.01972199,0.33039925,-0.10835264,-0.14130108,-0.11337426,-0.13830988,-0.17834657,-0.03919065,-0.07585146,-0.20696956,0.10987725,-0.21396592,-0.32386914,0.22973615,-0.19401306,3401000.05255967,0.09928945,0.1201841,0.0745252,-0.1960174,0.17099664,0.03460864,0.50125396,0.09369148,0.01742322,0.32474497,-0.10936944,-0.14762731,-0.11672169,-0.14230418,-0.17786099,-0.04335899,-0.08670412,-0.20833574,0.10747378,-0.22284371,-0.32308444,0.23462923,-0.18448682,3402000.05303955,0.10403604,0.12393019,0.08049069,-0.19323361,0.17087904,0.0363045,0.49882984,0.09286776,0.01421667,0.33285716,-0.10996066,-0.14686821,-0.11287131,-0.1419396,-0.17950305,-0.04483423,-0.09751705,-0.21007806,0.10306928,-0.22296369,-0.32149586,0.22868635,-0.18559755,3403000.05076561,0.09731416,0.12179643,0.07626517,-0.19597456,0.17745386,0.03868178,0.4970198,0.08983041,0.01560767,0.33278838,-0.11128221,-0.14325702,-0.11361096,-0.14356828,-0.18026106,-0.04701182,-0.08754107,-0.21288773,0.10800822,-0.21993059,-0.32090718,0.23028119,-0.18828952,3404000.04934181,0.09421165,0.11931826,0.06882695,-0.1846586,0.17438714,0.0471882,0.49508655,0.0948723,0.02729354,0.32538146,-0.10956895,-0.14729796,-0.10665711,-0.14275241,-0.17800768,-0.04534696,-0.07903422,-0.21120462,0.10499504,-0.21455352,-0.32032052,0.23011109,-0.18667881,3405000.04872134,0.09812617,0.1182977,0.07091742,-0.18926564,0.17576817,0.04457991,0.49762642,0.0919154,0.02549626,0.33489808,-0.10970447,-0.1480104,-0.10966989,-0.14460395,-0.17796271,-0.04037578,-0.07800566,-0.20660141,0.1010461,-0.22284368,-0.32161102,0.22014806,-0.19325924,3406000.0490758,0.09465607,0.11914422,0.07297048,-0.19154814,0.17399751,0.04456389,0.49892122,0.09238011,0.02077232,0.33846992,-0.11294075,-0.14948764,-0.11558302,-0.14078793,-0.17821714,-0.04696908,-0.08092593,-0.20757847,0.1061064,-0.22996533,-0.3239907,0.22401962,-0.18611965,3407000.05110425,0.09756653,0.12167715,0.07164484,-0.19361603,0.17423312,0.04253138,0.49672869,0.09179779,0.02083915,0.33084673,-0.1168402,-0.15050481,-0.11883773,-0.14149559,-0.17923452,-0.04049841,-0.07911562,-0.20833212,0.10925821,-0.23475142,-0.32339093,0.22813363,-0.19501552,3408000.04824223,0.09895319,0.12057854,0.0718241,-0.19614349,0.17361228,0.0366252,0.50019169,0.09140358,0.01895565,0.32905239,-0.11941529,-0.1475309,-0.11434966,-0.14378278,-0.1784618,-0.04623028,-0.08418139,-0.20896584,0.10934865,-0.23424517,-0.32372352,0.22365028,-0.198787,3409000.05113483,0.09656263,0.11942232,0.07657981,-0.19850063,0.17561828,0.0343387,0.49687809,0.08975594,0.01600225,0.32473952,-0.12144817,-0.15489028,-0.11427393,-0.14489062,-0.17995928,-0.04734226,-0.09003135,-0.21272793,0.10732125,-0.22230349,-0.32338959,0.23112662,-0.18973684,3410000.05198603,0.10182776,0.12540397,0.07840385,-0.20034325,0.17361228,0.03573269,0.49778655,0.09080932,0.01387446,0.31841639,-0.12070221,-0.145715,-0.11365502,-0.1425146,-0.18172036,-0.04606708,-0.08974654,-0.21236427,0.11027095,-0.21742356,-0.32176676,0.23418365,-0.18046738,3411000.05115315,0.09475672,0.12433718,0.07205112,-0.18704918,0.17294024,0.04038056,0.49416807,0.09040406,0.02017607,0.3292523,-0.11560152,-0.14576645,-0.11554088,-0.14424603,-0.18082386,-0.04691457,-0.08049717,-0.20813325,0.10705276,-0.22267593,-0.32026994,0.23245858,-0.18670449,3412000.04948279,0.08864623,0.11526265,0.06655759,-0.18612368,0.1735829,0.04762793,0.49670163,0.09445386,0.02890332,0.33260539,-0.1161325,-0.1459787,-0.11716585,-0.1412527,-0.17727564,-0.04523627,-0.09401747,-0.21115895,0.10345503,-0.2181996,-0.31985012,0.2244433,-0.1877702,3413000.04473614,0.09183075,0.11784079,0.06974131,-0.190879,0.17373955,0.04178576,0.49564874,0.09194937,0.02548257,0.32395768,-0.11818863,-0.13714519,-0.11722005,-0.14253928,-0.1786778,-0.04408149,-0.07838441,-0.20876023,0.10036551,-0.22047693,-0.32413492,0.22708783,-0.19434662,3414000.04569306,0.09649895,0.11629594,0.07028888,-0.19423895,0.17267552,0.03515387,0.4972513,0.09078791,0.02202396,0.33408919,-0.1249164,-0.14359921,-0.12269364,-0.1404891,-0.17928465,-0.04783746,-0.08394686,-0.21231475,0.10147682,-0.22344764,-0.32544377,0.23211823,-0.18735248,3415000.04974351,0.09387947,0.12077186,0.0698508,-0.19324355,0.17115475,0.03707514,0.49552161,0.08952098,0.02084651,0.33010006,-0.12756284,-0.15015617,-0.11892262,-0.13772781,-0.18059018,-0.0485903,-0.09263865,-0.20872763,0.10285445,-0.22004308,-0.32473055,0.22887045,-0.19071661,3416000.05025338,0.09374324,0.11939113,0.0701007,-0.19919513,0.17052628,0.03808903,0.49708,0.0895092,0.01871442,0.32302871,-0.12579918,-0.13876426,-0.12111219,-0.14366004,-0.18193361,-0.05062852,-0.09566642,-0.20771031,0.10903746,-0.22935542,-0.32566848,0.22762561,-0.19188374,3417000.05241889,0.0957262,0.12192872,0.07501398,-0.20112318,0.17381603,0.0368741,0.49622315,0.09186724,0.01565157,0.32129666,-0.12310642,-0.15142234,-0.12058969,-0.14441685,-0.18353063,-0.05220969,-0.09606852,-0.21336855,0.10480636,-0.22772133,-0.32405308,0.22665574,-0.19366011,3418000.05229632,0.09858392,0.12308928,0.07610989,-0.1974782,0.17184269,0.03430343,0.49663305,0.09012241,0.01303927,0.32139635,-0.12827031,-0.14314893,-0.12279289,-0.14654641,-0.18229949,-0.04838172,-0.09692364,-0.21142845,0.10674331,-0.22146156,-0.32359752,0.23446479,-0.18616228,3419000.04752,0.09362174,0.11858802,0.06805084,-0.18603066,0.17020945,0.04117001,0.49550256,0.08887903,0.02340359,0.31923732,-0.12655744,-0.14756127,-0.12371708,-0.14516392,-0.17915013,-0.04709101,-0.08784608,-0.21139701,0.09969977,-0.22059745,-0.32132304,0.22889157,-0.18493135,3420000.04714918,0.09167858,0.11790354,0.0673319,-0.1855415,0.17060311,0.04239232,0.49655974,0.09218522,0.02822859,0.32326689,-0.12374092,-0.12998645,-0.1156105,-0.14678183,-0.18023886,-0.04760176,-0.09173673,-0.21107487,0.09764583,-0.23012567,-0.32219252,0.22518066,-0.19464388,3421000.04552473,0.09329273,0.11885341,0.06867416,-0.19270122,0.17235409,0.03826763,0.49847218,0.08822482,0.02413368,0.32853258,-0.1323652,-0.15101379,-0.12344941,-0.13978738,-0.18155666,-0.04897041,-0.09671541,-0.21391845,0.09369261,-0.23588689,-0.32532772,0.22869784,-0.19471134,3422000.04672794,0.09432304,0.11953017,0.06983964,-0.19216427,0.1702313,0.03400114,0.49781504,0.08727407,0.01984605,0.32385871,-0.13298729,-0.1480343,-0.12914021,-0.13989374,-0.18360023,-0.04871673,-0.10374752,-0.21428078,0.10436801,-0.22875862,-0.3272709,0.22840141,-0.19512086,3423000.04697403,0.09434099,0.12009066,0.06794674,-0.19687723,0.16915058,0.03975255,0.49564475,0.08826676,0.01724431,0.32243711,-0.13199915,-0.15626916,-0.1311547,-0.14201881,-0.1844067,-0.05566718,-0.10126419,-0.21286321,0.10397997,-0.23240221,-0.32752517,0.22579135,-0.20129795,3424000.04906208,0.09626484,0.12121648,0.06964112,-0.195259,0.1667562,0.03563774,0.49655291,0.08570701,0.01523537,0.32699275,-0.13575496,-0.1503467,-0.13040894,-0.14430378,-0.18599267,-0.05576358,-0.10056319,-0.21632488,0.10095636,-0.22816166,-0.32687876,0.22296976,-0.20379983,3425000.05062688,0.09847003,0.11769729,0.07309034,-0.20164101,0.17177927,0.03024219,0.49902835,0.08526199,0.01203785,0.32048911,-0.13812479,-0.1525951,-0.12179988,-0.14283657,-0.18587996,-0.05338142,-0.1010643,-0.21264753,0.10365855,-0.22907312,-0.32596505,0.23142514,-0.20062491,3426000.0541091,0.09594274,0.11973567,0.0734487,-0.20198461,0.16983861,0.03194154,0.49497426,0.08523195,0.0092197,0.3247928,-0.14301027,-0.1619208,-0.131364,-0.14909801,-0.18611608,-0.05527852,-0.09841425,-0.21865779,0.10947877,-0.23095095,-0.32532912,0.23165423,-0.19330812,3427000.0498539,0.09328257,0.11864206,0.06881674,-0.19209725,0.16839735,0.0385868,0.493752,0.08583475,0.01855722,0.31777307,-0.13840717,-0.15057088,-0.12902479,-0.14581464,-0.18421885,-0.05266559,-0.09857797,-0.2162848,0.09774248,-0.22831246,-0.323679,0.23362461,-0.18781981,3428000.04779672,0.0877502,0.11646134,0.06403898,-0.18729447,0.16905618,0.04044653,0.49469098,0.08868265,0.02471649,0.32784384,-0.12979768,-0.14758156,-0.12837245,-0.14595862,-0.18219292,-0.05361773,-0.10292263,-0.21513876,0.09604263,-0.22675455,-0.3243058,0.2268202,-0.19471164,3429000.05112062,0.08770701,0.11963783,0.06781656,-0.19072628,0.17145318,0.03968346,0.50068927,0.08717311,0.01940967,0.32326689,-0.12831263,-0.14641537,-0.13642141,-0.14419544,-0.18540217,-0.05525419,-0.08150026,-0.2145979,0.10206155,-0.22734091,-0.32767349,0.22421253,-0.1942254,3430000.05133694,0.08611037,0.11715949,0.06911195,-0.19731821,0.17550728,0.03748966,0.49963737,0.08426055,0.01649981,0.31986931,-0.13722079,-0.15353771,-0.12915145,-0.14318648,-0.18714152,-0.05907356,-0.09685811,-0.21534431,0.09966253,-0.23214968,-0.33002481,0.22667287,-0.1909802,3431000.04975744,0.09084134,0.12048944,0.06889304,-0.1945923,0.1737937,0.03387511,0.49957386,0.08678707,0.01510326,0.32669356,-0.13889955,-0.15863363,-0.13373439,-0.1482812,-0.18783127,-0.05706196,-0.10494754,-0.22012934,0.09633496,-0.23512393,-0.32890761,0.22606194,-0.19791234,3432000.05334976,0.09066588,0.12170426,0.07047823,-0.20123774,0.17178318,0.03112349,0.49907377,0.08347388,0.01302083,0.31916419,-0.13899592,-0.15938675,-0.13545126,-0.15273055,-0.18744363,-0.05953412,-0.09502965,-0.2149609,0.10718583,-0.23384103,-0.33048835,0.23355435,-0.1990523,3433000.05206542,0.09371067,0.12135981,0.0748261,-0.20613025,0.17006749,0.03407671,0.49935833,0.08392178,0.0091273,0.31333342,-0.14111049,-0.16010055,-0.13427021,-0.15031171,-0.18955226,-0.05772624,-0.10342849,-0.21711886,0.10827064,-0.23101741,-0.32942232,0.23363331,-0.19085467,3434000.05336579,0.10021947,0.12139474,0.07384709,-0.21010128,0.16946313,0.02940563,0.50169021,0.08270434,0.00672438,0.3229453,-0.14134161,-0.15762804,-0.13873506,-0.14919154,-0.19089946,-0.05967187,-0.11475443,-0.22137977,0.10834686,-0.23449396,-0.32804191,0.22756004,-0.19800615,3435000.05084313,0.09494861,0.11920228,0.07303818,-0.20462249,0.17098758,0.03070196,0.49980164,0.08495048,0.00749675,0.32414767,-0.14336525,-0.15688668,-0.13821192,-0.15040161,-0.19227909,-0.06582496,-0.09980144,-0.22136471,0.10968009,-0.2325384,-0.32808879,0.23100479,-0.19744627,3436000.04725709,0.08821375,0.11912499,0.06571302,-0.18907942,0.17704554,0.03241656,0.49764737,0.08473525,0.01922073,0.32314923,-0.13247173,-0.15940794,-0.14002328,-0.14816943,-0.18787214,-0.06153945,-0.09645935,-0.21995705,0.10119831,-0.23614208,-0.32558665,0.22438383,-0.18953083,3437000.04778001,0.09023906,0.11947625,0.06568065,-0.19053455,0.17741089,0.03355826,0.50199169,0.08631985,0.02086533,0.32913244,-0.13118559,-0.15083492,-0.13197348,-0.1473297,-0.18779129,-0.06156487,-0.09541927,-0.21782929,0.09416314,-0.22902691,-0.32651648,0.21667787,-0.1996142,3438000.04930859,0.09291887,0.11925211,0.06804957,-0.19275653,0.1749306,0.03466623,0.49999353,0.08571568,0.01643983,0.32901594,-0.13622962,-0.15272237,-0.1398757,-0.15101202,-0.19128256,-0.06010024,-0.09499925,-0.21867971,0.10127331,-0.24043603,-0.33001861,0.21954817,-0.19131845,3439000.04759453,0.09102819,0.12054754,0.068209,-0.19836563,0.173418,0.02762718,0.50249946,0.08372349,0.0144919,0.32922432,-0.13702002,-0.15159678,-0.14813398,-0.14970453,-0.19187999,-0.06105267,-0.10597193,-0.21777701,0.10496216,-0.23943354,-0.33144715,0.22351179,-0.20012322,3440000.04910917,0.09101653,0.12168075,0.06909519,-0.19988821,0.17495276,0.02971208,0.50190616,0.08137061,0.01409879,0.33469883,-0.13528441,-0.16096841,-0.14714302,-0.14834809,-0.19222456,-0.06309722,-0.10876669,-0.21800506,0.09705918,-0.2393723,-0.33015135,0.22217558,-0.19833183,3441000.05037795,0.09510826,0.11959652,0.07084779,-0.20678911,0.17469487,0.02613984,0.49856782,0.08255448,0.01060634,0.32959503,-0.13982525,-0.15673339,-0.14300518,-0.14946146,-0.19269368,-0.06286219,-0.10539323,-0.21657763,0.10517862,-0.2384313,-0.33174774,0.2305927,-0.19888906,3442000.05520864,0.09523886,0.12114688,0.07296927,-0.20238432,0.17088793,0.02912186,0.4962821,0.08461948,0.00762541,0.32919136,-0.13955997,-0.158842,-0.14302492,-0.15102197,-0.19464543,-0.06011983,-0.10727955,-0.21671796,0.10210931,-0.23476095,-0.33087704,0.23160969,-0.2009818,3443000.05138386,0.0951438,0.12332586,0.07544685,-0.20396841,0.17413992,0.02798693,0.50042248,0.08427145,0.00716756,0.33384487,-0.13758104,-0.15548174,-0.1460166,-0.15499033,-0.19505587,-0.06340912,-0.11389484,-0.22034416,0.09569001,-0.23167923,-0.33031601,0.23044485,-0.1947262,3444000.04954604,0.08843305,0.11469857,0.06718612,-0.18851303,0.17148603,0.03430517,0.49821848,0.08654547,0.01821512,0.33643362,-0.13020881,-0.1532937,-0.14373021,-0.15056883,-0.19059817,-0.06005111,-0.11030493,-0.21470955,0.09806062,-0.22719966,-0.32734731,0.23045865,-0.19568284,3445000.05262265,0.08912076,0.11696247,0.06872737,-0.185688,0.17495468,0.03537361,0.50006139,0.08768792,0.02121738,0.33217561,-0.12611899,-0.14603919,-0.14624554,-0.15249762,-0.19325185,-0.06186874,-0.09907393,-0.21863343,0.09988827,-0.23292485,-0.32822821,0.23120573,-0.19490157,3446000.05081041,0.09136639,0.12112316,0.07164428,-0.19290993,0.17451325,0.03591181,0.50179547,0.08802629,0.0170238,0.32499599,-0.12523142,-0.15860358,-0.14203991,-0.15296936,-0.19429888,-0.06054996,-0.10906453,-0.21996209,0.09974696,-0.24011205,-0.32933387,0.22678009,-0.19228613,3447000.05178594,0.09169143,0.12200007,0.06945386,-0.19680096,0.16936858,0.03220569,0.49999532,0.08379889,0.01535391,0.34388107,-0.13008477,-0.16504797,-0.14755554,-0.15076648,-0.19447769,-0.06078316,-0.109237,-0.21869481,0.09757853,-0.23299904,-0.32957125,0.22765966,-0.20115618,3448000.0514451,0.09421165,0.12363803,0.07387501,-0.19877416,0.17104179,0.03334057,0.49896306,0.08313312,0.01383018,0.33446413,-0.12842667,-0.15954685,-0.15213126,-0.15482906,-0.19564077,-0.06153331,-0.10623826,-0.21729374,0.10029931,-0.23864079,-0.33053884,0.23074211,-0.19938263,3449000.05172464,0.09753285,0.12163894,0.07470084,-0.19707587,0.17188768,0.02778549,0.50024271,0.08542886,0.01172171,0.3293525,-0.13014086,-0.1625762,-0.14947891,-0.15698123,-0.19765921,-0.06044207,-0.12179145,-0.22136471,0.10432003,-0.23901938,-0.330937,0.23422554,-0.20082746,3450000.05359833,0.09911554,0.1264025,0.07634469,-0.20462649,0.17692755,0.03443523,0.4990142,0.08529994,0.00938522,0.33129042,-0.13480206,-0.15984331,-0.1426343,-0.15826881,-0.19764619,-0.06122637,-0.1091949,-0.22230802,0.10135027,-0.23666491,-0.33016312,0.23008876,-0.20076118,3451000.05232867,0.10094146,0.12711026,0.07761639,-0.2029535,0.17860241,0.02997765,0.49881655,0.08295572,0.00678525,0.32983181,-0.12547895,-0.16217433,-0.15141827,-0.15857464,-0.19740643,-0.06432812,-0.10901252,-0.21951054,0.10686871,-0.23342888,-0.32873428,0.23322262,-0.19832851,3452000.0493768,0.0956957,0.12010118,0.07202587,-0.18918076,0.1749768,0.03524143,0.50117195,0.08567734,0.01628875,0.33793193,-0.11875112,-0.15641075,-0.14648727,-0.15466267,-0.19409317,-0.06092371,-0.1119046,-0.21870668,0.09791185,-0.23575923,-0.32683098,0.22614533,-0.19399998,3453000.04888155,0.09354025,0.12237509,0.06866749,-0.18420836,0.17264092,0.03636795,0.50196862,0.08747233,0.02388914,0.34522483,-0.11306761,-0.14297239,-0.14400387,-0.15400359,-0.19445147,-0.05802948,-0.11182255,-0.2147429,0.09772566,-0.2353933,-0.326175,0.22446893,-0.20157403,3454000.0524676,0.0957151,0.12132963,0.07208122,-0.188438,0.174825,0.03397894,0.5016169,0.08759125,0.02108902,0.34866667,-0.11578527,-0.14808501,-0.14397483,-0.15206037,-0.19600968,-0.05998601,-0.11466962,-0.21828161,0.09973213,-0.23214242,-0.32858899,0.23250365,-0.211077,3455000.05268408,0.09556099,0.11868723,0.07122546,-0.19124378,0.17197359,0.03173483,0.502294,0.08854232,0.01773985,0.33595294,-0.11542983,-0.15216431,-0.1440066,-0.15779747,-0.19587019,-0.05723813,-0.09353837,-0.2191745,0.1000907,-0.23814152,-0.33135727,0.23532945,-0.20148854,3456000.05229796,0.0931052,0.12369543,0.07154375,-0.19268325,0.1715571,0.03671158,0.50198257,0.08718279,0.01640639,0.33641773,-0.11667113,-0.15151049,-0.14305706,-0.1584345,-0.19736744,-0.06100852,-0.10236994,-0.2199195,0.09732822,-0.23779362,-0.33051795,0.23289692,-0.20173918,3457000.05294865,0.09656263,0.12043221,0.07803802,-0.19877625,0.17453535,0.03417649,0.50253659,0.08922394,0.01400207,0.34612679,-0.12047036,-0.15973094,-0.1542047,-0.15818118,-0.19658057,-0.05504471,-0.11623301,-0.2217591,0.10595464,-0.24336822,-0.33052617,0.22894675,-0.2004583,3458000.05558105,0.10178927,0.1226295,0.07905278,-0.19854277,0.17709941,0.03174326,0.50056005,0.08599088,0.01079728,0.33412138,-0.12003737,-0.15765591,-0.15031561,-0.15586548,-0.19611211,-0.0601876,-0.11334202,-0.2229386,0.09688544,-0.23739046,-0.33049437,0.23075655,-0.20491824,3459000.05539514,0.10155785,0.12496953,0.07924777,-0.20131108,0.1767454,0.03199546,0.50070101,0.08621595,0.00894389,0.34836993,-0.11910151,-0.16096033,-0.14812696,-0.1604307,-0.19771428,-0.05946348,-0.11555066,-0.22183859,0.10213216,-0.23365414,-0.32978645,0.23095393,-0.18765591,3460000.05651056,0.09995879,0.12173569,0.07610124,-0.19437638,0.18140043,0.03543565,0.50156033,0.08694324,0.0112303,0.34213543,-0.11208801,-0.15924461,-0.15055905,-0.15988313,-0.1983556,-0.0610784,-0.11339281,-0.22191656,0.1015,-0.23848711,-0.32892027,0.23547937,-0.19703668,3461000.0529652,0.09567166,0.1177182,0.06838735,-0.18069912,0.17738611,0.03428647,0.50134307,0.08830401,0.02449895,0.34141985,-0.10610215,-0.15239483,-0.14566882,-0.15393019,-0.19504991,-0.05999392,-0.10470567,-0.22402987,0.10636944,-0.23224483,-0.32643449,0.22832577,-0.19822371,3462000.05318106,0.09736433,0.11855111,0.07009991,-0.18316109,0.17893475,0.03608508,0.50354528,0.09054839,0.0227608,0.34614214,-0.10399822,-0.14483389,-0.15335971,-0.15662962,-0.19670585,-0.04992351,-0.10202689,-0.21641482,0.09976852,-0.24269994,-0.32675758,0.22774084,-0.19603851,3463000.05067375,0.10159276,0.12062919,0.07221019,-0.19021595,0.17612344,0.03436659,0.50283623,0.08799224,0.01808388,0.34896246,-0.10329551,-0.14664127,-0.15319771,-0.15424742,-0.19781125,-0.05617599,-0.10239986,-0.22198877,0.10172046,-0.23545754,-0.32846311,0.22910365,-0.1953629,3464000.05506993,0.09990007,0.12212065,0.07186195,-0.19056842,0.17893538,0.03645535,0.50268245,0.0874012,0.01638371,0.34800518,-0.1086219,-0.15450422,-0.15169564,-0.1567764,-0.19688366,-0.05769787,-0.10095716,-0.22135544,0.10189941,-0.24643569,-0.33016378,0.23194835,-0.19304894,3465000.05393914,0.10068996,0.12017773,0.07468951,-0.19516201,0.17478085,0.03506329,0.50486439,0.08842689,0.01455825,0.3479816,-0.10743984,-0.14842634,-0.15127534,-0.16077717,-0.19699726,-0.06095765,-0.11457046,-0.22637282,0.10291623,-0.23456886,-0.32998961,0.23306362,-0.2030106,3466000.0562317,0.10483261,0.12237509,0.07944995,-0.19770516,0.17622989,0.02954789,0.50203359,0.08947426,0.01076628,0.34574223,-0.10686546,-0.14805385,-0.15194578,-0.16473471,-0.19920221,-0.06038486,-0.11151715,-0.223864,0.10682559,-0.23510654,-0.3301158,0.23955461,-0.20027594,3467000.05818492,0.1059714,0.12606812,0.07975475,-0.20000653,0.18519828,0.03279265,0.50507528,0.0902209,0.00845897,0.34226975,-0.10653321,-0.14917029,-0.15120164,-0.16468157,-0.19951594,-0.05828423,-0.13025229,-0.22269365,0.10494397,-0.23840949,-0.33141041,0.23422518,-0.1937907,3468000.05621631,0.1051266,0.12170608,0.08254033,-0.20141478,0.18691932,0.02528009,0.50281549,0.08797278,0.00710698,0.33369797,-0.109241,-0.14875859,-0.15392448,-0.1625275,-0.19892578,-0.05272076,-0.1129979,-0.22736168,0.1045696,-0.25023061,-0.33087707,0.22980934,-0.19420122,3469000.05616978,0.10018714,0.12086349,0.07436857,-0.18598163,0.17944703,0.03277177,0.50150889,0.08969717,0.01684664,0.33633414,-0.0978655,-0.163756,-0.14851888,-0.15787095,-0.19826558,-0.05796673,-0.09493466,-0.22333813,0.10496882,-0.24055491,-0.32757077,0.23526058,-0.19457367,3470000.05352082,0.09647935,0.12434854,0.07386043,-0.18239568,0.18056679,0.03886732,0.50580144,0.09396377,0.02330336,0.35400185,-0.09307547,-0.14633958,-0.14404692,-0.15737748,-0.19770646,-0.05393311,-0.10860423,-0.22320518,0.10380907,-0.23645441,-0.32630408,0.23578689,-0.19912349,3471000.0536439,0.09891817,0.12676959,0.0743904,-0.19107521,0.18315864,0.03515781,0.50652122,0.09204479,0.01892236,0.35359016,-0.09568308,-0.1415354,-0.14460585,-0.15766801,-0.19832709,-0.05461585,-0.10913384,-0.22317088,0.09768525,-0.23996361,-0.33040848,0.23910339,-0.19942819,3472000.05505354,0.09962983,0.12603723,0.07440929,-0.19048764,0.18304022,0.03331598,0.50515354,0.09187533,0.01469655,0.34921882,-0.09719419,-0.15441731,-0.14764932,-0.1573945,-0.19872014,-0.05332471,-0.11201376,-0.22532032,0.10440211,-0.24082424,-0.33131659,0.23543148,-0.20786783,3473000.05545631,0.10477134,0.12164166,0.07522716,-0.19597496,0.18028915,0.03355666,0.50472933,0.09016624,0.01528827,0.34252211,-0.09580743,-0.15732023,-0.15045555,-0.16221808,-0.2005976,-0.05198865,-0.0974671,-0.2230747,0.09893462,-0.24041477,-0.33153972,0.23700345,-0.20468429,3474000.0556429,0.10388272,0.12307873,0.08011071,-0.19591995,0.18450333,0.0327098,0.50547391,0.08857282,0.01320936,0.33770403,-0.09525528,-0.15411642,-0.14925633,-0.15822114,-0.20011728,-0.05556554,-0.11037671,-0.2237038,0.09888639,-0.24405332,-0.332542,0.2302229,-0.20350839,3475000.05674314,0.10700122,0.1249678,0.08389167,-0.1990153,0.18407047,0.0352229,0.50422633,0.08876396,0.00886556,0.35017148,-0.09673999,-0.16150913,-0.15435092,-0.16339311,-0.2005886,-0.05727945,-0.10337084,-0.22342069,0.10233469,-0.24501206,-0.33368713,0.23804021,-0.20282459,3476000.0599384,0.11109336,0.12820986,0.08386442,-0.19952281,0.18594259,0.02927316,0.50246203,0.09127422,0.00570098,0.3416056,-0.09470287,-0.16001552,-0.15575272,-0.16364495,-0.1998065,-0.05855765,-0.10930322,-0.22390522,0.10004705,-0.24338414,-0.3309629,0.23544721,-0.19411528,3477000.05812271,0.10362223,0.12440892,0.07788365,-0.1924731,0.18359938,0.03469883,0.50541252,0.0925468,0.01260817,0.34616333,-0.09069531,-0.15320446,-0.15372114,-0.1591211,-0.19984269,-0.05241738,-0.10777702,-0.22066008,0.10290014,-0.23459908,-0.33004996,0.2341104,-0.19296701,3478000.05485261,0.10089204,0.12128016,0.07519192,-0.17946878,0.18581137,0.0386549,0.50428063,0.09580009,0.0216205,0.35383254,-0.08236682,-0.14800833,-0.14508453,-0.15677261,-0.19745331,-0.0531248,-0.10728601,-0.21876349,0.10117178,-0.23687641,-0.327773,0.23437928,-0.19495226,3479000.05722374,0.10261064,0.12552823,0.07901628,-0.18670097,0.187796,0.03233246,0.50780433,0.09637469,0.01919452,0.35238448,-0.0849474,-0.14493814,-0.14085287,-0.16071707,-0.20002016,-0.04869249,-0.09762519,-0.22361296,0.09997953,-0.23851193,-0.33053222,0.23260239,-0.19766803,3480000.0582624,0.10392399,0.12739109,0.0800562,-0.18534797,0.18350218,0.02972064,0.50524735,0.09403528,0.01659289,0.34444591,-0.08598457,-0.14948578,-0.14000365,-0.1590116,-0.19956489,-0.05237038,-0.11456222,-0.22475533,0.10259157,-0.24265306,-0.33178401,0.24120535,-0.19626372,3481000.05970505,0.10500918,0.12425962,0.08192276,-0.18985739,0.18525907,0.03908971,0.50741452,0.09428871,0.01523474,0.34904301,-0.08623465,-0.1523474,-0.14894855,-0.15928261,-0.2005129,-0.05068026,-0.10621305,-0.22383295,0.10092047,-0.23451802,-0.3334001,0.23427911,-0.19598237,3482000.0588518,0.10843743,0.12547474,0.08074616,-0.19243792,0.18493277,0.03340203,0.50436819,0.09353858,0.01385833,0.34118545,-0.08887558,-0.1381197,-0.1481341,-0.15563183,-0.20226535,-0.052892,-0.10844796,-0.22575793,0.10211717,-0.23145331,-0.3330175,0.23660457,-0.1928912,3483000.06012464,0.10817941,0.12429139,0.08291189,-0.19417471,0.18846965,0.03382114,0.50629467,0.09042142,0.01006425,0.34006214,-0.08687297,-0.14300117,-0.15061672,-0.15782911,-0.19950554,-0.05470326,-0.10382097,-0.22283019,0.09871245,-0.23618184,-0.33306894,0.23804696,-0.19840965,3484000.05869719,0.11448889,0.12888701,0.08494078,-0.19519089,0.18831788,0.02896197,0.50594234,0.09421471,0.00814846,0.35164249,-0.08813552,-0.14590672,-0.15034053,-0.16143698,-0.20005554,-0.0467908,-0.10339407,-0.22104029,0.10229567,-0.2415359,-0.33235082,0.24161302,-0.20040965,3485000.05443491,0.10862639,0.12266136,0.07775576,-0.18505058,0.18350641,0.0297777,0.50572062,0.09157662,0.01624583,0.34586084,-0.08529845,-0.14275378,-0.14779553,-0.15897453,-0.19982029,-0.04639738,-0.10435756,-0.21779878,0.10712442,-0.23717321,-0.33089149,0.24138311,-0.20024559,3486000.05366086,0.10443055,0.12259966,0.07333439,-0.1799953,0.18113479,0.03801564,0.50629628,0.09506467,0.02697462,0.35114217,-0.07450584,-0.14078365,-0.13981555,-0.15330425,-0.19840869,-0.04415232,-0.10630173,-0.22271705,0.10530366,-0.24292959,-0.3292754,0.23482603,-0.20476872,3487000.05733219,0.1021179,0.12871356,0.07706508,-0.18333635,0.1848674,0.03801996,0.50739455,0.09471629,0.0226961,0.35735035,-0.07961811,-0.14274445,-0.14338261,-0.15522133,-0.19784883,-0.04619829,-0.10679714,-0.22025929,0.10483267,-0.23994181,-0.33194029,0.23729692,-0.19230677,3488000.05455836,0.10832501,0.12603542,0.07779285,-0.18416233,0.18125546,0.04045797,0.50565368,0.09423954,0.01893351,0.35438004,-0.08231805,-0.13971029,-0.14240399,-0.15744357,-0.19964585,-0.04561214,-0.10141263,-0.21899208,0.10536842,-0.23521131,-0.33392826,0.23905136,-0.19905138,3489000.05302494,0.10834765,0.12397751,0.08058207,-0.18725997,0.18309574,0.03627875,0.50551832,0.0933097,0.01888248,0.35089988,-0.07911695,-0.14242925,-0.14265975,-0.15632814,-0.19940038,-0.04967858,-0.11143347,-0.22126423,0.10224238,-0.23479952,-0.3355816,0.23756804,-0.19982088,3490000.05711522,0.11174235,0.12580845,0.08012329,-0.19225825,0.18260098,0.03451187,0.50856531,0.09236378,0.01618217,0.34570923,-0.08489194,-0.15041716,-0.13937035,-0.15546778,-0.19895059,-0.05193316,-0.10407405,-0.21997543,0.10889168,-0.23504478,-0.33660778,0.24012731,-0.20325695,3491000.05829382,0.1130117,0.12727353,0.08303083,-0.19203016,0.18122303,0.03321283,0.50639951,0.09252966,0.01306737,0.35100898,-0.08629827,-0.15093508,-0.14312796,-0.15833467,-0.19717164,-0.04454713,-0.10265782,-0.22000782,0.09830355,-0.24096815,-0.33431721,0.24134682,-0.19968738,3492000.05919356,0.11384156,0.12665701,0.08617016,-0.19266711,0.19003433,0.03345057,0.5058803,0.0918303,0.01019573,0.35094962,-0.0874734,-0.14815955,-0.14233278,-0.15842669,-0.1984845,-0.04362457,-0.10833443,-0.21954794,0.10316335,-0.23734356,-0.33453006,0.2433877,-0.20039961,3493000.05627826,0.10569672,0.12361712,0.07759169,-0.17934726,0.18521847,0.03795757,0.50512046,0.09109967,0.02047152,0.34838066,-0.08564245,-0.15034439,-0.14111517,-0.15596858,-0.1968765,-0.04571577,-0.09948704,-0.21749359,0.10737431,-0.23644133,-0.33312714,0.24044965,-0.19866371,3494000.05444999,0.10406275,0.12228218,0.07224031,-0.17758432,0.18372715,0.04294911,0.50653255,0.09324618,0.02619289,0.35659105,-0.07881642,-0.14585023,-0.13944717,-0.15174593,-0.19369031,-0.04459016,-0.09169185,-0.21644209,0.1001621,-0.23643164,-0.33262715,0.2387483,-0.19475473,3495000.05033094,0.10523987,0.12476196,0.07701588,-0.18348569,0.17981628,0.03823134,0.50630867,0.09659619,0.02230198,0.35176122,-0.07920653,-0.15221147,-0.14105076,-0.15447459,-0.1973494,-0.04474772,-0.0988543,-0.2171337,0.10253272,-0.23329429,-0.33563021,0.24113378,-0.20304966,3496000.05595251,0.10592294,0.12467701,0.0738256,-0.18476708,0.1771315,0.04307036,0.50871927,0.09404036,0.01933138,0.34832126,-0.08243372,-0.1426522,-0.14248411,-0.15304233,-0.1976909,-0.04430483,-0.10365824,-0.22368266,0.10614971,-0.24365854,-0.33807355,0.2356912,-0.19912718,3497000.05604519,0.10652894,0.12707402,0.07571968,-0.19166218,0.18149327,0.03868145,0.50568628,0.09346225,0.0176021,0.34420231,-0.08692825,-0.14579719,-0.1356734,-0.15659238,-0.19771171,-0.04572816,-0.09635533,-0.21965091,0.10815093,-0.24000683,-0.33804843,0.2397712,-0.20913446,3498000.0530847,0.10495806,0.12848286,0.0795484,-0.19095747,0.18039654,0.03545738,0.50453025,0.0940001,0.01519902,0.34944823,-0.08678496,-0.14952467,-0.13741526,-0.1604176,-0.19915698,-0.04934694,-0.10771997,-0.22023897,0.10847068,-0.24112314,-0.3382903,0.23704687,-0.20260429,3499000.05770424,0.11062858,0.13167527,0.08157395,-0.19736484,0.18379501,0.03545388,0.50406027,0.09410146,0.01238355,0.34452707,-0.0912109,-0.14761926,-0.14910096,-0.15732875,-0.19782127,-0.05292318,-0.10776808,-0.22103103,0.10174593,-0.23387626,-0.3371377,0.24067618,-0.20002751,3500000.05579741,0.11244843,0.13071674,0.08355635,-0.19203065,0.18557881,0.03670463,0.50919545,0.0929589,0.01073436,0.33704224,-0.0912432,-0.142617,-0.14991437,-0.16065626,-0.19688113,-0.04978435,-0.10076374,-0.2213624,0.11249064,-0.23347701,-0.33683914,0.24479559,-0.19653426,3501000.05499185,0.10583175,0.12211525,0.07584432,-0.18200825,0.17610231,0.03459598,0.50710487,0.0940293,0.02036589,0.33583918,-0.08123111,-0.15316162,-0.1354067,-0.15650073,-0.19541876,-0.04858682,-0.1039485,-0.21808396,0.10328092,-0.23972487,-0.33591151,0.23894243,-0.20313074,3502000.05406109,0.10425183,0.12814489,0.07549194,-0.18167371,0.1771315,0.04556303,0.50809973,0.09452776,0.02416437,0.34202358,-0.08065058,-0.14943038,-0.13496673,-0.1517233,-0.19570175,-0.04684292,-0.09953385,-0.22176847,0.10828943,-0.23326114,-0.33782843,0.23905136,-0.20927599,3503000.05203083,0.10584719,0.12376654,0.07654954,-0.18734142,0.17808619,0.03646922,0.50811458,0.09548758,0.01922689,0.34862256,-0.08597691,-0.14440732,-0.14321092,-0.1566028,-0.19558637,-0.04773718,-0.09996808,-0.21694683,0.10753202,-0.23194461,-0.33918941,0.23753607,-0.20194474,3504000.05334818,0.10553056,0.12608159,0.07683777,-0.18717645,0.17695773,0.03528934,0.50666177,0.09381846,0.01671168,0.33883724,-0.0854449,-0.14420575,-0.14462374,-0.15560067,-0.19722681,-0.05050643,-0.10549403,-0.21992378,0.10367116,-0.23594232,-0.34065494,0.23908928,-0.20373435,3505000.05590497,0.10661736,0.12610906,0.07694772,-0.1915962,0.1776118,0.03147008,0.50738221,0.09444311,0.01540088,0.33665821,-0.09044331,-0.15886478,-0.14236967,-0.157232,-0.19825536,-0.05357691,-0.09553946,-0.22036347,0.10070871,-0.23841392,-0.34224865,0.23416205,-0.20484535,3506000.05502164,0.10988465,0.12210254,0.07912008,-0.19279097,0.18055789,0.03225931,0.50729638,0.093564,0.01265594,0.33493578,-0.09125973,-0.1554051,-0.14250872,-0.15885752,-0.19837834,-0.05513843,-0.10188509,-0.21940041,0.10770189,-0.23778436,-0.34312037,0.23903263,-0.2050349,3507000.05691303,0.11318751,0.12723717,0.08249216,-0.19823587,0.18149327,0.03321283,0.50861692,0.09403791,0.00909407,0.33728886,-0.09704441,-0.15286842,-0.14263262,-0.16052887,-0.19891837,-0.05464181,-0.10423009,-0.21903911,0.10448886,-0.24681568,-0.34191748,0.24108039,-0.20025724,3508000.05612275,0.10672123,0.12599912,0.07956006,-0.19440943,0.18445002,0.03266532,0.50445902,0.09310412,0.01022359,0.3334398,-0.09491336,-0.15342779,-0.14546323,-0.15972093,-0.1978102,-0.05434485,-0.09867033,-0.22111307,0.10251689,-0.23066652,-0.33942583,0.23627037,-0.19564213,3509000.05223499,0.10215604,0.12007958,0.0713332,-0.17862844,0.17914988,0.03767017,0.50517023,0.09453814,0.02098127,0.33753759,-0.08742734,-0.15104896,-0.14216702,-0.15720692,-0.19572558,-0.0511906,-0.10678602,-0.21873179,0.1016341,-0.23515193,-0.33839014,0.23326555,-0.20138359,3510000.05348717,0.10247082,0.11944931,0.07228111,-0.18969871,0.18330015,0.037248,0.50425333,0.09538499,0.02054206,0.34520751,-0.08527066,-0.16124596,-0.14233637,-0.1555631,-0.19710453,-0.05342574,-0.10874234,-0.21759026,0.09624359,-0.24357621,-0.3418299,0.22769853,-0.20396759,3511000.05089942,0.10555483,0.12443762,0.07506057,-0.19206943,0.18426895,0.04190497,0.50806963,0.0973687,0.01747855,0.34371391,-0.09393889,-0.16068193,-0.14808826,-0.15596785,-0.19770993,-0.0535065,-0.10226449,-0.21783222,0.0987635,-0.24632381,-0.34220329,0.2371839,-0.20342429,3512000.05237191,0.10206786,0.12506376,0.07579927,-0.1913368,0.18550791,0.03406078,0.50720847,0.09760351,0.01483055,0.33588633,-0.09200028,-0.16592461,-0.14651616,-0.15391675,-0.19873346,-0.05566099,-0.09095623,-0.21618891,0.10341908,-0.24344864,-0.34331629,0.23805997,-0.21352442,3513000.05311536,0.10364371,0.12260947,0.07691304,-0.19492728,0.18841499,0.03871598,0.50555152,0.09755135,0.01371354,0.33400229,-0.09237439,-0.15330447,-0.14481765,-0.1581354,-0.19762719,-0.05379578,-0.09781782,-0.22366461,0.10628097,-0.23498304,-0.34366155,0.23665024,-0.21259989,3514000.0551916,0.11146373,0.12362368,0.08012329,-0.19615483,0.18481742,0.03573842,0.50478524,0.09654479,0.01182086,0.33626992,-0.09190329,-0.15602227,-0.14509924,-0.15988417,-0.1976261,-0.05888579,-0.10506799,-0.22071189,0.09666032,-0.23907134,-0.3438758,0.23818798,-0.20398913,3515000.05533078,0.10830256,0.12540665,0.08077694,-0.19977497,0.18148221,0.02841737,0.50694871,0.09767782,0.00843954,0.33862078,-0.09554504,-0.15751579,-0.13800541,-0.15986912,-0.19846618,-0.05797923,-0.10344892,-0.21731356,0.10138095,-0.24859607,-0.34308654,0.23869565,-0.20127751,3516000.054961,0.10086838,0.12233683,0.07449588,-0.18642591,0.17851572,0.03974044,0.50162578,0.09732161,0.01679661,0.34128603,-0.08548241,-0.14920783,-0.13908748,-0.15577675,-0.19651033,-0.05459055,-0.10313363,-0.21986274,0.10276837,-0.23563313,-0.34174314,0.23477174,-0.20318362,3517000.05113483,0.10072628,0.12421911,0.07231984,-0.18627483,0.17833397,0.03712209,0.5063625,0.09784754,0.02455758,0.34135479,-0.08324879,-0.14608034,-0.14024411,-0.15782438,-0.19641343,-0.05177559,-0.10191694,-0.22371432,0.09964654,-0.24885435,-0.34255835,0.23866543,-0.20431586,3518000.05119336,0.10699819,0.12407635,0.07560981,-0.18996637,0.18017091,0.03781816,0.5059607,0.0995204,0.01836519,0.33496532,-0.0885197,-0.15369233,-0.14410909,-0.15850273,-0.19629446,-0.05589519,-0.10768014,-0.22219189,0.10288371,-0.25412446,-0.346421,0.23760895,-0.20880906,3519000.05057199,0.10296453,0.12396079,0.07660647,-0.1925586,0.17899981,0.03741284,0.50183272,0.10030291,0.01672718,0.33288205,-0.09380929,-0.16223466,-0.14499898,-0.15987965,-0.19674653,-0.05136181,-0.10450485,-0.21755828,0.10341908,-0.24729724,-0.34602365,0.23509143,-0.21184057,3520000.04996731,0.10430276,0.12432844,0.07645461,-0.19916797,0.17993449,0.03780003,0.50345182,0.09886217,0.01596677,0.3393544,-0.08943479,-0.15894073,-0.13967423,-0.16029923,-0.19899349,-0.04903857,-0.10585587,-0.21968217,0.09703234,-0.24537909,-0.3468031,0.23827247,-0.21009482,3521000.05055834,0.10653053,0.12229985,0.07939545,-0.19660489,0.18225557,0.03978426,0.50271612,0.09736225,0.01384349,0.341088,-0.09553799,-0.16293572,-0.14175674,-0.16183415,-0.19963731,-0.05378518,-0.10762424,-0.22113484,0.09701678,-0.24562137,-0.34638742,0.24560639,-0.2163849,3522000.05562371,0.10557222,0.12250055,0.08350778,-0.2007419,0.18334211,0.03427249,0.50345433,0.09774444,0.01117814,0.3401598,-0.09734753,-0.15230945,-0.14017169,-0.16510718,-0.20028627,-0.05362498,-0.10244782,-0.223812,0.1029251,-0.24548021,-0.34495512,0.24145783,-0.21448861,3523000.05165919,0.10636957,0.12552163,0.07957808,-0.1956602,0.18524347,0.03862609,0.50306511,0.09982965,0.01287838,0.33770376,-0.09524833,-0.15160438,-0.1404486,-0.16468422,-0.19906563,-0.05484321,-0.11160547,-0.22083913,0.10311623,-0.24355325,-0.34375921,0.236109,-0.20943151,3524000.05012876,0.09970469,0.12002882,0.0714729,-0.18277791,0.1795579,0.04727346,0.50401062,0.1027758,0.02606098,0.33942017,-0.08603908,-0.15331274,-0.1470238,-0.1623698,-0.19681889,-0.05223887,-0.10556994,-0.21968521,0.10126906,-0.24420454,-0.34363216,0.23100139,-0.20595148,3525000.04962962,0.10050678,0.11967759,0.07204234,-0.18655126,0.18141747,0.04720928,0.50232345,0.1020599,0.02409649,0.34222472,-0.09047583,-0.15505256,-0.14031687,-0.15551877,-0.19930056,-0.05375478,-0.1124903,-0.22040713,0.1020152,-0.25658846,-0.3468616,0.23163185,-0.21178648,3526000.05198113,0.10138271,0.12545589,0.07623885,-0.19207631,0.18335366,0.04420067,0.50153208,0.10197704,0.01840753,0.33449206,-0.092113,-0.15692665,-0.13133396,-0.15585604,-0.19925196,-0.06025168,-0.11645819,-0.22128282,0.10589725,-0.25316009,-0.34977782,0.23405619,-0.21294969,3527000.05334622,0.09966272,0.12376332,0.07772495,-0.19458675,0.17861255,0.04299298,0.50491375,0.09945802,0.01730825,0.34085307,-0.09461608,-0.15567477,-0.13711192,-0.16205762,-0.20093124,-0.05541697,-0.11323059,-0.21968533,0.1056696,-0.25197601,-0.35078868,0.23986402,-0.21644194,3528000.05277194,0.10191578,0.12884644,0.07645866,-0.19758552,0.17873067,0.03961609,0.50080401,0.1009934,0.01499771,0.32803985,-0.09610246,-0.16719387,-0.13898848,-0.16247199,-0.20011161,-0.05527885,-0.10403112,-0.22160934,0.09998833,-0.25442293,-0.34840909,0.23636596,-0.21300918,3529000.05700568,0.10173847,0.12893151,0.07849021,-0.19774225,0.18181592,0.03716257,0.50324792,0.09987361,0.0122423,0.32875222,-0.10155613,-0.1620543,-0.13614458,-0.16475478,-0.20085487,-0.05698345,-0.11983103,-0.22181721,0.10324384,-0.24600863,-0.34983662,0.24144807,-0.21683408,3530000.05624516,0.10508629,0.12709706,0.08336186,-0.20522177,0.18207391,0.03456213,0.50347143,0.10017519,0.01037213,0.32988402,-0.10028888,-0.16826169,-0.14014234,-0.16498414,-0.20155856,-0.05594625,-0.12243608,-0.22487801,0.09983153,-0.24470885,-0.34924993,0.23587817,-0.2173727,3531000.05203083,0.10252944,0.12388489,0.07715809,-0.19533649,0.18055713,0.03857538,0.50251746,0.10033744,0.01380768,0.33598155,-0.10139723,-0.16212879,-0.14608179,-0.16262206,-0.20114185,-0.0561779,-0.11560739,-0.22002734,0.10171732,-0.25266367,-0.34696934,0.23935023,-0.21917373,3532000.05048356,0.09693246,0.11945739,0.06903585,-0.18849763,0.17759323,0.04639846,0.50192833,0.10092514,0.02395961,0.32848969,-0.09359201,-0.146898,-0.13660376,-0.16070513,-0.19760428,-0.06047726,-0.11268666,-0.22336891,0.09656563,-0.25029397,-0.34742656,0.23598114,-0.21171172,3533000.05043345,0.0945107,0.12373269,0.06988168,-0.19658756,0.17829029,0.04205454,0.5041045,0.1007095,0.02056802,0.32346189,-0.09499975,-0.1597656,-0.13739215,-0.16155575,-0.19800425,-0.06090583,-0.11265944,-0.2253518,0.09360977,-0.25805792,-0.35160571,0.23534119,-0.21598776,3534000.04852881,0.09519707,0.12434904,0.0728805,-0.20018958,0.18028879,0.04006524,0.5065459,0.09886622,0.0170969,0.32971597,-0.10428824,-0.17402123,-0.13887084,-0.16538322,-0.20071462,-0.06185618,-0.11222224,-0.22776186,0.09675637,-0.26476514,-0.35654482,0.23225094,-0.22035091,3535000.05094362,0.09595623,0.12409704,0.07371782,-0.20053111,0.17998801,0.03783974,0.50234568,0.09935401,0.01453359,0.32597584,-0.10452334,-0.16322798,-0.13907506,-0.16246656,-0.20161317,-0.06209082,-0.11397506,-0.22874373,0.09827081,-0.26277536,-0.35495225,0.23218295,-0.21839225,3536000.05435374,0.09809961,0.12262943,0.07673912,-0.20643258,0.17876275,0.03642739,0.50645167,0.0966299,0.01305596,0.33668756,-0.10813551,-0.17017108,-0.14311227,-0.16522588,-0.20143688,-0.0647497,-0.11327883,-0.22796409,0.09298752,-0.26328906,-0.3559213,0.23354149,-0.21991859,3537000.05698976,0.09964477,0.12737189,0.0772776,-0.21213521,0.18176223,0.04021512,0.50591069,0.09776321,0.00998092,0.32104653,-0.11613948,-0.18143663,-0.14331038,-0.16713473,-0.20445362,-0.0617038,-0.11373387,-0.22837618,0.09923486,-0.25979468,-0.35576826,0.23508,-0.2182965,3538000.05616749,0.10433467,0.1270369,0.07982977,-0.21479999,0.18298858,0.03431321,0.50361371,0.09846602,0.00671739,0.32615393,-0.11327385,-0.17586438,-0.13892069,-0.16819659,-0.20406888,-0.0650111,-0.11629707,-0.23092903,0.1044391,-0.25539076,-0.35444725,0.23937257,-0.21962219,3539000.05654081,0.10278976,0.12574141,0.07990301,-0.21212494,0.1807189,0.03206252,0.50410569,0.09887734,0.00655437,0.32838273,-0.11201264,-0.17507429,-0.13625135,-0.16601004,-0.20322427,-0.06482194,-0.11059555,-0.2275216,0.10410301,-0.25887424,-0.35462624,0.23563834,-0.21314499,3540000.05229632,0.09351249,0.1230106,0.07196078,-0.19791524,0.17898907,0.03972017,0.50045621,0.10125978,0.01813452,0.33486912,-0.10592628,-0.16219544,-0.13251615,-0.16262937,-0.20104621,-0.06272984,-0.12325212,-0.22839032,0.10173918,-0.25507712,-0.35188583,0.22885171,-0.21589585,3541000.05227783,0.09174891,0.12432844,0.07051912,-0.20211896,0.17990196,0.04044391,0.5067898,0.09846286,0.02091363,0.32633403,-0.10336125,-0.15976261,-0.13743019,-0.16360199,-0.20200391,-0.06742609,-0.11608072,-0.22435999,0.10057832,-0.25748947,-0.35484591,0.22805089,-0.21642058,3542000.05134866,0.09254012,0.12782511,0.07130596,-0.2088681,0.18661726,0.03646033,0.50630468,0.09770836,0.01551928,0.31865335,-0.10544711,-0.17937018,-0.13774423,-0.15988918,-0.20386715,-0.06439847,-0.11378798,-0.22996235,0.09399917,-0.26348218,-0.35871726,0.23466118,-0.22249587,3543000.05283548,0.09324984,0.12282689,0.07168452,-0.20723028,0.18451741,0.0384372,0.50643599,0.09890604,0.01321032,0.33019733,-0.11058225,-0.166379,-0.14389122,-0.16320409,-0.20319557,-0.06679693,-0.11615065,-0.22944181,0.09150598,-0.25686893,-0.35980916,0.23932877,-0.22925305,3544000.05190613,0.09861697,0.13017167,0.07408606,-0.2107206,0.18110614,0.03924046,0.50517988,0.09671845,0.01201802,0.32682222,-0.11484526,-0.16840976,-0.1413561,-0.16269103,-0.2065229,-0.07233675,-0.11978059,-0.23080666,0.09960738,-0.26276964,-0.35978895,0.23722294,-0.22609575,3545000.05347088,0.09689494,0.12853116,0.07599999,-0.21475704,0.18616605,0.03032152,0.50552303,0.0979528,0.008769,0.31661004,-0.11883593,-0.18089803,-0.14241925,-0.16514999,-0.20557426,-0.06893642,-0.11781634,-0.23151943,0.0953825,-0.25582579,-0.36079907,0.23257482,-0.22509865,3546000.05657168,0.09749048,0.12754489,0.07828203,-0.21823645,0.18502404,0.03063468,0.50484538,0.09601457,0.00505999,0.32078102,-0.12014379,-0.18045485,-0.13611965,-0.16840005,-0.20564979,-0.06805439,-0.11360576,-0.22928539,0.09557696,-0.25821602,-0.35861778,0.23042399,-0.22459812,3547000.05449576,0.09911123,0.12870613,0.07832535,-0.21444137,0.18585202,0.03220363,0.50316364,0.09589078,0.00397777,0.32412395,-0.11548834,-0.18124932,-0.13921289,-0.16544312,-0.20616652,-0.07054874,-0.12933597,-0.22926371,0.10222059,-0.25405663,-0.35733643,0.23781647,-0.21989115,3548000.05717686,0.09317119,0.12766668,0.07143991,-0.2086661,0.18320012,0.03881449,0.50244784,0.09704763,0.01306201,0.32314673,-0.10950656,-0.1784163,-0.13836573,-0.16125356,-0.20406251,-0.06866597,-0.12814185,-0.22847719,0.09573879,-0.25617138,-0.35692012,0.23472576,-0.22094801,3549000.05167945,0.08865388,0.12746477,0.06994086,-0.20511258,0.18164282,0.0372793,0.50346673,0.09742682,0.02045092,0.33496344,-0.10880478,-0.1685871,-0.13493606,-0.16182153,-0.20504369,-0.06723399,-0.11670535,-0.22667012,0.09542077,-0.25787839,-0.35722977,0.23426464,-0.22202776,3550000.055503,0.09619388,0.12895913,0.07371584,-0.21215901,0.18690799,0.03301599,0.50427884,0.09626371,0.0164877,0.32892045,-0.10695904,-0.18318021,-0.13496062,-0.16378488,-0.20664541,-0.06768385,-0.11815939,-0.22909351,0.09043261,-0.26400548,-0.36124384,0.23297857,-0.22300357,3551000.05365855,0.09481083,0.12334117,0.07295859,-0.21486473,0.18457098,0.03986168,0.50289363,0.09518723,0.01379626,0.32455754,-0.11232512,-0.17229469,-0.13849552,-0.16602889,-0.20618074,-0.06692677,-0.12438489,-0.23224206,0.09031979,-0.26388791,-0.36369032,0.23350419,-0.22206444,3552000.05266599,0.09399427,0.12427382,0.0755985,-0.21064508,0.18441997,0.03471275,0.50304544,0.09739518,0.01337133,0.31899807,-0.11121284,-0.18432382,-0.13625528,-0.16615614,-0.20765997,-0.06644952,-0.11538938,-0.23410894,0.09466288,-0.26282504,-0.36427313,0.23950215,-0.21893765,3553000.05327058,0.09556299,0.12777504,0.07912637,-0.21511793,0.18844777,0.02892805,0.50312406,0.098176,0.01118284,0.31149012,-0.11671068,-0.18880217,-0.13241966,-0.16666268,-0.20839185,-0.06979363,-0.12357658,-0.22834498,0.09322633,-0.26253945,-0.36343721,0.23353863,-0.21611543,3554000.05344021,0.09821977,0.12817451,0.08064345,-0.22313032,0.18412943,0.03302785,0.50425965,0.09708741,0.00858611,0.32063264,-0.11789417,-0.17637867,-0.13950813,-0.17315596,-0.20728427,-0.06813546,-0.13994889,-0.23002784,0.09779589,-0.26121178,-0.36327207,0.24141723,-0.22768362,3555000.05537875,0.10052123,0.12896675,0.07779351,-0.21702096,0.18390189,0.03038256,0.50285596,0.09477402,0.00821986,0.31884855,-0.11235974,-0.17279382,-0.13489012,-0.17207904,-0.20824672,-0.06837802,-0.12687337,-0.22996058,0.09265891,-0.2632837,-0.35989603,0.23917943,-0.21653464,3556000.05477509,0.09916576,0.12625849,0.07600991,-0.20801938,0.18416843,0.03428641,0.50351089,0.09705957,0.01606016,0.32132506,-0.11472574,-0.16893786,-0.1313193,-0.16739407,-0.20618412,-0.06440168,-0.13019861,-0.23167923,0.09408867,-0.26800445,-0.35871696,0.23617719,-0.22159034,3557000.05539365,0.10301243,0.12498683,0.08223246,-0.21517545,0.18748528,0.03866499,0.50168931,0.09915643,0.01280783,0.32729268,-0.11264781,-0.17098215,-0.13239695,-0.16714723,-0.20639467,-0.06366835,-0.12198632,-0.23210353,0.10358649,-0.26101279,-0.36106804,0.23377417,-0.21317945,3558000.05424702,0.09820691,0.12676784,0.08239534,-0.22030444,0.18842269,0.03079823,0.50280136,0.09585677,0.00994218,0.32604933,-0.10908073,-0.17322864,-0.13441217,-0.16706838,-0.20671628,-0.0624101,-0.13039218,-0.23335603,0.10395156,-0.25820869,-0.36055037,0.23214081,-0.22199912,3559000.05499085,0.10013383,0.12682664,0.0840433,-0.21824466,0.18788187,0.03588542,0.50227189,0.09578491,0.00908357,0.32585275,-0.10440946,-0.17622986,-0.12910257,-0.17145361,-0.20838888,-0.06577334,-0.1232717,-0.23625244,0.09900475,-0.26341334,-0.35965261,0.2390054,-0.22445419,3560000.05911602,0.10369086,0.129988,0.08581705,-0.22043836,0.18802069,0.03066682,0.50330895,0.09578076,0.00707701,0.32219815,-0.10429479,-0.18109804,-0.13536716,-0.17478541,-0.20773526,-0.06451026,-0.13353179,-0.23283635,0.104807,-0.25322375,-0.35925224,0.23710433,-0.21195467,3561000.05840241,0.10465172,0.13187927,0.08874243,-0.21477972,0.18649033,0.03315444,0.5023545,0.09872569,0.00537967,0.31736219,-0.10549748,-0.17979148,-0.1369098,-0.17625573,-0.20853581,-0.05841846,-0.1239345,-0.23174119,0.10100355,-0.24956226,-0.35830128,0.23768756,-0.20981857,3562000.06145987,0.10644042,0.13083525,0.09011898,-0.21912433,0.1875526,0.03179719,0.50073606,0.09682828,0.00357776,0.32711998,-0.10534741,-0.18338534,-0.12708955,-0.18002066,-0.20780377,-0.06272051,-0.12862368,-0.23188853,0.10269516,-0.26399162,-0.35570753,0.24075432,-0.21517521,3563000.0618013,0.10434107,0.12841079,0.09016464,-0.21635976,0.18931353,0.02927998,0.49994949,0.0947528,0.0031966,0.32544476,-0.10256821,-0.18131632,-0.1229202,-0.17477404,-0.20883699,-0.05820239,-0.12238184,-0.2316571,0.10062262,-0.26007766,-0.35525212,0.24114338,-0.21667834,3564000.05759511,0.09763949,0.12559588,0.07776491,-0.20011584,0.18738523,0.03623694,0.50205988,0.09784163,0.02047898,0.33337006,-0.09031006,-0.16357115,-0.12204973,-0.17224786,-0.20596182,-0.05282064,-0.12429892,-0.22890712,0.093841,-0.25202659,-0.35111982,0.24136657,-0.21276402,3565000.0579519,0.09817493,0.12143026,0.07755302,-0.19493257,0.18563421,0.04179817,0.5075134,0.10007577,0.02951984,0.33226672,-0.08095496,-0.1636018,-0.12252619,-0.16994648,-0.20489934,-0.05100033,-0.12223008,-0.22814095,0.09607153,-0.25554651,-0.35242686,0.23754549,-0.21481268,3566000.06051105,0.09919159,0.12795855,0.07772104,-0.20132573,0.18543541,0.03979615,0.50770253,0.10265741,0.02571759,0.3353298,-0.08061785,-0.16880861,-0.12206158,-0.16695298,-0.20521767,-0.04665925,-0.11346476,-0.22788265,0.09487689,-0.25183985,-0.35596338,0.23779015,-0.21919964,3567000.05875837,0.10293875,0.125507,0.07978503,-0.20175104,0.18623288,0.04399442,0.50656009,0.10481144,0.02479298,0.33782887,-0.08015422,-0.16703819,-0.12113778,-0.16682009,-0.20402545,-0.04473758,-0.11416809,-0.22591293,0.09197444,-0.25702545,-0.35619852,0.23890145,-0.22288181,3568000.06040233,0.10174999,0.12643722,0.08051127,-0.19945638,0.18640453,0.04342764,0.50390631,0.10485796,0.02350127,0.33298153,-0.07589354,-0.17090999,-0.11596692,-0.16946712,-0.20420575,-0.04338615,-0.10507093,-0.22620969,0.09696432,-0.25635886,-0.35777387,0.2343031,-0.22045983,3569000.0609609,0.10910285,0.13041162,0.08409597,-0.19952554,0.18885191,0.04237395,0.50700319,0.10409983,0.0222475,0.33828467,-0.07761866,-0.16537556,-0.11064742,-0.16750439,-0.20213382,-0.03822947,-0.10673318,-0.22911391,0.09784056,-0.25650829,-0.35754985,0.23718852,-0.21112695,3570000.05942412,0.11205888,0.12903042,0.08659305,-0.1982934,0.1885286,0.04026138,0.50797755,0.1039828,0.01913564,0.33309829,-0.07448161,-0.16098179,-0.11736152,-0.16902113,-0.20093133,-0.03549784,-0.10611635,-0.22617529,0.09516194,-0.25010574,-0.3558571,0.2450697,-0.21132199,3571000.05984241,0.10800336,0.13114554,0.08048323,-0.19306409,0.18970324,0.04991895,0.50630343,0.10335913,0.02564111,0.34167087,-0.06356109,-0.16158535,-0.1134722,-0.16799052,-0.20183156,-0.03540144,-0.10466864,-0.22613133,0.09459855,-0.24325348,-0.35509774,0.23992935,-0.21388537,3572000.06322526,0.10619775,0.12728283,0.08393772,-0.19564342,0.19114965,0.04668744,0.50848341,0.10443912,0.02819809,0.34341589,-0.06696539,-0.16624841,-0.10547134,-0.16569974,-0.20061766,-0.03296339,-0.10229552,-0.22519314,0.09887207,-0.25117341,-0.3551906,0.2360222,-0.21434194,3573000.06231071,0.10962035,0.1308351,0.08935968,-0.20140065,0.19275455,0.04640673,0.50904185,0.10383372,0.02309055,0.34612802,-0.06780422,-0.16416681,-0.11523429,-0.16722474,-0.20090258,-0.03164351,-0.10670595,-0.22512677,0.09735297,-0.24835017,-0.35562128,0.24072093,-0.21903689,3574000.0626664,0.111848,0.13137124,0.0897233,-0.19689421,0.18854211,0.04503372,0.51212627,0.10457316,0.02262508,0.34167713,-0.06932826,-0.16275388,-0.11767375,-0.16666232,-0.19939731,-0.03397575,-0.10447861,-0.22909504,0.09806319,-0.24255989,-0.35543981,0.24105437,-0.21779341,3575000.06535269,0.1143496,0.1323856,0.09342361,-0.19968191,0.18929967,0.04859081,0.50872314,0.10515479,0.02046049,0.32791284,-0.06922372,-0.16242917,-0.11617937,-0.16527253,-0.19781999,-0.02980223,-0.09237766,-0.22530484,0.09773479,-0.25191268,-0.35481125,0.23309419,-0.21374056,3576000.0647444,0.1148859,0.13393809,0.0899431,-0.20532651,0.18994643,0.04177333,0.5087688,0.10533205,0.01803974,0.3346476,-0.06551032,-0.1571151,-0.10656399,-0.16170961,-0.1983235,-0.03062111,-0.09969296,-0.22140262,0.10274006,-0.24983436,-0.3546505,0.24796957,-0.21090457,3577000.06719968,0.12085391,0.13337386,0.09352937,-0.20275986,0.19320212,0.04220648,0.50986338,0.10379174,0.01552035,0.34327632,-0.06686588,-0.15339369,-0.11527837,-0.16875465,-0.19899206,-0.03008849,-0.09476583,-0.22196299,0.10262683,-0.2461659,-0.35371286,0.24773626,-0.21115601,3578000.06887391,0.12079979,0.13266435,0.09600815,-0.19925481,0.19499722,0.04599083,0.51087731,0.10502215,0.0129491,0.34354755,-0.06405084,-0.15158601,-0.1122561,-0.1701645,-0.19792765,-0.02810423,-0.09738939,-0.224298,0.10627526,-0.24454521,-0.3531484,0.2411136,-0.21447609,3579000.06952427,0.11476517,0.13173242,0.09304639,-0.19129705,0.19826382,0.04878011,0.51173967,0.10514615,0.01866896,0.34796262,-0.05997735,-0.16057214,-0.11437465,-0.16999684,-0.19652125,-0.02834293,-0.10038809,-0.22026703,0.10646639,-0.24267079,-0.35049763,0.24097061,-0.20516819,3580000.06599527,0.1110423,0.13029626,0.0836903,-0.17932533,0.19595906,0.05309151,0.51367319,0.10836916,0.0351698,0.34809038,-0.0527413,-0.16242746,-0.10727154,-0.16500132,-0.19723974,-0.02178807,-0.0857861,-0.21884865,0.10072558,-0.24259797,-0.34674606,0.23435999,-0.20896046,3581000.06629898,0.11598411,0.13277856,0.08698845,-0.18385094,0.19750847,0.05012859,0.51369131,0.1098246,0.03439222,0.35029459,-0.04657746,-0.14810885,-0.10550764,-0.16343853,-0.19685575,-0.01577472,-0.09973308,-0.22271605,0.09882487,-0.23813529,-0.34999126,0.23913538,-0.20658074,3582000.06488502,0.11764046,0.13368246,0.08771486,-0.1824207,0.19833045,0.04782951,0.51614594,0.10890558,0.03083243,0.35058087,-0.04750397,-0.14191037,-0.10328455,-0.15838774,-0.19687051,-0.01537255,-0.09434651,-0.22127107,0.09993329,-0.2426635,-0.35254034,0.23988236,-0.21266033,3583000.06670365,0.11959973,0.13520703,0.0881574,-0.18252595,0.19486278,0.05462993,0.51172727,0.11130563,0.02980504,0.35569105,-0.04402619,-0.14193176,-0.10402893,-0.15710248,-0.19639622,-0.01787427,-0.10158024,-0.21928638,0.09499785,-0.2451337,-0.3542408,0.23750378,-0.20986865,3584000.06469865,0.12062067,0.13410605,0.09013281,-0.1909101,0.1928114,0.05292277,0.51343876,0.11019964,0.02955399,0.35424972,-0.04744985,-0.15204504,-0.10841611,-0.16157305,-0.19620183,-0.0147961,-0.09760932,-0.22184426,0.10464722,-0.24292316,-0.35601068,0.2382261,-0.20026419,3585000.06530689,0.11703166,0.13371101,0.09503707,-0.18998548,0.19397308,0.04935788,0.51111352,0.10984752,0.02819535,0.35487816,-0.05057365,-0.14282177,-0.10403933,-0.16554673,-0.19559129,-0.01087986,-0.08895291,-0.22208208,0.10210394,-0.24417113,-0.35460988,0.24569443,-0.2111585,3586000.06727704,0.1163161,0.13207349,0.0918706,-0.18633763,0.198466,0.05451692,0.50973684,0.10933947,0.02713301,0.35947359,-0.04698295,-0.14374562,-0.10423663,-0.15840472,-0.1951503,-0.01491426,-0.08979792,-0.21694387,0.10236518,-0.24438614,-0.35442108,0.2458173,-0.21111977,3587000.06492709,0.11307537,0.1302135,0.08501457,-0.17035998,0.19522047,0.0571413,0.51239514,0.11022086,0.03917579,0.36452478,-0.03831344,-0.14554465,-0.10299128,-0.15469866,-0.19327539,-0.00795253,-0.0828039,-0.22082318,0.10094522,-0.24224313,-0.35329133,0.23949601,-0.20869184,3588000.06519787,0.11783181,0.12810047,0.08441057,-0.17463312,0.19637276,0.05550476,0.51329029,0.11388704,0.04115311,0.35813847,-0.03597205,-0.14001451,-0.10545976,-0.15475398,-0.1938206,-0.01204999,-0.09072722,-0.22029875,0.10239276,-0.24904683,-0.35553378,0.23587687,-0.21887445,3589000.06213907,0.11576208,0.13185103,0.08610076,-0.18385167,0.19539532,0.05567894,0.514763,0.1122563,0.03547636,0.35777456,-0.0443833,-0.13718164,-0.10179342,-0.15529731,-0.19388378,-0.01076556,-0.08875126,-0.22124715,0.0997284,-0.24344109,-0.3587735,0.24543825,-0.21990032,3590000.06226465,0.11388275,0.1324721,0.08771306,-0.18082304,0.19579099,0.05310197,0.51559955,0.10994945,0.03397929,0.36062777,-0.04430262,-0.13794149,-0.10778167,-0.15610425,-0.19226076,-0.00856881,-0.0886353,-0.22110306,0.10295589,-0.24622522,-0.36125246,0.24307263,-0.2158028,3591000.06114712,0.11603117,0.13224617,0.08836184,-0.1819201,0.19508997,0.0564524,0.5125342,0.1094303,0.0324402,0.3550984,-0.04539245,-0.13841806,-0.10876736,-0.15659207,-0.19206621,-0.00972066,-0.08709265,-0.22427501,0.10322443,-0.2476285,-0.36268267,0.24044023,-0.21550795,3592000.06217245,0.11822233,0.1349857,0.09317549,-0.18527211,0.19049653,0.0595869,0.51565754,0.11014447,0.03053742,0.35381922,-0.04527989,-0.13852717,-0.11011467,-0.15888818,-0.19331215,-0.00883879,-0.09376642,-0.22756504,0.10264596,-0.24535862,-0.3638353,0.24658962,-0.21162179,3593000.06902423,0.11782836,0.1349857,0.09121133,-0.19094171,0.18966426,0.05416742,0.51794577,0.10760131,0.03056174,0.36094892,-0.04973857,-0.1420119,-0.11723837,-0.15378913,-0.19393574,-0.01132858,-0.08938776,-0.22404589,0.10515209,-0.23999871,-0.36283728,0.24224728,-0.2195902,3594000.06403361,0.11287931,0.12925541,0.0832848,-0.17613946,0.19060186,0.05967767,0.51590651,0.1073884,0.04083262,0.35842016,-0.04752177,-0.12752993,-0.10542333,-0.14724748,-0.1911314,-0.01242181,-0.08539828,-0.22307925,0.10427667,-0.24756669,-0.36397961,0.24026792,-0.21743111,3595000.06217402,0.10719629,0.12888335,0.08225868,-0.17760344,0.19189104,0.06049418,0.51671153,0.10783432,0.04097812,0.36170906,-0.05354232,-0.13310352,-0.10655535,-0.15027522,-0.19380583,-0.01487491,-0.08092649,-0.22602209,0.10535588,-0.25516662,-0.36810869,0.23417985,-0.22063243,3596000.06201893,0.1116963,0.13227026,0.08432448,-0.18429504,0.19084556,0.05092382,0.51389557,0.1030943,0.03694277,0.35821271,-0.05932405,-0.14590582,-0.10767667,-0.1511616,-0.19580565,-0.01714878,-0.08219781,-0.22752519,0.10155845,-0.26255518,-0.37437671,0.24082896,-0.22331928,3597000.06309246,0.11177438,0.13006473,0.08604798,-0.18536793,0.1932739,0.05549166,0.51297504,0.10334326,0.03476162,0.35306594,-0.05898448,-0.13838913,-0.11754265,-0.15179747,-0.19757327,-0.01421569,-0.09148808,-0.23010874,0.10466662,-0.25503024,-0.37678301,0.23951279,-0.21852586,3598000.06208243,0.1110108,0.13136125,0.08584008,-0.18939142,0.19284348,0.04995909,0.5136044,0.10412604,0.03162042,0.34625322,-0.06320721,-0.14837322,-0.11524108,-0.15467454,-0.19739683,-0.01638411,-0.08523007,-0.22877993,0.11147544,-0.25208601,-0.3787044,0.23980753,-0.22383897,3599000.06080867,0.1130996,0.13246565,0.08695009,-0.19182229,0.19479661,0.04832523,0.51442254,0.10268643,0.02935591,0.34111878,-0.07295467,-0.14751697,-0.1081095,-0.15255091,-0.19874546,-0.02249249,-0.08630642,-0.23325326,0.10451951,-0.26145837,-0.38011295,0.23841102,-0.22112891,3600000.06222246,0.11035683,0.13079704,0.08801562,-0.19659072,0.18781608,0.04285666,0.5145545,0.10260905,0.02700585,0.34914243,-0.07352461,-0.15605992,-0.11606674,-0.15452161,-0.20010333,-0.02533621,-0.09989782,-0.2342505,0.09978122,-0.25463828,-0.37998569,0.23541497,-0.22403453,3601000.06083933,0.10680588,0.12703952,0.08094987,-0.18635836,0.18380645,0.04789374,0.51326573,0.09964968,0.0353237,0.34289786,-0.07242541,-0.15176752,-0.11764022,-0.15067767,-0.19732775,-0.0257992,-0.10197412,-0.23503642,0.10380233,-0.25244454,-0.38097391,0.23069951,-0.23251259,3602000.0572068,0.1019541,0.12711011,0.0774834,-0.18958071,0.18271947,0.05105545,0.51382899,0.09913936,0.03825084,0.34880275,-0.07684474,-0.14024039,-0.11568106,-0.14801879,-0.19849733,-0.03094048,-0.09466206,-0.23559412,0.10360375,-0.26543528,-0.38542318,0.22798415,-0.23605134,3603000.0564606,0.10131655,0.13100322,0.07550545,-0.1944415,0.18699838,0.04330144,0.51166546,0.09654602,0.03320353,0.34266573,-0.08089044,-0.14882036,-0.12464358,-0.14605257,-0.20167622,-0.03636578,-0.09700564,-0.23589396,0.09250583,-0.27260083,-0.39177263,0.22908577,-0.24323599,3604000.06085523,0.10077338,0.12947246,0.07424591,-0.20340662,0.19286424,0.0392956,0.51261532,0.09488643,0.03027736,0.33925787,-0.08458777,-0.15197203,-0.12371102,-0.14874317,-0.20275196,-0.03803044,-0.0920693,-0.23757236,0.09645708,-0.27358425,-0.39621478,0.23315686,-0.24427968,3605000.05771744,0.10132193,0.13071294,0.07845449,-0.2061772,0.19103684,0.0437499,0.51374185,0.09452412,0.02724529,0.34164473,-0.09137836,-0.15482353,-0.12826858,-0.15149729,-0.20433615,-0.04121396,-0.09476854,-0.24052554,0.10174229,-0.27884001,-0.39790183,0.23520088,-0.24442852,3606000.06003164,0.09638473,0.13422915,0.08104569,-0.21162225,0.18838011,0.037148,0.51241255,0.09174541,0.02374285,0.33874324,-0.09507443,-0.16877589,-0.12578696,-0.15404724,-0.20699158,-0.04732034,-0.11350217,-0.24071677,0.09872654,-0.27986336,-0.39778173,0.23342864,-0.24267821,3607000.05902184,0.10224351,0.13261105,0.08155574,-0.21307632,0.18471153,0.03424223,0.5109489,0.09315018,0.021064,0.34140328,-0.10316082,-0.16547202,-0.12646498,-0.15566522,-0.20732139,-0.04437971,-0.11472304,-0.23765498,0.10029931,-0.27105039,-0.39689347,0.23451516,-0.24747093,3608000.05881945,0.10135967,0.13485235,0.08178449,-0.21223068,0.18557467,0.03132064,0.51165259,0.0929694,0.02119776,0.34182388,-0.10244329,-0.17124875,-0.13412818,-0.15163037,-0.20706464,-0.04694141,-0.11121982,-0.24111468,0.1079154,-0.27001062,-0.39703581,0.23074596,-0.24122456,3609000.05430465,0.09263279,0.13323966,0.07307761,-0.20351845,0.18143791,0.03588632,0.50866121,0.0914541,0.02920244,0.33942634,-0.1007876,-0.17823336,-0.13148241,-0.15486139,-0.20843817,-0.0461019,-0.11427216,-0.23826542,0.09809192,-0.27239132,-0.39737114,0.22767328,-0.24802618,3610000.05335482,0.09112258,0.12491603,0.07141276,-0.205879,0.18308277,0.03094109,0.50879532,0.09021046,0.0298239,0.33726585,-0.09915236,-0.17096592,-0.13261215,-0.14503154,-0.20925266,-0.05397496,-0.11418498,-0.2417354,0.08858712,-0.28253445,-0.40199628,0.22609925,-0.25224727,3611000.05192326,0.09053879,0.12918216,0.07194737,-0.21315314,0.1822141,0.03042143,0.50819629,0.08951297,0.02435587,0.32896376,-0.10110628,-0.16729563,-0.13528842,-0.14467615,-0.21165833,-0.05134476,-0.10400508,-0.24445811,0.09937344,-0.28718826,-0.40647012,0.21876165,-0.26045036,3612000.05570832,0.08801518,0.12863009,0.06942848,-0.21420702,0.18086654,0.02902598,0.50620162,0.08845406,0.02116363,0.33360991,-0.10809035,-0.17821252,-0.14227092,-0.15324011,-0.21453173,-0.05602324,-0.11856192,-0.24746291,0.09645162,-0.28560919,-0.40977383,0.22883517,-0.25571015,3613000.05432634,0.08834949,0.12795421,0.07004888,-0.22061187,0.18274237,0.02924934,0.51101226,0.08658448,0.01865288,0.32559797,-0.10705537,-0.16966064,-0.14176708,-0.15376367,-0.2165519,-0.06267795,-0.11963005,-0.24571908,0.09260576,-0.28779188,-0.41100049,0.22603957,-0.25695968,3614000.0546684,0.09149785,0.13275231,0.07136197,-0.22717269,0.18106262,0.02176003,0.5108884,0.08338852,0.01562919,0.32156971,-0.11241361,-0.17922226,-0.1460157,-0.15719058,-0.21589054,-0.06417082,-0.10927732,-0.24710083,0.09955244,-0.2854079,-0.40945292,0.23102047,-0.24838699,3615000.0538151,0.08808387,0.13318123,0.07495272,-0.23321074,0.18347974,0.02266092,0.50958931,0.08458852,0.01366615,0.33586863,-0.12175271,-0.19904113,-0.14420103,-0.15506798,-0.21683136,-0.06487731,-0.12956619,-0.2459237,0.10063253,-0.2855854,-0.40805832,0.23685943,-0.24597703,3616000.05575566,0.09033808,0.1316504,0.07629385,-0.22936146,0.1827241,0.02485389,0.5087297,0.08353039,0.01257501,0.32947978,-0.12112818,-0.19382866,-0.14986917,-0.15662962,-0.21792141,-0.06789907,-0.11591505,-0.24278198,0.10093678,-0.28437299,-0.40634105,0.22961447,-0.25364918,3617000.05264097,0.08397789,0.13100478,0.0714298,-0.22116372,0.18179023,0.02628366,0.50698656,0.08227316,0.0169652,0.32752711,-0.11433635,-0.1892433,-0.14964303,-0.15296459,-0.21746346,-0.06955529,-0.12392541,-0.24609853,0.09743808,-0.28105587,-0.40645915,0.22700159,-0.25415033,3618000.05098001,0.08151104,0.1228053,0.06474839,-0.21915358,0.1802939,0.03336591,0.50825757,0.08497152,0.02589261,0.33304381,-0.11083517,-0.1872173,-0.14996664,-0.1486869,-0.21580824,-0.06465705,-0.1269948,-0.24505962,0.09608904,-0.28391069,-0.40703085,0.22695087,-0.25910032,3619000.05040473,0.08081906,0.12905931,0.06649625,-0.22435756,0.18053968,0.02746037,0.50829309,0.08426726,0.02245803,0.32286376,-0.10905737,-0.18278922,-0.1522806,-0.14777023,-0.21788262,-0.0685275,-0.12461951,-0.24447364,0.09572524,-0.29609641,-0.41130048,0.22649622,-0.26857913,3620000.05228223,0.0833061,0.12920408,0.06828295,-0.22956134,0.18025769,0.02727958,0.50964737,0.08288998,0.02089785,0.32305375,-0.1146382,-0.18985903,-0.15719575,-0.14901032,-0.21978153,-0.07086779,-0.11233153,-0.24284624,0.09257606,-0.29445004,-0.41424182,0.22455199,-0.25882423,3621000.04952266,0.08189341,0.12715484,0.06635791,-0.22857119,0.18099904,0.02452522,0.50962919,0.08361762,0.01862251,0.3192507,-0.11508286,-0.18145923,-0.15158999,-0.15115845,-0.22111888,-0.07482585,-0.12607636,-0.24765562,0.09278394,-0.2957859,-0.4137826,0.2157594,-0.2607553,3622000.05255944,0.08334486,0.13012762,0.06672277,-0.23534119,0.18058953,0.025964,0.50884432,0.08306656,0.01640639,0.32954577,-0.11529533,-0.20087759,-0.15954496,-0.14723811,-0.22187459,-0.07428332,-0.1292221,-0.24948269,0.0932373,-0.28591031,-0.41447464,0.22373292,-0.26318616,3623000.05366286,0.08625693,0.13075577,0.06884295,-0.2331633,0.18093541,0.01753204,0.50764221,0.08240292,0.01429,0.32960057,-0.1113722,-0.19172718,-0.16350776,-0.15256764,-0.22130734,-0.07421476,-0.12554146,-0.24820331,0.09627095,-0.29308105,-0.41182074,0.22585793,-0.26056385,3624000.05184939,0.08617502,0.12892488,0.07115144,-0.23778936,0.18087177,0.01688222,0.50716352,0.08016039,0.01224726,0.32888708,-0.11325242,-0.205485,-0.15649797,-0.15767202,-0.22185652,-0.07550841,-0.13319893,-0.24838813,0.08897641,-0.2911872,-0.40979221,0.22342911,-0.26663297,3625000.05402149,0.08540484,0.1310633,0.06902014,-0.23197879,0.18008935,0.02130433,0.50608414,0.08276369,0.01509433,0.32124242,-0.11448245,-0.18986395,-0.16072595,-0.16067377,-0.22057794,-0.08033122,-0.13878451,-0.24739026,0.09450375,-0.28756914,-0.40888479,0.22806726,-0.25582716,3626000.04990292,0.08128246,0.1238934,0.06235587,-0.2235112,0.17387927,0.02757839,0.50955391,0.08576643,0.02492569,0.32000414,-0.10666213,-0.1907853,-0.16230081,-0.15736063,-0.21802472,-0.08113948,-0.12401985,-0.24731022,0.08934928,-0.27722186,-0.40794274,0.22245897,-0.27078855,3627000.0494018,0.08066159,0.12349925,0.06428316,-0.2273263,0.17424932,0.02686104,0.51108819,0.08704726,0.02373343,0.32639566,-0.10428238,-0.19266169,-0.16830267,-0.15735731,-0.22040981,-0.07771902,-0.12715574,-0.24391536,0.08900252,-0.28443348,-0.41090477,0.22209321,-0.27171788,3628000.05167655,0.07709934,0.1303684,0.06423955,-0.22926374,0.17714915,0.0265185,0.508017,0.08356483,0.0198137,0.32787642,-0.10242233,-0.20311905,-0.16757034,-0.16612348,-0.22091651,-0.07886905,-0.13643861,-0.24517989,0.09092494,-0.28260314,-0.41244295,0.2283504,-0.26388693,3629000.05033961,0.0786647,0.12864064,0.06499651,-0.23093945,0.17663896,0.02230981,0.51140857,0.08578321,0.01998371,0.32529935,-0.10056176,-0.20348451,-0.17068067,-0.169378,-0.2231718,-0.08032314,-0.12152729,-0.24622722,0.09375411,-0.29207432,-0.41323698,0.22859378,-0.2628516,3630000.05195358,0.07951041,0.12997612,0.06871724,-0.23194894,0.17690648,0.0315469,0.51088542,0.08694851,0.01826963,0.3374303,-0.09889,-0.19444431,-0.16567987,-0.16866,-0.2242914,-0.07725628,-0.12401336,-0.24800088,0.08587597,-0.2845256,-0.41305813,0.22300455,-0.26628697,3631000.05425186,0.08110467,0.13142467,0.06980731,-0.23518796,0.18053968,0.02420272,0.51073742,0.08657914,0.01612382,0.33255866,-0.10256448,-0.19460559,-0.1727621,-0.17371142,-0.22584639,-0.07832285,-0.12972617,-0.24608375,0.0853456,-0.28388041,-0.41134274,0.22655481,-0.26619732,3632000.05324316,0.08144087,0.12916462,0.07458705,-0.23735887,0.17923939,0.02454825,0.50934637,0.08894398,0.01295976,0.33641773,-0.10556657,-0.21166639,-0.16525111,-0.17531957,-0.22449329,-0.08159438,-0.13512397,-0.24315597,0.09305758,-0.28561991,-0.40831006,0.22821982,-0.26613858,3633000.05519971,0.08821119,0.13183786,0.07763248,-0.23662318,0.17843503,0.02363085,0.50964767,0.08927161,0.01128372,0.31902629,-0.10289227,-0.21329729,-0.16710284,-0.17251246,-0.22624099,-0.08129153,-0.13591005,-0.24396659,0.09106978,-0.28305402,-0.40681726,0.22952586,-0.25718984,3634000.05417979,0.08205953,0.12918146,0.06862631,-0.2228907,0.17859066,0.02828597,0.50789195,0.08757755,0.02029542,0.31273258,-0.09509248,-0.20587917,-0.16737291,-0.16999105,-0.22352839,-0.07914859,-0.13325012,-0.24266343,0.08719685,-0.27547681,-0.40566945,0.23201549,-0.27114537,3635000.05202537,0.0778804,0.12637161,0.06433227,-0.21799998,0.17915937,0.03297822,0.51088166,0.08927251,0.02722684,0.32988486,-0.08568054,-0.21055301,-0.16290346,-0.16465893,-0.22027618,-0.07775031,-0.12938324,-0.24054575,0.08752267,-0.28282174,-0.40415281,0.23038371,-0.26758644,3636000.0534661,0.08327852,0.12995821,0.06896106,-0.22284047,0.18170662,0.02953442,0.51316208,0.09066762,0.02261237,0.33228761,-0.08459485,-0.20710593,-0.16629867,-0.16741851,-0.22271484,-0.07800911,-0.12417044,-0.24552186,0.09068602,-0.28916401,-0.40875599,0.22844033,-0.25695416,3637000.05011909,0.08246626,0.13050729,0.06708916,-0.22259203,0.18144783,0.0306639,0.51270062,0.09213557,0.01980407,0.32777163,-0.08466302,-0.19472618,-0.17185913,-0.1696291,-0.22445185,-0.07663617,-0.13046165,-0.23975419,0.08727802,-0.28312641,-0.40973035,0.2234298,-0.26559371,3638000.05424338,0.08658103,0.12866412,0.06806485,-0.22254527,0.17806725,0.03005711,0.51637781,0.09351622,0.01892216,0.33135688,-0.08515143,-0.20390108,-0.16997953,-0.17298362,-0.22620532,-0.07459726,-0.13327579,-0.23825125,0.08958342,-0.27821782,-0.40764695,0.22786176,-0.25594187,3639000.05413504,0.08990559,0.13039826,0.07096652,-0.22815046,0.1813073,0.02895081,0.51296914,0.0933389,0.01755319,0.32939234,-0.0897317,-0.21043351,-0.17329258,-0.17499983,-0.2268112,-0.07162545,-0.13512568,-0.24245305,0.08836813,-0.28253236,-0.40640387,0.23362979,-0.25929159,3640000.05360758,0.08686567,0.13360031,0.07566431,-0.22607246,0.18068388,0.02872147,0.51216871,0.09228479,0.01396832,0.32272205,-0.09183589,-0.21959381,-0.1673121,-0.18288803,-0.22672401,-0.07419541,-0.12918516,-0.2450029,0.09050708,-0.2778579,-0.40394509,0.23116213,-0.2626119,3641000.05466253,0.08950509,0.13261409,0.07791854,-0.22720204,0.18125543,0.028465,0.51247984,0.09407628,0.0107201,0.32736111,-0.08627803,-0.21052226,-0.1673077,-0.1851244,-0.22840631,-0.07825892,-0.14163613,-0.24288584,0.08712333,-0.28209716,-0.40248927,0.22860721,-0.26319858,3642000.05914703,0.09464575,0.12727022,0.07893045,-0.22647181,0.18293528,0.02509499,0.50859082,0.09295541,0.01041475,0.32873869,-0.08591738,-0.21046509,-0.16759251,-0.18541555,-0.2272889,-0.0756852,-0.13516447,-0.24556956,0.090838,-0.28088024,-0.40109086,0.22744162,-0.2590332,3643000.05604425,0.08840409,0.12651666,0.07047801,-0.21225685,0.18145964,0.03266398,0.5128901,0.09543039,0.01735842,0.33429962,-0.07695006,-0.20337044,-0.1721274,-0.17786118,-0.22468086,-0.06914558,-0.14191207,-0.24186035,0.08617898,-0.28581557,-0.39837912,0.2258954,-0.24704295,3644000.05216962,0.08759755,0.12931155,0.06933423,-0.2051239,0.18204153,0.04508584,0.51440734,0.09496585,0.02460817,0.3342604,-0.07070141,-0.18594135,-0.16647309,-0.17244786,-0.22230828,-0.06909688,-0.12331143,-0.23992394,0.08224761,-0.27512568,-0.39683133,0.22796232,-0.25786147,3645000.05339323,0.0914793,0.12967397,0.06959262,-0.20952833,0.18638226,0.03602186,0.51695317,0.09763785,0.02189638,0.33779508,-0.07328081,-0.20189962,-0.16635908,-0.17852426,-0.2240997,-0.06920723,-0.13240708,-0.23578492,0.07641327,-0.28011093,-0.39894426,0.22027476,-0.25896433,3646000.05560915,0.09455919,0.13213776,0.06954262,-0.21127851,0.18640335,0.03159289,0.5175277,0.09719709,0.01820197,0.33825019,-0.07633881,-0.20452611,-0.1683391,-0.18154743,-0.22568911,-0.06166106,-0.13724864,-0.24056871,0.08294638,-0.27619749,-0.39915767,0.22606005,-0.25899184,3647000.05743979,0.09552783,0.12806214,0.07386804,-0.209135,0.18347344,0.03453913,0.51584297,0.09674271,0.01647818,0.33737671,-0.07349932,-0.20741023,-0.16608831,-0.18259321,-0.22618075,-0.06872088,-0.13838972,-0.24086377,0.09126887,-0.28008047,-0.39881444,0.23103148,-0.25176191,3648000.05812281,0.09504705,0.12676179,0.07422595,-0.21089906,0.18337628,0.03194154,0.51706821,0.09703745,0.01536971,0.33550254,-0.08082581,-0.20613007,-0.16446015,-0.18347168,-0.22595145,-0.06537982,-0.1306802,-0.23845512,0.08287764,-0.27314261,-0.39698023,0.23390475,-0.24812405,3649000.05742474,0.10051541,0.13386749,0.07694772,-0.21412431,0.18710375,0.0350165,0.51903057,0.09722754,0.01244625,0.3364653,-0.08159192,-0.20807689,-0.16230357,-0.1880471,-0.22536145,-0.06841724,-0.14010639,-0.23808706,0.08951204,-0.27227807,-0.39541081,0.22767831,-0.24965091,3650000.05802994,0.10260294,0.1340998,0.08185588,-0.21197571,0.18616605,0.03360436,0.51359504,0.09525169,0.0095846,0.33472276,-0.08035984,-0.20711452,-0.16320696,-0.19451655,-0.22664256,-0.06451096,-0.13885523,-0.24165602,0.08596917,-0.27235377,-0.39329717,0.23482072,-0.24839275,3651000.05948874,0.09979971,0.13529262,0.08101015,-0.21116556,0.1886977,0.0343974,0.51128244,0.09688655,0.00759133,0.33749926,-0.07665365,-0.2123625,-0.17054321,-0.19327275,-0.22714455,-0.06477337,-0.14013077,-0.23481432,0.08657711,-0.26313761,-0.39036268,0.23449546,-0.25103143,3652000.05897628,0.09844763,0.13147224,0.07176074,-0.20011984,0.18965794,0.03524483,0.51280856,0.09964563,0.01653064,0.33312801,-0.06723029,-0.19202477,-0.16731815,-0.18814687,-0.22526993,-0.06504788,-0.13649833,-0.23577975,0.08419726,-0.2643913,-0.38741547,0.228168,-0.24862994,3653000.05609186,0.09773475,0.12951533,0.07010083,-0.19423825,0.18616338,0.04468462,0.51659155,0.10007788,0.02349654,0.34158787,-0.06403433,-0.20507298,-0.15381609,-0.18326555,-0.2228373,-0.05989585,-0.12401465,-0.23737302,0.08246769,-0.27471766,-0.38551125,0.23217806,-0.24126704,3654000.05821613,0.09978184,0.13118227,0.07451441,-0.19365022,0.18736203,0.04034431,0.51453197,0.10022398,0.01944594,0.3447285,-0.06671692,-0.19774926,-0.16190197,-0.18444794,-0.2268728,-0.05646704,-0.14253773,-0.23524199,0.07968917,-0.27470708,-0.38761741,0.23332925,-0.24360926,3655000.05902306,0.09840704,0.12886074,0.07653828,-0.19254583,0.18918513,0.03904677,0.51613772,0.10006833,0.01707272,0.34057939,-0.06405324,-0.19103213,-0.15259607,-0.18724868,-0.22585274,-0.05849361,-0.13686442,-0.23954725,0.08517411,-0.27137762,-0.38745219,0.23120767,-0.2445326,3656000.06079217,0.10503474,0.132514,0.07688705,-0.1953502,0.19179744,0.03811405,0.51491767,0.1020226,0.01613509,0.344841,-0.06738576,-0.19713445,-0.15881985,-0.19326809,-0.22672401,-0.0588106,-0.14236724,-0.23752704,0.09352329,-0.27337065,-0.38731587,0.23360512,-0.24880205,3657000.06201893,0.1055978,0.13614185,0.07877132,-0.1977175,0.19014445,0.04139073,0.51416808,0.10033744,0.01467739,0.34577385,-0.06957597,-0.19137228,-0.15617906,-0.19298953,-0.22588597,-0.05353598,-0.13084371,-0.23843533,0.08267073,-0.26613903,-0.38521612,0.22818114,-0.24218939,3658000.06229913,0.10808226,0.13602869,0.08130467,-0.201958,0.18710375,0.03808611,0.51428515,0.09871197,0.01087071,0.33134151,-0.07074793,-0.18728912,-0.15439606,-0.19277394,-0.22705324,-0.05340975,-0.13906544,-0.23648864,0.0850962,-0.26887637,-0.38242593,0.22823113,-0.24209794,3659000.0615999,0.11001238,0.13662565,0.08286338,-0.20094597,0.1867803,0.04157036,0.51383048,0.09896114,0.0090514,0.34364972,-0.07199399,-0.19156376,-0.16125803,-0.1993368,-0.2274674,-0.05220689,-0.13465637,-0.24040894,0.07905608,-0.26596293,-0.3812108,0.23093766,-0.24121095,3660000.05962755,0.10591675,0.1332577,0.07641903,-0.19301187,0.18951224,0.04678917,0.51336694,0.09997762,0.01527321,0.333451,-0.06253684,-0.18731701,-0.15587009,-0.19614261,-0.22581206,-0.05154693,-0.13767247,-0.23686109,0.08659986,-0.27304268,-0.37778935,0.23490083,-0.24150623,3661000.05973688,0.10321613,0.12816302,0.07571968,-0.18521173,0.18799716,0.04980507,0.51150209,0.10316762,0.02569944,0.34640604,-0.05991687,-0.18677036,-0.14879994,-0.19107018,-0.2240535,-0.04469854,-0.13597417,-0.23296365,0.08686503,-0.27231991,-0.37404919,0.23468745,-0.23053952,3662000.05978369,0.10775176,0.13342172,0.07747854,-0.18867728,0.18909903,0.05028136,0.51447827,0.10433038,0.02055039,0.35585886,-0.06208242,-0.18931063,-0.14841917,-0.1896112,-0.2249022,-0.04521896,-0.13335742,-0.23668198,0.09054543,-0.2696569,-0.3754684,0.23314883,-0.22926904,3663000.05713005,0.1064869,0.13526335,0.08085182,-0.18835016,0.19118984,0.04612635,0.51530516,0.10263847,0.01931742,0.34217972,-0.06407286,-0.19818826,-0.14505272,-0.19480978,-0.22482003,-0.05093541,-0.1430414,-0.23866928,0.0889665,-0.274876,-0.3754946,0.23608951,-0.22801535,3664000.06049809,0.10720362,0.13183652,0.08134171,-0.19015507,0.18757862,0.04289689,0.5154714,0.10532684,0.01918244,0.34048206,-0.06341528,-0.1890855,-0.14424276,-0.19461691,-0.22503796,-0.04585605,-0.13555898,-0.23681059,0.08345713,-0.27195132,-0.37339312,0.23403493,-0.22955303,3665000.062176,0.10657142,0.13322532,0.08387785,-0.19344346,0.18657553,0.04419654,0.51260304,0.10296999,0.01670559,0.34372503,-0.06198624,-0.19377476,-0.14692557,-0.19796407,-0.224369,-0.04147623,-0.13395767,-0.24152663,0.08597267,-0.26845145,-0.3734335,0.23890361,-0.22927795,3666000.06066875,0.10621541,0.13268831,0.08632187,-0.1923953,0.18554045,0.04350094,0.50995487,0.1042823,0.01465828,0.33609921,-0.06424164,-0.19335784,-0.14259093,-0.19993252,-0.22403353,-0.04278677,-0.13146409,-0.23973386,0.08363453,-0.26769379,-0.37014484,0.23768651,-0.2301733,3667000.06282954,0.10750227,0.13495451,0.08646724,-0.1954132,0.18597065,0.03687409,0.51097059,0.10346139,0.01213878,0.34283188,-0.06260809,-0.18194716,-0.14606728,-0.202105,-0.22380324,-0.04581939,-0.15022692,-0.24067327,0.0831708,-0.2654216,-0.36789754,0.2381233,-0.22385159,3668000.05983031,0.10768784,0.132552,0.08022086,-0.18070067,0.18902937,0.04683227,0.51327544,0.10380688,0.02096554,0.34139502,-0.05855073,-0.18136404,-0.14027612,-0.19355126,-0.22251223,-0.04251761,-0.13753188,-0.23696534,0.09147562,-0.26560935,-0.36605906,0.23273459,-0.22068471,3669000.05847953,0.10768919,0.12878405,0.07584073,-0.17447257,0.18879592,0.04604895,0.51273543,0.10556401,0.02892502,0.34482509,-0.04900897,-0.17540248,-0.1352893,-0.19322145,-0.22045487,-0.04215167,-0.11524267,-0.23757613,0.08650848,-0.25999829,-0.36347502,0.23334424,-0.2233396,3670000.06273628,0.10872996,0.13174661,0.08023793,-0.18140057,0.19153903,0.04469173,0.51487261,0.10528826,0.02586055,0.35572448,-0.05536314,-0.17803478,-0.13677013,-0.19279633,-0.22257854,-0.04463892,-0.1314275,-0.24012583,0.0932022,-0.26527184,-0.36449903,0.24002492,-0.22066374,3671000.06009355,0.1091789,0.13508964,0.08093667,-0.18494976,0.19418697,0.04318421,0.51275015,0.10387352,0.02266782,0.3519344,-0.05685217,-0.17475438,-0.13502885,-0.19111179,-0.22088775,-0.03812714,-0.13270119,-0.23946619,0.0878832,-0.2730526,-0.36532494,0.23644099,-0.22382857,3672000.06102601,0.11021138,0.13168889,0.08202723,-0.18548873,0.18668552,0.03955348,0.51302767,0.10463437,0.02182226,0.35341886,-0.05554913,-0.16565076,-0.13829385,-0.19477546,-0.2233377,-0.03938962,-0.13235298,-0.23805861,0.08797243,-0.27283615,-0.36464754,0.24216671,-0.22322966,3673000.06116612,0.10989841,0.13318948,0.08629519,-0.18767212,0.18654475,0.04470463,0.51104724,0.10180212,0.0189428,0.3526172,-0.0556725,-0.17522505,-0.13408697,-0.19779375,-0.22270608,-0.04198937,-0.12127671,-0.24005602,0.08976783,-0.26897341,-0.36304337,0.24029592,-0.21909983,3674000.06228525,0.11113825,0.1361112,0.09016771,-0.19127072,0.18557444,0.04517341,0.51136291,0.10263959,0.01633191,0.34384987,-0.05590791,-0.17734167,-0.13744736,-0.19935523,-0.22181717,-0.03501906,-0.13175406,-0.24094597,0.09126551,-0.27117136,-0.36109942,0.24517976,-0.22260754,3675000.06637578,0.11516241,0.13466848,0.0889356,-0.19185421,0.18363516,0.04282617,0.5124405,0.10167883,0.01435068,0.34883749,-0.0566017,-0.17664671,-0.13519453,-0.19700678,-0.22204717,-0.03792851,-0.13046028,-0.23876621,0.09723377,-0.26322153,-0.36110687,0.24580313,-0.21716957,3676000.06211415,0.11230817,0.13410465,0.08117626,-0.17948914,0.1875755,0.05388814,0.51150233,0.10420159,0.02340588,0.35988098,-0.05264196,-0.16885771,-0.13858975,-0.19362774,-0.21953262,-0.03930602,-0.13057646,-0.2384821,0.09722663,-0.25587884,-0.35808894,0.24523731,-0.21684642,3677000.05909958,0.11055609,0.12976833,0.07637331,-0.17435959,0.19126819,0.04705896,0.51295948,0.10562909,0.0308691,0.35423216,-0.05195007,-0.1623337,-0.13641787,-0.18848237,-0.21801962,-0.03363295,-0.12757273,-0.24022846,0.08995453,-0.26297852,-0.35690582,0.2372804,-0.21802242,3678000.05993803,0.10920042,0.13355365,0.07980097,-0.17961672,0.1922449,0.04553168,0.51375377,0.10238277,0.02669336,0.34234059,-0.0524434,-0.15203118,-0.13581961,-0.18777506,-0.2184332,-0.03658236,-0.13077545,-0.23897049,0.09231993,-0.26502788,-0.35896972,0.24194506,-0.21284133,3679000.05987519,0.11159188,0.13349317,0.08389091,-0.18278916,0.18835804,0.04229895,0.51593173,0.10370832,0.02395827,0.34803897,-0.05405072,-0.17196295,-0.13048519,-0.18965404,-0.2193622,-0.03769098,-0.11050241,-0.24260411,0.09101224,-0.26860651,-0.36011863,0.24413624,-0.20794533,3680000.06143011,0.11332293,0.13408855,0.08558458,-0.18670638,0.18563926,0.04097683,0.5139178,0.10227872,0.02228942,0.35307401,-0.06094804,-0.17184493,-0.13408595,-0.19167954,-0.21947557,-0.03906975,-0.11521626,-0.24101511,0.09940269,-0.27089661,-0.36007723,0.23388147,-0.21674198,3681000.06408959,0.11563542,0.13406095,0.08474989,-0.18789732,0.18630801,0.04107552,0.51761413,0.1020644,0.01893862,0.35237446,-0.0610019,-0.15933827,-0.13603026,-0.18886955,-0.21878292,-0.03974401,-0.11206251,-0.24094805,0.09483111,-0.26442119,-0.36001351,0.23545165,-0.21716933,3682000.06866635,0.11959367,0.13301371,0.08730825,-0.19137651,0.18565018,0.04273536,0.51174623,0.1008013,0.01680232,0.34449801,-0.05674369,-0.17242436,-0.14016044,-0.19303437,-0.21847205,-0.03679943,-0.12380604,-0.23860255,0.09510843,-0.26410624,-0.36010486,0.23856762,-0.2180126,3683000.06625314,0.11503444,0.13219559,0.08447868,-0.19274306,0.1868033,0.03631831,0.51324403,0.10127977,0.01395478,0.34342769,-0.0612373,-0.17773668,-0.13882312,-0.1921097,-0.21869072,-0.03883607,-0.12107391,-0.24151984,0.09881005,-0.26714912,-0.35913226,0.24389409,-0.22228046,3684000.06127484,0.11088415,0.13375673,0.0793708,-0.17805146,0.18986134,0.04368269,0.51018387,0.1017132,0.0220221,0.34841031,-0.0547822,-0.17138079,-0.13698034,-0.18625382,-0.21833454,-0.04503533,-0.11467532,-0.24112183,0.09260505,-0.26386604,-0.35775867,0.23500119,-0.21300058,3685000.05930183,0.10747799,0.13287319,0.0768217,-0.17413945,0.18864749,0.04353211,0.51245421,0.10319243,0.03048533,0.35120043,-0.04920695,-0.1622754,-0.13748962,-0.1780386,-0.21575698,-0.04033748,-0.12050863,-0.23807286,0.09396348,-0.25919157,-0.35612589,0.23839799,-0.2067679,3686000.05986026,0.10712419,0.13300791,0.07841116,-0.17824189,0.18796925,0.04626903,0.5127843,0.10296684,0.02581502,0.35407314,-0.05651796,-0.16211106,-0.13883123,-0.18307886,-0.21659468,-0.041962,-0.11447752,-0.23876108,0.09748924,-0.25844038,-0.35683769,0.23895662,-0.20896219,3687000.06054426,0.10999293,0.13646893,0.08062928,-0.18633348,0.18840048,0.04112039,0.51690066,0.09992547,0.02263584,0.35617563,-0.06153415,-0.16099812,-0.13401158,-0.18249956,-0.21669613,-0.04116885,-0.11626074,-0.2386836,0.08932484,-0.26271543,-0.35935998,0.23783326,-0.21209662,3688000.06198983,0.11403917,0.13224164,0.07821033,-0.18297118,0.18842156,0.03754884,0.51442748,0.09807049,0.02177074,0.34612679,-0.05966903,-0.16380166,-0.13790977,-0.18118049,-0.2162101,-0.04577879,-0.11497982,-0.24310045,0.08857815,-0.26653689,-0.35947308,0.23609436,-0.20492004,3689000.06208318,0.11441988,0.13596079,0.08054512,-0.19084457,0.18930687,0.03842044,0.51694006,0.098204,0.01996917,0.35068676,-0.06020158,-0.16158395,-0.13891576,-0.18514216,-0.21728513,-0.0454272,-0.12447044,-0.2399392,0.08894283,-0.26469156,-0.36158913,0.2330732,-0.21250282,3690000.06373156,0.11207899,0.13497038,0.08393941,-0.19232011,0.18347354,0.03712003,0.51610386,0.09552475,0.01678095,0.34643796,-0.0655909,-0.1641622,-0.13692787,-0.1858415,-0.21528068,-0.04044658,-0.12770578,-0.24203517,0.09325048,-0.2572442,-0.36119682,0.23534119,-0.20890604,3691000.06276725,0.11324274,0.13608003,0.08497398,-0.18878528,0.18462594,0.03805783,0.5139392,0.09748331,0.01529322,0.34939894,-0.06450631,-0.16684319,-0.14470445,-0.18890211,-0.2164485,-0.04246997,-0.1041294,-0.24429785,0.09285419,-0.25903553,-0.36104426,0.24599154,-0.20751956,3692000.06068448,0.10900179,0.13350298,0.07597737,-0.17863175,0.19006625,0.03789903,0.5140959,0.09815488,0.02405936,0.35501572,-0.05451564,-0.15932737,-0.14199506,-0.18345793,-0.2134151,-0.04688443,-0.11573686,-0.24120237,0.09881076,-0.25732139,-0.3574113,0.24007675,-0.20548823,3693000.06014034,0.10668179,0.12972869,0.07485463,-0.17875388,0.18868014,0.03937117,0.51346856,0.0976949,0.02945071,0.36247247,-0.05118804,-0.16878399,-0.13719001,-0.17898221,-0.21076734,-0.04442437,-0.10751349,-0.24001347,0.09342216,-0.25746274,-0.35609901,0.2337511,-0.20436153,3694000.05989118,0.1067175,0.13368881,0.07791854,-0.18165664,0.18764549,0.04050248,0.51601565,0.09866063,0.02580005,0.3557972,-0.05183052,-0.16123302,-0.13204798,-0.17884339,-0.21566589,-0.04698653,-0.10304092,-0.23747784,0.0885312,-0.25685915,-0.35861927,0.23503095,-0.2129025,3695000.0601395,0.11047103,0.13023442,0.07818794,-0.18666992,0.19151853,0.04042464,0.51442093,0.09923859,0.02267937,0.34588647,-0.05740418,-0.16497599,-0.13484813,-0.18203716,-0.21498506,-0.046128,-0.11557198,-0.23860905,0.09412427,-0.26360422,-0.35980669,0.23485418,-0.21280852,3696000.0598134,0.10671119,0.13306881,0.07836623,-0.18646517,0.18837729,0.04051999,0.51275623,0.09748212,0.0224337,0.35681394,-0.06022237,-0.1634112,-0.13408697,-0.18291025,-0.21475154,-0.0447978,-0.11796875,-0.23847075,0.09674086,-0.26704803,-0.36168763,0.23913768,-0.20923732,3697000.06217642,0.10737902,0.13392283,0.08039894,-0.18822846,0.18247238,0.03971327,0.511693,0.09593517,0.01984742,0.3495324,-0.06264505,-0.16803294,-0.13506924,-0.18511261,-0.21400957,-0.04347475,-0.11459721,-0.23757799,0.09619985,-0.26157191,-0.36214575,0.2419474,-0.21891613,3698000.0616477,0.11118106,0.13449253,0.08439089,-0.19302608,0.18441018,0.04190571,0.51215792,0.09642152,0.01611509,0.34789911,-0.06606661,-0.16839239,-0.12829493,-0.19098502,-0.21409878,-0.04304969,-0.12075061,-0.24021555,0.09396018,-0.25856638,-0.36127752,0.23440623,-0.21546626,3699000.0608085,0.11239293,0.13356054,0.08271767,-0.18816113,0.18878375,0.03989743,0.51073307,0.09833516,0.01842357,0.35580406,-0.06342966,-0.16739212,-0.13069664,-0.18908477,-0.21360984,-0.04581333,-0.11154483,-0.23423256,0.09464494,-0.25965011,-0.3592611,0.24422213,-0.20903359,3700000.05593447,0.10958795,0.13016437,0.0760077,-0.18025564,0.18567052,0.03682203,0.51230562,0.09995963,0.03156431,0.35252303,-0.05251921,-0.15593918,-0.13467543,-0.18218216,-0.2118739,-0.04522661,-0.10557986,-0.23611441,0.09758198,-0.26041016,-0.35854664,0.23869,-0.20456342,3701000.05759275,0.11141845,0.12830719,0.07553305,-0.17928991,0.18888512,0.04366394,0.51575726,0.09871829,0.03092985,0.35998026,-0.05362033,-0.15507109,-0.13747293,-0.18259515,-0.21157998,-0.04497951,-0.10376815,-0.23389126,0.09219679,-0.26406494,-0.35977659,0.24363901,-0.20859563,3702000.0593318,0.11032446,0.13051812,0.07840801,-0.18180014,0.1869431,0.04185985,0.51268548,0.09907229,0.02637093,0.35241964,-0.05648572,-0.15927695,-0.14164963,-0.18142264,-0.21248002,-0.04160064,-0.10486837,-0.23618603,0.09709483,-0.26389003,-0.36289102,0.23774269,-0.21317543,3703000.05836893,0.11042379,0.1354228,0.07964519,-0.18324666,0.18796743,0.04215711,0.51012701,0.09854823,0.02464662,0.35155791,-0.0581691,-0.1692751,-0.13506947,-0.18959232,-0.21339938,-0.04443783,-0.10543936,-0.23714405,0.0968031,-0.25539604,-0.36350951,0.24057551,-0.21044162,3704000.05762353,0.11046576,0.13346827,0.08170918,-0.18805914,0.18295686,0.03727575,0.51392245,0.09813819,0.0238096,0.35092932,-0.05558904,-0.16256613,-0.13716994,-0.18454273,-0.21395396,-0.04495447,-0.11844742,-0.23748787,0.09584244,-0.26117867,-0.36479998,0.24405906,-0.20837598,3705000.05812091,0.11280073,0.13078058,0.08364424,-0.19199085,0.18012789,0.03956676,0.51149285,0.09788191,0.02108606,0.35225934,-0.05807673,-0.17117772,-0.14331912,-0.18652806,-0.2136247,-0.04680918,-0.11479805,-0.23470752,0.09592489,-0.25807264,-0.36392182,0.24056682,-0.20834476,3706000.06287613,0.11320113,0.1354568,0.08511978,-0.19170308,0.18453848,0.038774,0.51051575,0.09935801,0.01724346,0.3437019,-0.06325614,-0.168805,-0.14497426,-0.19224182,-0.21434776,-0.04761435,-0.11270932,-0.2392648,0.09532379,-0.26281679,-0.3652364,0.23931608,-0.21497259,3707000.05838603,0.11180695,0.13259703,0.07960328,-0.18344201,0.18336505,0.04366702,0.5123015,0.09827495,0.02253119,0.35724637,-0.05629729,-0.1603075,-0.14343537,-0.19070695,-0.21494856,-0.04625288,-0.11605354,-0.2385145,0.09497101,-0.25678363,-0.36318839,0.24065056,-0.21642162,3708000.05674069,0.10727701,0.1333324,0.07655725,-0.17241962,0.18634976,0.05074347,0.50971633,0.10125197,0.03361685,0.35662422,-0.05398748,-0.16739084,-0.13805622,-0.18202367,-0.21207249,-0.0455329,-0.09786236,-0.23768291,0.09633921,-0.25764558,-0.36208403,0.24287051,-0.21915236,3709000.05942554,0.10658121,0.1338073,0.0775279,-0.17952301,0.18678208,0.04552295,0.50903583,0.10159737,0.02917671,0.35537469,-0.05100449,-0.16804418,-0.14090593,-0.18832541,-0.21282484,-0.04522615,-0.09994805,-0.23445004,0.09749553,-0.26208371,-0.36518449,0.23839088,-0.22047307,3710000.0589132,0.11065875,0.13420416,0.08040445,-0.18429455,0.18368895,0.04321813,0.51079434,0.09921612,0.02529782,0.35055453,-0.05649319,-0.17004456,-0.14383082,-0.1880471,-0.21479894,-0.04740531,-0.11735649,-0.2387915,0.09432016,-0.2685855,-0.36697778,0.2347046,-0.20998238,3711000.05945725,0.10682118,0.13340773,0.07864709,-0.18611602,0.18124525,0.03778888,0.51129854,0.09737737,0.02403035,0.34862867,-0.06054205,-0.17131783,-0.14905308,-0.18779895,-0.21520329,-0.05037609,-0.1113875,-0.24041252,0.09591636,-0.26616061,-0.36974296,0.24099074,-0.20990609,3712000.06121276,0.106994,0.13287041,0.08077218,-0.18858774,0.18353817,0.03613501,0.51480627,0.09621839,0.02146158,0.35059413,-0.0590049,-0.16625918,-0.1440796,-0.18810545,-0.21560022,-0.0472958,-0.10488562,-0.24001595,0.09311298,-0.2688705,-0.37126043,0.24006896,-0.2238826,3713000.06122823,0.11038125,0.12978673,0.08427576,-0.19438709,0.18247238,0.03801067,0.5128848,0.09770592,0.01755345,0.35444415,-0.06084513,-0.17019889,-0.14296904,-0.1927405,-0.21682186,-0.0474964,-0.11370587,-0.2413808,0.08972634,-0.26654789,-0.37131611,0.24019144,-0.22202778,3714000.06380928,0.10846913,0.13157047,0.08500932,-0.19331583,0.18597065,0.03762235,0.51269722,0.09868505,0.01509207,0.34793654,-0.06376137,-0.17275998,-0.14590511,-0.19379856,-0.21892503,-0.04863333,-0.11802705,-0.23886585,0.09830816,-0.2634196,-0.37140292,0.24214721,-0.22069234,3715000.06085539,0.10892484,0.13149071,0.07866771,-0.18088922,0.18590541,0.03413638,0.50879031,0.09841759,0.02400419,0.34911564,-0.05523651,-0.16808335,-0.1430925,-0.18919289,-0.21500589,-0.05031558,-0.11450908,-0.24018887,0.09723471,-0.25952035,-0.36969665,0.24558847,-0.21981569,3716000.05666298,0.10494611,0.1321653,0.07439595,-0.18594483,0.18721302,0.04264881,0.51243353,0.09787895,0.03106371,0.35660958,-0.05323359,-0.16731595,-0.15189135,-0.18714638,-0.21634658,-0.04917629,-0.10140413,-0.24317895,0.09394887,-0.27525303,-0.3699491,0.23943578,-0.21697377,3717000.05897589,0.10451594,0.13510872,0.07846869,-0.18898039,0.18683578,0.04215406,0.51441801,0.09897323,0.02618228,0.3590067,-0.05498674,-0.17599787,-0.15796694,-0.18739969,-0.21787252,-0.05322812,-0.11454837,-0.24356224,0.09444817,-0.27493942,-0.37238368,0.23594946,-0.22080068,3718000.05883547,0.106442,0.12960891,0.07873818,-0.19312868,0.185984,0.04296165,0.51414859,0.09875067,0.0219589,0.3544825,-0.06128937,-0.1783917,-0.14894432,-0.18963523,-0.21969032,-0.05371367,-0.10482821,-0.24228428,0.0935013,-0.27742517,-0.37406275,0.23941447,-0.21311906,3719000.0599539,0.10706218,0.13522184,0.07848772,-0.19214636,0.18102884,0.03764589,0.51423335,0.09767207,0.02024157,0.35383222,-0.06477758,-0.18401997,-0.1579356,-0.18954378,-0.21954301,-0.05240924,-0.11935372,-0.24138644,0.09112509,-0.27708378,-0.37652317,0.24316028,-0.22267491,3720000.06233182,0.10790595,0.13224784,0.08175208,-0.19779809,0.18544467,0.03336795,0.51685804,0.09667758,0.01739829,0.36164916,-0.06420183,-0.18152066,-0.15558009,-0.19154567,-0.22250997,-0.05487387,-0.12359672,-0.24209979,0.09389814,-0.26776683,-0.37717408,0.23995215,-0.22845292,3721000.058401,0.10923606,0.13366668,0.08216849,-0.19971767,0.18680117,0.03386368,0.51426768,0.09603613,0.01461835,0.35592201,-0.06427899,-0.17812914,-0.15696856,-0.19694103,-0.22291347,-0.06511718,-0.12476422,-0.24453893,0.09552873,-0.26885939,-0.3776845,0.24695812,-0.220413,3722000.06446221,0.10779244,0.13298877,0.08461175,-0.20518637,0.18480803,0.03388702,0.51254249,0.09549759,0.01200084,0.34827787,-0.06728255,-0.18735325,-0.15902548,-0.19693276,-0.22357747,-0.06092427,-0.12793961,-0.24568596,0.09683517,-0.26348674,-0.37760413,0.24663079,-0.22801584,3723000.05910032,0.0983595,0.13117969,0.07657141,-0.19372787,0.1846129,0.03525518,0.51228416,0.09638304,0.01959237,0.34681362,-0.05927235,-0.17610699,-0.15982164,-0.1928793,-0.22207431,-0.05872321,-0.12628362,-0.24380748,0.09889345,-0.26718581,-0.375507,0.23700924,-0.22330673,3724000.05340746,0.10164591,0.13491496,0.07243137,-0.18682806,0.18594025,0.04273654,0.5153026,0.0967117,0.02777434,0.35910919,-0.05468313,-0.1837886,-0.15506518,-0.19217886,-0.22058105,-0.05836051,-0.12116294,-0.24730171,0.09186824,-0.27310601,-0.37688276,0.23612136,-0.22650684,3725000.05669377,0.10042164,0.13581516,0.07665947,-0.19286864,0.1892833,0.04227263,0.51662266,0.09917815,0.02228195,0.35265249,-0.06139345,-0.18054961,-0.16170123,-0.1901595,-0.22261283,-0.05964768,-0.11826201,-0.24719609,0.09784655,-0.26809707,-0.37892982,0.2363559,-0.22204664,3726000.05796666,0.10413937,0.13337734,0.07705767,-0.19516303,0.19039454,0.04384723,0.51332951,0.0972423,0.01917098,0.3463825,-0.0611176,-0.17084955,-0.16138017,-0.19440892,-0.22473529,-0.05873066,-0.12020786,-0.24474329,0.09958135,-0.27067018,-0.38026682,0.23958471,-0.22730954,3727000.05913129,0.10296453,0.1364712,0.0771373,-0.19892272,0.18759024,0.03773465,0.51575094,0.09530854,0.0181831,0.35476354,-0.06063619,-0.16997032,-0.16200882,-0.1972253,-0.22494897,-0.06017737,-0.11101845,-0.24565762,0.09416574,-0.27013382,-0.38246939,0.23329014,-0.22897959,3728000.0628756,0.10470702,0.13196699,0.07918112,-0.20065659,0.18834464,0.0346204,0.51623785,0.09636649,0.01699932,0.35564446,-0.06325657,-0.18473972,-0.16359107,-0.19616717,-0.22674879,-0.06021915,-0.11692721,-0.24604635,0.09329616,-0.27615097,-0.38177884,0.23609526,-0.22704667,3729000.06570645,0.10498776,0.13460341,0.08176372,-0.20208457,0.1866942,0.03651998,0.51465809,0.09711388,0.01435331,0.35090479,-0.06585427,-0.17420465,-0.15725192,-0.19800751,-0.2276383,-0.06507049,-0.12707584,-0.24726288,0.09109524,-0.27774951,-0.38236344,0.23830467,-0.22664775,3730000.0616012,0.10831966,0.13384202,0.08520323,-0.20068805,0.18745677,0.03574152,0.51278901,0.09496089,0.01190167,0.35465297,-0.06309263,-0.18073094,-0.16089176,-0.1986708,-0.22757944,-0.0603526,-0.12291861,-0.24704258,0.09826393,-0.27658901,-0.38243648,0.23931493,-0.23222587,3731000.05930248,0.09926618,0.13373105,0.0758256,-0.19085157,0.1908602,0.03705089,0.51393026,0.09677441,0.02252283,0.35104203,-0.06019243,-0.18393452,-0.1595518,-0.19508755,-0.22740994,-0.05731069,-0.11618192,-0.24412602,0.09335423,-0.27395552,-0.380032,0.2434357,-0.22998665,3732000.05650895,0.1037332,0.13333014,0.07494274,-0.18832119,0.18717805,0.04016529,0.51576275,0.09879374,0.02676273,0.35074162,-0.05790167,-0.18459176,-0.16430065,-0.19267571,-0.22487886,-0.05923571,-0.12598741,-0.24764046,0.0895269,-0.26926365,-0.3800332,0.23778072,-0.22802277,3733000.05815294,0.10496166,0.13350078,0.07835466,-0.19428983,0.1888165,0.03726562,0.5141629,0.09793431,0.02307186,0.35310721,-0.06116109,-0.17227606,-0.16427875,-0.19666505,-0.22634268,-0.06455611,-0.12411471,-0.24493031,0.09329727,-0.28352779,-0.38232824,0.2339862,-0.23127329,3734000.05733016,0.10216817,0.13290823,0.07927263,-0.19971345,0.18531476,0.03821541,0.51427269,0.0970827,0.01967431,0.35666195,-0.05897084,-0.17987421,-0.16654755,-0.19896516,-0.22888938,-0.05887557,-0.13061728,-0.24598329,0.09415403,-0.27835041,-0.3837181,0.23495327,-0.23192501,3735000.05910032,0.10272454,0.13211286,0.08145804,-0.20144366,0.18905415,0.03714144,0.51231837,0.09698839,0.01936497,0.35214281,-0.06263992,-0.1781684,-0.16116314,-0.20053881,-0.23037399,-0.06111864,-0.13650596,-0.24733862,0.09513944,-0.27602738,-0.38539794,0.23709367,-0.2315705,3736000.06043592,0.1058256,0.13480599,0.08209452,-0.20347396,0.18904184,0.03510473,0.51387697,0.09605436,0.01587069,0.34835032,-0.06082383,-0.17642602,-0.16292767,-0.20185849,-0.22830182,-0.0606835,-0.1232767,-0.24678154,0.09560961,-0.27723965,-0.38585895,0.2441895,-0.2350817,3737000.06304689,0.11006685,0.13701822,0.08388748,-0.20648119,0.18292376,0.03833621,0.51364237,0.09666367,0.0142218,0.35157555,-0.06501584,-0.18374982,-0.16491599,-0.20428297,-0.22938222,-0.06729482,-0.12113205,-0.24933431,0.0923791,-0.28199866,-0.38549414,0.24244659,-0.22425638,3738000.06113495,0.10628164,0.13775808,0.08153548,-0.19764023,0.18390189,0.03730516,0.51258266,0.09516514,0.01591474,0.35293576,-0.06179716,-0.18128207,-0.16264786,-0.20148434,-0.22813991,-0.05876218,-0.13455871,-0.24234232,0.09241937,-0.28632757,-0.38447338,0.24888304,-0.22599344,3739000.06032681,0.09928679,0.13008422,0.07453049,-0.18869993,0.1875222,0.04222504,0.51595116,0.09670758,0.02815981,0.35779649,-0.05385514,-0.17470361,-0.16175982,-0.1962897,-0.22509234,-0.05569287,-0.12670833,-0.24245402,0.09571901,-0.28437793,-0.38111797,0.24208246,-0.23062703,3740000.0582156,0.1028321,0.13222827,0.07562098,-0.19328375,0.18858223,0.04003127,0.51280475,0.09686375,0.02587004,0.3510429,-0.06123033,-0.17408495,-0.16624409,-0.19726378,-0.22859098,-0.06447484,-0.12025854,-0.24871095,0.09732806,-0.28213856,-0.38384476,0.23992842,-0.2358844,3741000.05883632,0.10208933,0.13299349,0.07694772,-0.19616014,0.18970169,0.03720627,0.51604152,0.09735394,0.02160767,0.35700628,-0.06141556,-0.17603804,-0.16587694,-0.19658308,-0.229075,-0.06162189,-0.13163431,-0.2452763,0.09493349,-0.27741167,-0.38569412,0.24591701,-0.22903706,3742000.05920897,0.10486031,0.13288052,0.07883229,-0.19669573,0.18794377,0.03420332,0.5171392,0.09579679,0.02103186,0.34163609,-0.0589401,-0.17846897,-0.17232789,-0.20340359,-0.22821216,-0.06528626,-0.12250238,-0.24925156,0.09650463,-0.28514412,-0.38653067,0.23022331,-0.22947581,3743000.06118146,0.10598487,0.13392931,0.07888138,-0.2022039,0.1815256,0.03900289,0.51663899,0.09588869,0.01826662,0.34760222,-0.06716501,-0.17872322,-0.17051283,-0.19894947,-0.23042774,-0.06702877,-0.13364711,-0.24571802,0.10112256,-0.28233382,-0.38729933,0.24361601,-0.23599766,3744000.05962835,0.1090598,0.13528973,0.08382115,-0.20577921,0.18285891,0.0322451,0.51515114,0.09385952,0.01578332,0.35019851,-0.06613325,-0.17696358,-0.16168657,-0.20340379,-0.23006439,-0.0695064,-0.12781131,-0.24865593,0.09749329,-0.28918952,-0.38644916,0.24321526,-0.23326004,3745000.06073109,0.10867872,0.13353473,0.08456754,-0.206137,0.18411794,0.03097598,0.51308614,0.0948644,0.01414945,0.35006115,-0.0686391,-0.17427231,-0.16744386,-0.20317324,-0.23170261,-0.06659067,-0.13044198,-0.24986245,0.09566331,-0.28493989,-0.38512003,0.24034512,-0.22890802,3746000.06164717,0.10377677,0.13342349,0.08090498,-0.19622102,0.18511666,0.03457673,0.51275474,0.09508529,0.01628915,0.33517814,-0.06748547,-0.18594037,-0.17402619,-0.20330773,-0.22958025,-0.06530125,-0.1378309,-0.24489172,0.09176592,-0.2760421,-0.38484937,0.24299477,-0.22976156,3747000.05941087,0.09975138,0.1294077,0.07404211,-0.18894674,0.18592614,0.04300532,0.51452327,0.09819645,0.02570502,0.35398436,-0.06213997,-0.17260557,-0.16617879,-0.19823895,-0.22572051,-0.06761934,-0.13522163,-0.24891947,0.09590402,-0.27662176,-0.38370478,0.23854943,-0.230809,3748000.05965953,0.09965352,0.13036242,0.07508276,-0.19402352,0.19004995,0.0392669,0.51979178,0.09761176,0.0232429,0.35791749,-0.06459644,-0.1694808,-0.1639602,-0.19793735,-0.22964855,-0.06153095,-0.12754491,-0.24777018,0.09656563,-0.28031436,-0.38499516,0.23333943,-0.23291144,3749000.05653977,0.10500982,0.12973803,0.076997,-0.19716531,0.19021006,0.03562998,0.51836836,0.09354482,0.0199349,0.35755041,-0.06806031,-0.17758213,-0.1713973,-0.20228092,-0.22919254,-0.06529065,-0.12085932,-0.24820574,0.09422529,-0.28284755,-0.38707861,0.23893481,-0.23858862,3750000.05914703,0.10508689,0.13163373,0.07810418,-0.19876429,0.1829998,0.03440958,0.51662266,0.09243099,0.01783669,0.3442924,-0.07289127,-0.18787146,-0.16895676,-0.20123012,-0.22959815,-0.06809121,-0.12695158,-0.24612533,0.09696431,-0.29186949,-0.38807857,0.24350815,-0.23217924,3751000.06059118,0.10111915,0.13398854,0.07741374,-0.20422512,0.18776256,0.03250073,0.51689333,0.09161669,0.01605416,0.34086254,-0.0787662,-0.18526682,-0.16647533,-0.19792578,-0.2295398,-0.0705405,-0.13027038,-0.24462637,0.09401552,-0.28742158,-0.38837454,0.24246158,-0.23310606,3752000.05802994,0.10882588,0.13053538,0.08221,-0.20670989,0.18746497,0.03264279,0.51525295,0.0927458,0.01286991,0.35010725,-0.08198036,-0.18700385,-0.16378479,-0.20162563,-0.23171562,-0.072859,-0.11961855,-0.24738778,0.08778022,-0.28531688,-0.38840917,0.23956686,-0.234014,3753000.05936457,0.11025044,0.13631327,0.08270453,-0.20468022,0.18564419,0.03252795,0.51578122,0.09284146,0.00934984,0.34344095,-0.08307888,-0.19235946,-0.16203383,-0.20424274,-0.2304091,-0.07321122,-0.13381016,-0.24942406,0.09149981,-0.27970308,-0.38794711,0.2403776,-0.23464121,3754000.06324626,0.11056787,0.13588753,0.08259848,-0.20745313,0.18441743,0.0331211,0.51648241,0.09036975,0.00752851,0.33534586,-0.07977384,-0.1919295,-0.16690195,-0.20549029,-0.23010132,-0.07136118,-0.13230847,-0.24983537,0.0954323,-0.28607967,-0.3855069,0.24881132,-0.23762859,3755000.0625451,0.10190368,0.13034394,0.07498413,-0.19414081,0.18626998,0.03669838,0.51353002,0.09209268,0.01908765,0.34893924,-0.07647191,-0.18065606,-0.16773912,-0.20350948,-0.22806561,-0.06866447,-0.1267339,-0.25059271,0.09106785,-0.28860515,-0.38312998,0.23685609,-0.23097415,3756000.05720815,0.10141521,0.12983109,0.07225104,-0.19362518,0.18978776,0.0351101,0.51523745,0.09299674,0.02264246,0.35112426,-0.0778517,-0.17630754,-0.16474427,-0.19824052,-0.22836132,-0.06127252,-0.12674722,-0.2506969,0.09115701,-0.27493942,-0.38451365,0.23383847,-0.23435548,3757000.05830934,0.10442718,0.13158087,0.07660647,-0.19542441,0.18974668,0.03372746,0.51856893,0.09260322,0.01743067,0.34458363,-0.08252103,-0.18135156,-0.16977042,-0.19993038,-0.22886233,-0.06930929,-0.14348359,-0.24859108,0.09301779,-0.28397551,-0.38694009,0.23457646,-0.22543232,3758000.05919382,0.10489763,0.13407202,0.07659493,-0.19625872,0.19000503,0.03242863,0.51752776,0.09323847,0.01501266,0.35848925,-0.08593304,-0.18628436,-0.16967665,-0.20613375,-0.2308321,-0.07070419,-0.12659836,-0.24831861,0.08913697,-0.28016067,-0.38700742,0.24271415,-0.23497199,3759000.059768,0.10759354,0.13333456,0.07673524,-0.19933937,0.18833277,0.0346937,0.51850915,0.09522308,0.01442686,0.35541689,-0.08841048,-0.18959446,-0.16567536,-0.20547768,-0.23059729,-0.07320061,-0.1265749,-0.24502699,0.0940395,-0.29046586,-0.38774106,0.24172579,-0.23171921,3760000.06071529,0.10710797,0.13149326,0.08016635,-0.20417236,0.18703856,0.03265524,0.51645672,0.09343085,0.0107234,0.34660718,-0.09099422,-0.18495263,-0.16831933,-0.20340666,-0.22927392,-0.07251707,-0.14209892,-0.24764928,0.09340405,-0.28598192,-0.38673952,0.24491036,-0.23428039,3761000.06292205,0.10939626,0.1320601,0.0830355,-0.20874885,0.18689598,0.02915792,0.51529497,0.09070212,0.00755032,0.34420291,-0.08796396,-0.18171023,-0.16664778,-0.20261165,-0.23010172,-0.07060573,-0.12795018,-0.25008377,0.0943301,-0.28606939,-0.38567668,0.24677667,-0.23812166,3762000.06321639,0.11133195,0.13795653,0.0862667,-0.21025309,0.19206999,0.02855731,0.51542789,0.09079188,0.0038658,0.34749326,-0.09622881,-0.18763898,-0.16865164,-0.2036362,-0.23110169,-0.07631071,-0.1315549,-0.25084049,0.09267905,-0.27652714,-0.38382217,0.24070638,-0.23185313,3763000.06251547,0.10797752,0.13461527,0.08464058,-0.2050221,0.19257218,0.02974898,0.5150395,0.09334102,0.0068562,0.35144261,-0.09161291,-0.18758519,-0.17140235,-0.20405732,-0.22929877,-0.07502942,-0.14061494,-0.24853811,0.09662364,-0.27695325,-0.3829335,0.2397835,-0.22606122,3764000.05844848,0.10070448,0.1337097,0.07563133,-0.19323966,0.18829621,0.0393197,0.51552445,0.09526976,0.01953094,0.35544989,-0.08367263,-0.17641431,-0.1674443,-0.20307815,-0.22808723,-0.0673336,-0.12955412,-0.24948931,0.09768652,-0.27736419,-0.38138524,0.2379614,-0.22359197,3765000.0571462,0.09995661,0.13254382,0.0758256,-0.19566208,0.1882347,0.03289058,0.51962286,0.0937155,0.01934255,0.34369519,-0.09010228,-0.17879316,-0.16645269,-0.20178485,-0.22797169,-0.06208803,-0.12731846,-0.24749056,0.0943162,-0.28163481,-0.38100561,0.24280684,-0.22569662,3766000.06273144,0.10721265,0.1336495,0.07781801,-0.19826494,0.19393516,0.03066356,0.52055651,0.09442022,0.01464744,0.33516687,-0.09195285,-0.17774102,-0.16360857,-0.19616225,-0.22886866,-0.06599555,-0.13542293,-0.24603499,0.09479332,-0.27685785,-0.3832835,0.24117045,-0.23638697,3767000.06094601,0.10853883,0.13387553,0.07944433,-0.19807871,0.19018516,0.03578142,0.52046496,0.09371783,0.01415865,0.35065818,-0.09353784,-0.18411781,-0.16210069,-0.19875954,-0.22797754,-0.06932785,-0.13134751,-0.24355336,0.09076371,-0.27793372,-0.38225117,0.23416121,-0.22509117,3768000.06358583,0.10595419,0.13101661,0.08064883,-0.20655762,0.18600324,0.03468775,0.52084678,0.09233305,0.01176112,0.34598598,-0.09493545,-0.19078812,-0.16480601,-0.2011728,-0.22797933,-0.06857812,-0.13071816,-0.2429544,0.09278989,-0.27667394,-0.38170907,0.24080439,-0.22824593,3769000.06197129,0.11034772,0.13172139,0.0839885,-0.20968968,0.18538933,0.0280888,0.5174073,0.09299131,0.00822018,0.34393063,-0.09677894,-0.1928862,-0.16041759,-0.20383397,-0.2282951,-0.06494553,-0.12454171,-0.24335144,0.09278698,-0.28261611,-0.38089952,0.24408251,-0.23051515,3770000.06375534,0.11210322,0.13373467,0.08623832,-0.21055764,0.19229479,0.02816151,0.52008265,0.09255417,0.00574112,0.34867191,-0.10054835,-0.1815211,-0.16523682,-0.20367493,-0.22855827,-0.0725396,-0.13309602,-0.24526171,0.09303639,-0.27431518,-0.37954536,0.24811926,-0.22960019,3771000.06420276,0.11109744,0.1367677,0.0853399,-0.20265898,0.19353065,0.02477034,0.51697862,0.09228009,0.00409726,0.33884826,-0.0952071,-0.18592139,-0.16746834,-0.20341912,-0.2293411,-0.06987538,-0.14081213,-0.24727312,0.09827487,-0.28012437,-0.37809515,0.23981477,-0.22443956,3772000.06311037,0.10692929,0.13320184,0.07924415,-0.19272098,0.19479914,0.03415259,0.51686209,0.09253335,0.01454024,0.34554356,-0.09059109,-0.1830088,-0.16663882,-0.19651999,-0.22528788,-0.06284359,-0.13820487,-0.24383578,0.09644093,-0.28020638,-0.37429518,0.2456995,-0.22863974,3773000.06360915,0.10867512,0.1350956,0.07588793,-0.19001925,0.19176582,0.03581789,0.5198893,0.09339914,0.02130412,0.34368256,-0.08875607,-0.17699055,-0.15994357,-0.19815728,-0.22333449,-0.06602573,-0.13120495,-0.24597308,0.09546146,-0.27441648,-0.37206489,0.23857535,-0.22620639,3774000.0656446,0.10916356,0.14016853,0.07934506,-0.19950047,0.1941597,0.04006133,0.51787084,0.0971201,0.01614726,0.35493612,-0.0928945,-0.18782339,-0.16073117,-0.19625336,-0.22425385,-0.06648673,-0.12716325,-0.24212858,0.09208772,-0.27235731,-0.37487686,0.23591509,-0.22375569,3775000.06250906,0.10846341,0.13359532,0.08059219,-0.1973644,0.19533788,0.03943223,0.5179525,0.09387378,0.01341607,0.35303989,-0.09533231,-0.18237726,-0.15401103,-0.1947511,-0.22191913,-0.06347107,-0.12117187,-0.23844109,0.09177323,-0.27116781,-0.37432826,0.23397492,-0.22188424,3776000.06238815,0.11108548,0.13679583,0.08248818,-0.19888537,0.1915278,0.03623482,0.51575339,0.09413794,0.01206156,0.34454691,-0.0957697,-0.1955045,-0.15897804,-0.19816323,-0.2237346,-0.06534071,-0.12421823,-0.24286082,0.09033862,-0.27385578,-0.37390462,0.24276541,-0.22273032,3777000.06473597,0.11375759,0.13155738,0.0868247,-0.20114847,0.18575056,0.03195183,0.51826537,0.09279282,0.00988217,0.3443757,-0.09862031,-0.18362559,-0.15436721,-0.20577399,-0.22310711,-0.06174184,-0.13196993,-0.23887521,0.09147091,-0.28067425,-0.37216416,0.23542632,-0.21622856,3778000.06524678,0.114462,0.13569131,0.08829768,-0.20360109,0.1914482,0.03421309,0.51697862,0.09372146,0.00650234,0.34629667,-0.09997415,-0.18381731,-0.15299226,-0.20634492,-0.22200358,-0.0566302,-0.1241158,-0.2377165,0.0937695,-0.2721014,-0.37092108,0.23864052,-0.21737964,3779000.06522947,0.11753414,0.13481528,0.08867864,-0.20513898,0.19267754,0.03029885,0.5175606,0.09419242,0.00452859,0.34819728,-0.09628381,-0.18176606,-0.15838237,-0.19863795,-0.22176413,-0.057231,-0.13727508,-0.23579241,0.09501531,-0.25938359,-0.36704853,0.23761159,-0.21697609,3780000.06333134,0.11359338,0.13102858,0.08346498,-0.19792649,0.19311184,0.02958429,0.519131,0.09332029,0.00890229,0.34835914,-0.09101346,-0.17722522,-0.15313035,-0.19744556,-0.22213565,-0.06210301,-0.13422644,-0.23548472,0.09592086,-0.2713404,-0.36514813,0.23933055,-0.2136873,3781000.06028999,0.11454326,0.12566628,0.07769917,-0.18535562,0.19033153,0.03787369,0.52007556,0.09615213,0.02240632,0.35883889,-0.08971278,-0.17544036,-0.14661203,-0.19935304,-0.21762846,-0.05680702,-0.12155165,-0.23581553,0.09029685,-0.25723541,-0.36358082,0.24814229,-0.20714638,3782000.05976639,0.11421563,0.12899096,0.08094471,-0.1862507,0.19084021,0.03928151,0.51821715,0.09698702,0.02012819,0.35513827,-0.08877901,-0.1807012,-0.14849019,-0.19769326,-0.21837707,-0.05238621,-0.12775432,-0.23330827,0.08669112,-0.25973299,-0.36331695,0.24658343,-0.21258454,3783000.06189209,0.11648112,0.13142166,0.08367806,-0.19161263,0.19315392,0.03793421,0.52122653,0.09808936,0.0157657,0.34377259,-0.09246579,-0.1754683,-0.15498327,-0.19806255,-0.21710673,-0.05665942,-0.12071224,-0.23606943,0.08737422,-0.26925042,-0.36537641,0.24696188,-0.20893152,3784000.06294918,0.11741473,0.12732223,0.08449904,-0.18946195,0.18949932,0.03842846,0.51747656,0.09662908,0.01467984,0.35148987,-0.09356562,-0.18511523,-0.13935332,-0.2005941,-0.21579905,-0.05260863,-0.11567235,-0.23355769,0.09704623,-0.26078063,-0.36404151,0.24163747,-0.21239369,3785000.06296386,0.11607411,0.13096881,0.08614464,-0.1955319,0.18878631,0.03710425,0.51756233,0.09484129,0.01362804,0.34650475,-0.0944607,-0.18741198,-0.14114659,-0.2023917,-0.2165945,-0.0491519,-0.1203625,-0.23283049,0.09866348,-0.26741245,-0.36314371,0.24576569,-0.21396808,3786000.06641164,0.12153038,0.13424909,0.088963,-0.19439003,0.18924853,0.03219251,0.52059543,0.0966599,0.01053494,0.34855056,-0.09662116,-0.18180332,-0.14540561,-0.1980394,-0.21671566,-0.05355009,-0.11672196,-0.23681834,0.09530129,-0.26113626,-0.36152083,0.24294154,-0.20363557,3787000.06347455,0.12532203,0.12969865,0.09398345,-0.19795907,0.19158675,0.03449762,0.5201993,0.09607455,0.00653451,0.35199133,-0.09858571,-0.17349227,-0.13869812,-0.20370109,-0.21619688,-0.05336864,-0.13233492,-0.23124449,0.09629864,-0.25441682,-0.36059245,0.24793124,-0.20634723,3788000.06572556,0.12233371,0.13425115,0.09254081,-0.19830851,0.19115749,0.0337881,0.51653618,0.0976704,0.00523848,0.34205738,-0.09994907,-0.18679295,-0.13877109,-0.20805389,-0.21490915,-0.05278323,-0.13395366,-0.23240858,0.09400921,-0.2572251,-0.35811126,0.24903937,-0.21501103,3789000.06595396,0.1178653,0.13176526,0.08226608,-0.18363672,0.1898689,0.0395592,0.51753724,0.09681178,0.01408611,0.34290373,-0.09325848,-0.1680457,-0.13599031,-0.20182872,-0.21337463,-0.04935294,-0.12229877,-0.22854985,0.0941337,-0.25307864,-0.35460061,0.24710365,-0.20938821,3790000.06156362,0.11426079,0.12924929,0.08050397,-0.18392383,0.19251312,0.04171984,0.51860875,0.09703284,0.02229684,0.35562056,-0.08969858,-0.17041253,-0.13519503,-0.19608088,-0.21087047,-0.04580704,-0.11228161,-0.22668669,0.08968595,-0.25918964,-0.35454792,0.24618144,-0.20958845,3791000.06414255,0.1164109,0.13249613,0.08400919,-0.1867052,0.18727261,0.04095434,0.52247065,0.09728336,0.0177409,0.35410559,-0.09119722,-0.18631254,-0.13252611,-0.19882454,-0.21103585,-0.04787769,-0.10534568,-0.22853135,0.09491079,-0.25890684,-0.35603544,0.24651255,-0.21756445,3792000.06465587,0.11881778,0.12955457,0.08449904,-0.19195576,0.19050339,0.04483838,0.52007556,0.09633318,0.01456443,0.35693821,-0.09306753,-0.1811682,-0.13653469,-0.19778016,-0.21017967,-0.04865231,-0.1026332,-0.22641954,0.09607221,-0.25190672,-0.35663661,0.25114167,-0.21011394,3793000.06266866,0.11850835,0.13130733,0.08487852,-0.19028744,0.18840247,0.0402004,0.51903445,0.09608793,0.01256502,0.35390136,-0.09736103,-0.17790711,-0.13776051,-0.19924629,-0.21026371,-0.04942096,-0.11320941,-0.2257752,0.09910062,-0.26212975,-0.35754955,0.24705172,-0.20576812,3794000.06599277,0.11649464,0.13178818,0.08864462,-0.19757012,0.18992873,0.0346213,0.52393997,0.1000144,0.01021386,0.34509775,-0.10177132,-0.17793208,-0.13098006,-0.20011681,-0.21059214,-0.04475417,-0.11525038,-0.2275098,0.09374991,-0.25784546,-0.35488501,0.24524111,-0.20913936,3795000.06684805,0.12304194,0.13407904,0.09168638,-0.20006263,0.19146164,0.03692028,0.5222097,0.09722514,0.00579761,0.34064087,-0.10145928,-0.1817978,-0.12728049,-0.2024807,-0.20794871,-0.0460218,-0.1087341,-0.22474536,0.09632347,-0.2537204,-0.35603362,0.25371251,-0.21608561,3796000.06753104,0.12295595,0.13402385,0.09491913,-0.19885109,0.18898384,0.03698839,0.52163947,0.09593302,0.00333205,0.33748153,-0.1035863,-0.18626466,-0.13513345,-0.20259365,-0.21017359,-0.04916124,-0.11917496,-0.22856827,0.1001091,-0.25037962,-0.35463443,0.25095424,-0.20375422,3797000.07082788,0.12134182,0.13297796,0.09249353,-0.1966074,0.19022557,0.03684096,0.52084857,0.09620969,0.00502306,0.34621224,-0.10163108,-0.1819277,-0.13686405,-0.201386,-0.20788801,-0.04647391,-0.12167735,-0.22366332,0.09191269,-0.2441013,-0.35187605,0.25343037,-0.20605224,3798000.0675589,0.11637235,0.12837391,0.08469392,-0.18257199,0.19534737,0.04480918,0.5211376,0.09785932,0.01726906,0.35262626,-0.09651124,-0.18304501,-0.13574611,-0.20187154,-0.20751972,-0.0423704,-0.11544666,-0.22010331,0.09778155,-0.24835548,-0.34997341,0.25096536,-0.20216548,3799000.06597532,0.11678986,0.13407795,0.08407136,-0.18902645,0.18906978,0.04560609,0.52351373,0.09890895,0.01728336,0.34860766,-0.09517658,-0.17408317,-0.13250661,-0.19989386,-0.20519523,-0.04192396,-0.11689196,-0.22469625,0.09326355,-0.25343296,-0.35158849,0.24842854,-0.20802061,3800000.06668967,0.12040284,0.13416302,0.08694974,-0.19197725,0.19175909,0.04016014,0.5217098,0.09853251,0.01209855,0.34783396,-0.09869661,-0.168387,-0.12785883,-0.19694644,-0.20655364,-0.04215129,-0.11156838,-0.22282155,0.08958895,-0.26322517,-0.35454431,0.25103116,-0.20478526,3801000.0674853,0.1208428,0.13566326,0.0877575,-0.1910293,0.19290982,0.04085193,0.52178937,0.09769531,0.01054444,0.34148303,-0.09943721,-0.18083972,-0.13192554,-0.19813982,-0.20591643,-0.0415072,-0.1128194,-0.22382802,0.09206958,-0.25930545,-0.35502076,0.24964988,-0.20305865,3802000.0698804,0.12199262,0.1383262,0.08715644,-0.19316325,0.18904959,0.04192464,0.52364415,0.0976105,0.00923736,0.34506163,-0.10766347,-0.17958246,-0.1364827,-0.20293006,-0.20540901,-0.04039404,-0.10967372,-0.22361268,0.09236468,-0.25596392,-0.35452336,0.24741104,-0.20215246,3803000.06939764,0.12246685,0.13569213,0.09122693,-0.20001616,0.19034444,0.03789062,0.52288109,0.09713776,0.00571638,0.3444759,-0.10691107,-0.1892793,-0.12661444,-0.20091435,-0.2059128,-0.04368535,-0.12800932,-0.22449379,0.09550475,-0.24942084,-0.3557184,0.24970928,-0.20587626,3804000.07073202,0.12358654,0.13257994,0.09312843,-0.19883561,0.18966399,0.03553485,0.52099484,0.09662084,0.00249484,0.34557891,-0.1088435,-0.17976852,-0.1280468,-0.20173289,-0.20436528,-0.04593887,-0.11390679,-0.22190236,0.09558158,-0.25159085,-0.35457581,0.25472072,-0.19841786,3805000.0691746,0.12472622,0.13642932,0.09250981,-0.19659586,0.1927634,0.03942156,0.52130109,0.0971011,0.00284591,0.3394241,-0.10591705,-0.17772484,-0.13966265,-0.19980922,-0.2053147,-0.04400919,-0.11201617,-0.21747112,0.10219659,-0.24143188,-0.35441843,0.25180477,-0.2069179,3806000.06624945,0.11816831,0.13227135,0.08388751,-0.18502168,0.19661145,0.04339479,0.52067131,0.09835118,0.01427602,0.34526575,-0.10500666,-0.18785359,-0.12709717,-0.20189765,-0.20292751,-0.04033504,-0.1076213,-0.21972024,0.09638359,-0.24479216,-0.35200417,0.2505382,-0.20411062,3807000.06634832,0.11818267,0.13144954,0.08647624,-0.19160213,0.19156088,0.03825302,0.52494872,0.09816975,0.01640947,0.34500352,-0.10241209,-0.1764522,-0.13268787,-0.2004469,-0.20359012,-0.03930342,-0.09925453,-0.22161488,0.10272679,-0.25470009,-0.35415122,0.25003266,-0.20748441,3808000.06652073,0.11699883,0.13184388,0.08881808,-0.19409509,0.18614267,0.04316383,0.5230667,0.09927075,0.01010665,0.34901178,-0.1133628,-0.18148012,-0.12904374,-0.20078038,-0.20370962,-0.04225771,-0.11604432,-0.22102445,0.10076918,-0.25398678,-0.35576013,0.25327402,-0.21453586,3809000.06406512,0.11824123,0.1332577,0.08865942,-0.19217998,0.1855288,0.03612827,0.5227555,0.09890887,0.00895976,0.34108165,-0.10644829,-0.18640357,-0.12578234,-0.19692829,-0.20373528,-0.04398718,-0.1142532,-0.22127442,0.10016314,-0.24908492,-0.35622358,0.24385418,-0.20776772,3810000.06488818,0.11856076,0.13705158,0.09008557,-0.1995759,0.18780075,0.03770167,0.52138793,0.10005347,0.00762484,0.34574959,-0.11182211,-0.18214089,-0.12189233,-0.19830903,-0.20467462,-0.04472214,-0.12542824,-0.22444642,0.10250021,-0.24945244,-0.35560459,0.24493328,-0.20381533,3811000.06623923,0.12040867,0.13708037,0.09373087,-0.2018799,0.18283777,0.03841516,0.51910484,0.09798989,0.00564764,0.34009466,-0.11547439,-0.17992832,-0.12651704,-0.19881478,-0.20253491,-0.04508702,-0.11211108,-0.2211096,0.09709126,-0.25950792,-0.35570028,0.25100985,-0.20304768,3812000.06742188,0.1257312,0.13671225,0.0955703,-0.20387599,0.18959072,0.03750046,0.52049595,0.09647241,0.0035875,0.33629242,-0.11365784,-0.18351486,-0.13033658,-0.20296359,-0.20160757,-0.04596432,-0.11234407,-0.22193412,0.09423612,-0.25091007,-0.35444942,0.2569792,-0.20855805,3813000.07006249,0.12373365,0.13210146,0.09160729,-0.19411437,0.19195734,0.04186399,0.52219158,0.09738261,0.00552744,0.33855322,-0.11058795,-0.18740876,-0.12574893,-0.20085058,-0.20252562,-0.04624877,-0.12604736,-0.2238836,0.09983618,-0.24344686,-0.35175297,0.25139126,-0.19111808,3814000.06542653,0.11863109,0.12882285,0.08400919,-0.18667248,0.19692226,0.04572013,0.52268934,0.10076677,0.01781569,0.34541851,-0.10428294,-0.17663153,-0.12183096,-0.19937757,-0.19796722,-0.04005596,-0.10496195,-0.21605672,0.09821837,-0.24648018,-0.35178089,0.2516475,-0.20389654,3815000.06547912,0.11962119,0.1299759,0.08514115,-0.1944105,0.19084556,0.04076006,0.52358919,0.09884075,0.01632059,0.34796062,-0.10620946,-0.17896973,-0.12634198,-0.19646254,-0.19943096,-0.04092807,-0.10527701,-0.22057633,0.09246647,-0.24897884,-0.35426158,0.24836682,-0.1988893,3816000.06993961,0.11917018,0.13515273,0.08605963,-0.19715285,0.18886979,0.04174946,0.52536976,0.09945192,0.01136234,0.34047467,-0.11047249,-0.17883939,-0.12614371,-0.19326439,-0.20064646,-0.0441486,-0.1025729,-0.21744539,0.09309565,-0.25052124,-0.35660389,0.24962182,-0.2019178,3817000.06607022,0.11906338,0.13181446,0.08729297,-0.19762789,0.18998022,0.03817634,0.52189469,0.09628261,0.01089986,0.34646237,-0.1134747,-0.18903747,-0.1235966,-0.19644195,-0.20213296,-0.04510503,-0.10974368,-0.22491433,0.09938762,-0.25613534,-0.35651043,0.25072119,-0.20341203,3818000.06658056,0.11835594,0.13353953,0.08878242,-0.19814478,0.18856658,0.04726727,0.52534151,0.10055072,0.0087845,0.34671065,-0.11658213,-0.18368208,-0.12640378,-0.19883595,-0.2030942,-0.04799715,-0.11145899,-0.22595409,0.09913949,-0.24492231,-0.35648319,0.25533965,-0.20696646,3819000.06737234,0.12030894,0.13271938,0.09292132,-0.20339139,0.19090617,0.03823058,0.52449965,0.09748892,0.00711784,0.35191163,-0.11590099,-0.18342948,-0.12721325,-0.19672611,-0.20131817,-0.04753765,-0.11513095,-0.22110653,0.0972373,-0.24991737,-0.35682574,0.25784701,-0.20898034,3820000.06975289,0.12513846,0.13662635,0.09542853,-0.20206685,0.18912786,0.03983469,0.52407312,0.09841647,0.00405748,0.34855282,-0.11810691,-0.18939218,-0.12637478,-0.20124032,-0.20083877,-0.04708872,-0.10817307,-0.21834067,0.09631044,-0.2434376,-0.35694906,0.25243124,-0.21020938,3821000.06544419,0.12038389,0.13640048,0.08935677,-0.1964756,0.1941735,0.03927683,0.52219713,0.09729722,0.0106256,0.34471908,-0.11548105,-0.18778735,-0.12991995,-0.20028889,-0.19987407,-0.0430597,-0.11507962,-0.2207313,0.09382392,-0.24886727,-0.3539739,0.25548655,-0.19530305,3822000.06339442,0.11191963,0.13178498,0.08437764,-0.18860155,0.19219504,0.04677793,0.51869106,0.09855961,0.02039484,0.34237874,-0.10747981,-0.17403623,-0.12418874,-0.19794951,-0.19975954,-0.04535765,-0.10037021,-0.22224022,0.09905574,-0.25154075,-0.35434133,0.24802427,-0.20907311,3823000.06522947,0.11412898,0.1325417,0.08403702,-0.19425215,0.19004995,0.04036988,0.52444619,0.09659687,0.01607066,0.34858176,-0.113836,-0.18362559,-0.12365439,-0.19510418,-0.20056708,-0.0426935,-0.1193253,-0.22001654,0.09708951,-0.24750096,-0.35837722,0.24554834,-0.20501478,3824000.0674853,0.11322428,0.13514875,0.08661837,-0.19973242,0.18725505,0.04428542,0.52474773,0.09555532,0.01196326,0.34608543,-0.11905343,-0.18668547,-0.1248185,-0.19412503,-0.2005785,-0.04861412,-0.10836814,-0.22541976,0.09873268,-0.26064071,-0.35980254,0.24717909,-0.20536649,3825000.06642909,0.11490898,0.1318343,0.08534937,-0.20312265,0.19232678,0.03814285,0.52795362,0.09745089,0.01044824,0.35182139,-0.11714669,-0.18842712,-0.12916468,-0.19886939,-0.20194668,-0.0437325,-0.10918464,-0.22762249,0.0975346,-0.26085547,-0.36002871,0.24804021,-0.21348906,3826000.06921092,0.1178482,0.12920184,0.08874185,-0.20682245,0.1908703,0.03794531,0.52691215,0.09568777,0.00878666,0.33953089,-0.12621821,-0.18536434,-0.13338062,-0.20193276,-0.20375368,-0.04662625,-0.12085842,-0.22223814,0.09990518,-0.25752649,-0.3596158,0.25040513,-0.21874683,3827000.06670728,0.11771344,0.13461116,0.08985576,-0.20680574,0.19181772,0.03371621,0.52172649,0.09784256,0.00563732,0.34293783,-0.13001853,-0.18987569,-0.13508286,-0.19818884,-0.20324348,-0.05068444,-0.12374126,-0.21964695,0.09609159,-0.25415096,-0.35859925,0.25426534,-0.21207908,3828000.06885544,0.11650947,0.137219,0.09146017,-0.2124566,0.18827018,0.03206157,0.52358186,0.09554236,0.00253073,0.34502125,-0.12465078,-0.18685506,-0.13186386,-0.19867529,-0.20324732,-0.05219924,-0.11984379,-0.22768191,0.10122333,-0.25213826,-0.35854375,0.25520065,-0.21081942,3829000.06522947,0.11184973,0.1342735,0.08610079,-0.20187861,0.19116956,0.03717183,0.521676,0.0963152,0.01011869,0.3366549,-0.12543838,-0.18990099,-0.12944305,-0.19994417,-0.20171788,-0.05212799,-0.1092039,-0.22193481,0.10126739,-0.25768992,-0.35701653,0.25097707,-0.2097934,3830000.06198613,0.10669513,0.13152085,0.08086381,-0.19373749,0.19164975,0.04396075,0.52194232,0.09627142,0.01820263,0.33353764,-0.1186737,-0.18569282,-0.1312633,-0.19411187,-0.20115252,-0.05099887,-0.10998387,-0.22400607,0.09111509,-0.25421044,-0.35742858,0.24709624,-0.21125823,3831000.06607323,0.10711282,0.13499805,0.08151826,-0.20148888,0.19189987,0.03706612,0.52537978,0.09589533,0.01369831,0.3425388,-0.1311149,-0.19458152,-0.13577862,-0.1968334,-0.2037093,-0.05358544,-0.11352173,-0.22686993,0.10067699,-0.24968173,-0.36236688,0.2497059,-0.21344683,3832000.06609036,0.1096843,0.13451567,0.0827382,-0.20745741,0.19097155,0.03864892,0.52641714,0.09418181,0.00996794,0.34446087,-0.13257444,-0.19988775,-0.13545345,-0.19677147,-0.20428038,-0.05433723,-0.10889615,-0.22580968,0.10436897,-0.26527226,-0.36524767,0.25340593,-0.21735714,3833000.06445739,0.10823995,0.13610168,0.08436953,-0.20957664,0.18529397,0.03027772,0.52288789,0.09341795,0.00882682,0.34114009,-0.13081549,-0.19672462,-0.1397144,-0.19875069,-0.20435663,-0.05808046,-0.11046527,-0.22561483,0.09495095,-0.26050898,-0.36541352,0.25129229,-0.21359536,3834000.06741121,0.10951426,0.13595845,0.08454736,-0.21377578,0.18594126,0.02563645,0.52490354,0.09239109,0.00491481,0.32989332,-0.13437414,-0.20915963,-0.14004569,-0.19537976,-0.2071007,-0.05899129,-0.12171776,-0.23193596,0.10249767,-0.25715816,-0.36642012,0.25082409,-0.21288428,3835000.06685124,0.11286908,0.13422915,0.0881669,-0.21844706,0.1873218,0.03094311,0.52614903,0.09549483,0.00347474,0.33372018,-0.14092433,-0.21324311,-0.13686079,-0.19692135,-0.20597397,-0.06174815,-0.1087437,-0.22963324,0.1095348,-0.26134494,-0.36405295,0.25373301,-0.21490154,3836000.06806289,0.11251046,0.13624889,0.08950312,-0.21455505,0.1876879,0.02911799,0.52624577,0.09297545,0.00085152,0.33258331,-0.14165476,-0.20502646,-0.14779404,-0.19724925,-0.2046929,-0.06319183,-0.11429337,-0.2307618,0.09958973,-0.25810263,-0.36334658,0.25892633,-0.21516983,3837000.06586626,0.1063473,0.1333601,0.08178877,-0.21207507,0.18737377,0.02904582,0.52243024,0.09038112,0.0070275,0.33570755,-0.13516569,-0.19703718,-0.1375355,-0.19175614,-0.20510033,-0.0661371,-0.12823237,-0.22850649,0.10189918,-0.25765747,-0.36201119,0.25392815,-0.216787,3838000.06343085,0.1037332,0.13448803,0.07666221,-0.20908622,0.19248302,0.03339615,0.5227716,0.0926514,0.01445722,0.33592874,-0.13174896,-0.19822797,-0.13806964,-0.19650143,-0.20513536,-0.05976545,-0.11716622,-0.23190187,0.10018279,-0.26002106,-0.36298412,0.24399443,-0.21874358,3839000.06562259,0.10592228,0.13729146,0.07858995,-0.21646796,0.1922121,0.03513144,0.5260945,0.09026758,0.01006812,0.33968896,-0.13374309,-0.20007168,-0.14340907,-0.19419812,-0.20770869,-0.06066295,-0.12206326,-0.22998957,0.09815767,-0.26198131,-0.36700803,0.24707097,-0.22303036,3840000.06434843,0.10768282,0.13655199,0.07855964,-0.21629831,0.18800175,0.02994022,0.52342683,0.08957862,0.00734302,0.33802441,-0.13676807,-0.20149781,-0.13951433,-0.1943894,-0.20798677,-0.06375322,-0.11580388,-0.23102474,0.09306542,-0.26217812,-0.36775154,0.24844205,-0.22447363,3841000.06288826,0.10470875,0.13726372,0.07876853,-0.22315115,0.18781799,0.02510441,0.52448255,0.08858936,0.00684966,0.33981082,-0.13889554,-0.20296161,-0.14138682,-0.19632863,-0.20771457,-0.06705753,-0.11947078,-0.23328277,0.09325498,-0.26555082,-0.36830708,0.25179392,-0.21865061,3842000.06540451,0.10196669,0.13871448,0.08048411,-0.22132839,0.18679319,0.02286868,0.52207482,0.08891571,0.00498914,0.32532525,-0.14304288,-0.19805779,-0.14494652,-0.19237076,-0.20969732,-0.06874491,-0.13071711,-0.23344731,0.10007355,-0.26571178,-0.3687371,0.24671979,-0.22886893,3843000.06700627,0.10332534,0.13888532,0.08447868,-0.22727127,0.18641579,0.02424729,0.52337021,0.08867855,0.00239524,0.33440182,-0.14348757,-0.20441429,-0.14716333,-0.19676349,-0.21108441,-0.06360998,-0.1318709,-0.23322959,0.09129821,-0.26279172,-0.36755851,0.2466872,-0.22474794,3844000.06649231,0.11071656,0.13562353,0.08560593,-0.22265135,0.18641479,0.02617725,0.52356368,0.09017557,0.00184594,0.33049473,-0.14418712,-0.21356408,-0.15066205,-0.19568437,-0.20980017,-0.06743157,-0.13737163,-0.23247042,0.09493532,-0.26585436,-0.36721981,0.24444281,-0.22553234,3845000.06342859,0.10165029,0.1307531,0.07745577,-0.21382602,0.186878,0.02921162,0.51993352,0.08965757,0.01159748,0.32846895,-0.13809273,-0.19949144,-0.14487742,-0.19895345,-0.20949662,-0.06813279,-0.12369151,-0.23096772,0.09366194,-0.26075619,-0.3646794,0.24465966,-0.22167763,3846000.06425622,0.1006451,0.13142402,0.07755027,-0.21605383,0.18942574,0.03068203,0.5257827,0.09107018,0.01512825,0.33201745,-0.13633113,-0.19713801,-0.14326262,-0.1965697,-0.21120025,-0.06370679,-0.11681721,-0.23470965,0.09667586,-0.25852954,-0.36723575,0.24012731,-0.22094989,3847000.06551354,0.10311447,0.13227226,0.08240727,-0.21972893,0.18935104,0.02400435,0.52313471,0.08848967,0.01065285,0.33046952,-0.14049296,-0.20882554,-0.14236096,-0.19559616,-0.2104124,-0.06808581,-0.12405039,-0.23111302,0.09755038,-0.26935709,-0.36920717,0.24461488,-0.2187676,3848000.06574605,0.10077617,0.13425677,0.07987707,-0.22403501,0.18871443,0.02472198,0.52154052,0.08739868,0.00797176,0.33586416,-0.14184432,-0.20971671,-0.14258489,-0.1919809,-0.21255271,-0.0697235,-0.12594394,-0.23251063,0.10001204,-0.26028571,-0.37050402,0.24716862,-0.22637774,3849000.06852774,0.1032424,0.13436981,0.07951628,-0.22708577,0.18529442,0.02246716,0.52298981,0.08880127,0.00788695,0.33465937,-0.14709137,-0.19405918,-0.14756501,-0.19182771,-0.21203746,-0.0714981,-0.13194366,-0.23453964,0.10069022,-0.26400542,-0.37039727,0.24361947,-0.22636992,3850000.0667564,0.10391051,0.13667381,0.07971307,-0.22834083,0.18906631,0.0191042,0.52030957,0.08829113,0.0057031,0.33674699,-0.14153957,-0.20731759,-0.14975929,-0.19643909,-0.21162705,-0.06726658,-0.12773286,-0.23468597,0.09727312,-0.2625424,-0.37005424,0.24583426,-0.22538812,3851000.06688285,0.10510159,0.13746819,0.08451445,-0.23036648,0.18095563,0.02098356,0.51950032,0.08860526,0.00269561,0.33407441,-0.14543517,-0.20163421,-0.15540473,-0.19502465,-0.21267779,-0.06677561,-0.12928568,-0.23470938,0.09959321,-0.26259533,-0.36838573,0.25020754,-0.21715192,3852000.06442595,0.10191489,0.13588327,0.08168419,-0.22599749,0.18608926,0.02379683,0.5202536,0.08759204,0.00725828,0.33424947,-0.14167188,-0.19944067,-0.15473373,-0.19232243,-0.21236323,-0.07371239,-0.12417356,-0.23157793,0.10560874,-0.26631129,-0.36582541,0.25587535,-0.22544028,3853000.06291959,0.10148957,0.13355841,0.07403652,-0.21923622,0.18805359,0.02709648,0.52064461,0.08780602,0.01751111,0.34128731,-0.13437824,-0.1987585,-0.15211333,-0.19286934,-0.20994757,-0.07122941,-0.11477349,-0.23317023,0.0985945,-0.2678785,-0.36502862,0.24274144,-0.21850617,3854000.06644915,0.09666892,0.13400309,0.07484572,-0.22184193,0.18925327,0.02518832,0.52386135,0.08820089,0.01447679,0.34489986,-0.13445531,-0.20513235,-0.15549934,-0.18763041,-0.21263821,-0.07547849,-0.12171488,-0.23643051,0.10405231,-0.26529402,-0.3691715,0.2416241,-0.22162133,3855000.06068343,0.09499511,0.13595845,0.07507429,-0.22172417,0.18316093,0.02512736,0.5189603,0.08888605,0.01030864,0.34221661,-0.13930969,-0.20614593,-0.15024447,-0.18961692,-0.21337916,-0.07327033,-0.1265016,-0.23278661,0.10143871,-0.26787516,-0.37073711,0.25273937,-0.22789805,3856000.06138232,0.09212054,0.1365844,0.07559338,-0.22412895,0.18427062,0.02233307,0.51988769,0.08621798,0.00978288,0.32651505,-0.14221579,-0.20251326,-0.15209015,-0.19413844,-0.21348144,-0.0769465,-0.12068266,-0.23756811,0.09921054,-0.27234748,-0.37111783,0.24619204,-0.22596066,3857000.06466252,0.09836146,0.13993528,0.08161674,-0.23528856,0.18567166,0.02271712,0.52188987,0.0855494,0.00722498,0.33144647,-0.13933356,-0.21016143,-0.15100729,-0.19234605,-0.21395656,-0.07698617,-0.12306005,-0.23511811,0.10257163,-0.26357806,-0.36988071,0.24694802,-0.22618647,3858000.06768119,0.10389858,0.13953596,0.08472499,-0.23744275,0.18715936,0.01887776,0.51943243,0.08537579,0.00399777,0.33019215,-0.1462747,-0.21456437,-0.15543289,-0.19378485,-0.21539809,-0.07373483,-0.12737595,-0.23322247,0.10522729,-0.26185536,-0.3684769,0.25035593,-0.22299668,3859000.06631093,0.10487802,0.13672946,0.08239463,-0.23814176,0.18584271,0.01823391,0.51982254,0.08637996,0.00252602,0.32818609,-0.14907672,-0.21945253,-0.15852231,-0.19997716,-0.21464504,-0.07610353,-0.12949714,-0.23347142,0.10364933,-0.26671886,-0.36815804,0.2494508,-0.22280991,3860000.06326109,0.10339385,0.13466316,0.07678439,-0.22590168,0.18563803,0.022615,0.51643544,0.08490004,0.00897771,0.32996666,-0.14076139,-0.20853204,-0.15664524,-0.19096719,-0.2120847,-0.07287297,-0.12411045,-0.22929752,0.09935848,-0.26066324,-0.36671141,0.24768026,-0.22130944,3861000.06004709,0.09299911,0.13330007,0.0713658,-0.21997245,0.18634976,0.02177388,0.51726198,0.08601464,0.0175448,0.33251104,-0.13417791,-0.19752853,-0.14748567,-0.18650091,-0.20997979,-0.07645104,-0.12227521,-0.23500106,0.10019884,-0.25780436,-0.36564168,0.24665131,-0.22931015,3862000.05841793,0.08984651,0.13162234,0.07143552,-0.22744073,0.1854777,0.02584905,0.51896942,0.08643131,0.01367796,0.32872167,-0.13554563,-0.20975806,-0.15376323,-0.18706803,-0.21375668,-0.07461016,-0.11980296,-0.23370411,0.10006879,-0.27017662,-0.3693316,0.24650958,-0.22476868,3863000.06094808,0.09316023,0.13340773,0.0727511,-0.22853889,0.18450765,0.0195569,0.52007556,0.08321632,0.00973799,0.33686242,-0.14292836,-0.20433983,-0.15549934,-0.1889486,-0.21623626,-0.07580716,-0.12131565,-0.23550336,0.09545135,-0.27296987,-0.37031651,0.24985413,-0.22660926,3864000.06158477,0.09521386,0.13675527,0.07619236,-0.23448178,0.18333338,0.01615485,0.51991677,0.08346865,0.00831927,0.32565579,-0.14338969,-0.20672102,-0.15372615,-0.19057135,-0.21520081,-0.07541363,-0.133523,-0.23752904,0.0991372,-0.27742893,-0.37157154,0.24425283,-0.22424647,3865000.06599829,0.09442065,0.13661429,0.07922786,-0.23726505,0.18796743,0.01834554,0.5184899,0.08493032,0.00670169,0.33025008,-0.14940217,-0.20087951,-0.14694454,-0.18888737,-0.21762729,-0.07593124,-0.1252341,-0.23559147,0.10571575,-0.26250985,-0.37103945,0.25063524,-0.22538905,3866000.06701171,0.09425505,0.13479958,0.08224218,-0.23884074,0.18503527,0.01763198,0.51838058,0.08256974,0.00353343,0.33264741,-0.14644687,-0.20834804,-0.14995074,-0.19226578,-0.21745154,-0.0760658,-0.12687033,-0.23697735,0.09833273,-0.26070404,-0.36819872,0.24681012,-0.22587673,3867000.06262568,0.09561287,0.1366719,0.08216849,-0.24253245,0.18345204,0.01129293,0.51421344,0.08346676,-0.00023433,0.32980177,-0.14710137,-0.21224628,-0.15362899,-0.18980774,-0.21808881,-0.07510559,-0.13112628,-0.2382389,0.09887382,-0.25967997,-0.36587489,0.2436886,-0.21969134,3868000.06406971,0.09454525,0.13591276,0.07670485,-0.23447403,0.18658462,0.0187612,0.51814187,0.08545094,0.00627775,0.32938853,-0.14222041,-0.20598452,-0.14827666,-0.18905309,-0.21575135,-0.07898652,-0.12699223,-0.23505706,0.10029529,-0.26035857,-0.36316407,0.24863191,-0.21513201,3869000.06189507,0.09263279,0.13449037,0.07338861,-0.22615777,0.18562818,0.02173319,0.51600087,0.08516338,0.01512546,0.34047937,-0.13667877,-0.19233318,-0.14767535,-0.18599658,-0.21410304,-0.08290801,-0.11710323,-0.2367454,0.10241196,-0.26699501,-0.36435217,0.25188431,-0.21861124,3870000.06257934,0.09265008,0.13661213,0.0750052,-0.2315218,0.18785048,0.02239406,0.51852667,0.08261188,0.01156265,0.32569,-0.14078021,-0.19055729,-0.1565872,-0.18505129,-0.215479,-0.07877181,-0.12201355,-0.23821561,0.09691908,-0.26939365,-0.36649835,0.25134996,-0.21946532,3871000.06174072,0.0913836,0.13567676,0.07592301,-0.23506524,0.18909015,0.0168991,0.51985437,0.08487916,0.00870866,0.33320123,-0.14418478,-0.20893,-0.1480062,-0.18766245,-0.21776114,-0.08022665,-0.11973377,-0.23427373,0.10015843,-0.27147666,-0.36724171,0.25000232,-0.22289354,3872000.06362073,0.09655568,0.14135683,0.07748973,-0.23887902,0.18727805,0.01634088,0.52016199,0.08577207,0.00708044,0.3250556,-0.1468747,-0.19550987,-0.15290526,-0.18536086,-0.21756472,-0.08084445,-0.11320788,-0.23469053,0.10823619,-0.27193147,-0.36731359,0.25119388,-0.22269534,3873000.06382219,0.09792241,0.13602059,0.07890494,-0.24269272,0.18967256,0.01832911,0.51981729,0.08614759,0.0044119,0.33114973,-0.14478807,-0.18964997,-0.14966881,-0.18745351,-0.21950123,-0.08186971,-0.12764907,-0.23576921,0.10415085,-0.27066207,-0.36579138,0.24856627,-0.21853574,3874000.06540696,0.09703314,0.13576649,0.08058869,-0.24334383,0.1901895,0.01296154,0.51906592,0.08560957,0.0013853,0.32627371,-0.14238001,-0.19554326,-0.15173015,-0.19248936,-0.21733302,-0.0851738,-0.13071984,-0.23390059,0.09542745,-0.2564171,-0.36499712,0.24774575,-0.21539971,3875000.06655551,0.10040095,0.14064951,0.081433,-0.24388789,0.18812791,0.01449021,0.5176422,0.08192681,-0.00125574,0.32887706,-0.14713056,-0.20926043,-0.15171599,-0.19491723,-0.21693289,-0.08303552,-0.12377176,-0.23276369,0.10120015,-0.26458701,-0.36268392,0.24874513,-0.22564095,3876000.06597532,0.0960658,0.14104758,0.07758583,-0.23275037,0.18759604,0.02104818,0.51885688,0.08517184,0.00393096,0.33212742,-0.14293705,-0.20996892,-0.15155466,-0.19304582,-0.21679123,-0.07759277,-0.13208342,-0.2329095,0.10880756,-0.2677277,-0.35970613,0.24657257,-0.21503995,3877000.06584869,0.09098253,0.13540114,0.07356496,-0.22828069,0.18917297,0.02110306,0.51708359,0.08765058,0.01354285,0.32630894,-0.1373661,-0.190286,-0.14039983,-0.18957803,-0.21478038,-0.08065048,-0.12106434,-0.2346812,0.10255603,-0.2625379,-0.35864994,0.24806567,-0.21489196,3878000.06767192,0.09513261,0.13755354,0.07573868,-0.23035441,0.19056681,0.0199221,0.51874322,0.08701576,0.01071274,0.32480216,-0.13724618,-0.20501617,-0.13897935,-0.18948631,-0.21580788,-0.07855249,-0.11740001,-0.2344434,0.0988308,-0.26339915,-0.35963985,0.24104381,-0.21849859,3879000.06317933,0.09432296,0.13551243,0.07767101,-0.2348776,0.19253199,0.02105511,0.5186947,0.08742708,0.0087244,0.3209509,-0.1330145,-0.19896878,-0.13326037,-0.18996404,-0.21788841,-0.07476455,-0.1263067,-0.23140465,0.10296388,-0.26208583,-0.36111522,0.24414712,-0.2146312,3880000.06150297,0.09444185,0.13820685,0.07809907,-0.23684141,0.19079232,0.02007371,0.51826954,0.08534102,0.00800611,0.33041584,-0.13138959,-0.19650988,-0.1431395,-0.18730527,-0.21476747,-0.07475521,-0.12448415,-0.2298007,0.09936284,-0.26790962,-0.3604854,0.24816419,-0.21717994,3881000.06434605,0.09626506,0.13837878,0.08042309,-0.24161488,0.19072662,0.02660793,0.51584744,0.08642153,0.00619456,0.33259934,-0.13584694,-0.19705841,-0.13968278,-0.1920446,-0.21614392,-0.07695158,-0.1189583,-0.23030247,0.09907856,-0.26825532,-0.36084518,0.24926157,-0.21426974,3882000.07033578,0.09728897,0.13772814,0.08282799,-0.2447792,0.1884601,0.01884961,0.51765186,0.08814569,0.00384208,0.31767818,-0.13832082,-0.20509477,-0.13576756,-0.19523156,-0.21634479,-0.07623339,-0.12137341,-0.23191361,0.10107387,-0.25726798,-0.35919368,0.2512379,-0.2116899,3883000.06950692,0.09904879,0.13399017,0.08326042,-0.23932467,0.18871817,0.02074469,0.51511586,0.08843151,0.0012491,0.3341547,-0.13595112,-0.20625228,-0.13495012,-0.19543289,-0.21621312,-0.0771928,-0.12974766,-0.23097384,0.10184075,-0.26230755,-0.35598931,0.25254425,-0.21321061,3884000.06342594,0.09694846,0.13204183,0.0784286,-0.22896159,0.18944637,0.02281666,0.51396292,0.08994641,0.00991689,0.32464147,-0.12734374,-0.19469699,-0.13504608,-0.19339128,-0.21282974,-0.0779032,-0.12837423,-0.23151816,0.10190687,-0.26075146,-0.35298076,0.25180426,-0.20855345,3885000.06681277,0.09469266,0.13280293,0.07740856,-0.22569089,0.19298945,0.02828261,0.5148474,0.09107397,0.01776498,0.33167729,-0.12673345,-0.19301179,-0.13150793,-0.19396855,-0.21086377,-0.072832,-0.11756393,-0.2323204,0.10586222,-0.25909436,-0.35187277,0.24347776,-0.21038118,3886000.06586944,0.0965521,0.13537647,0.07914465,-0.23211913,0.19182508,0.02348892,0.51722831,0.09139445,0.01438241,0.34021506,-0.12348825,-0.19998065,-0.12881422,-0.19588481,-0.2137308,-0.06963412,-0.11990368,-0.22975551,0.10394011,-0.26357681,-0.35291183,0.25300169,-0.20910369,3887000.06478196,0.09775171,0.13472424,0.07952381,-0.22952077,0.19282389,0.02853776,0.5191704,0.09393586,0.01236267,0.32932398,-0.11933099,-0.19630185,-0.13159502,-0.19369078,-0.21324982,-0.07010131,-0.11525162,-0.22721897,0.10316934,-0.25410044,-0.3545025,0.25405866,-0.21249619,3888000.06747122,0.09680875,0.13415892,0.08298692,-0.23574564,0.19312833,0.02709645,0.51916409,0.09259711,0.01215804,0.32478285,-0.11887291,-0.19695361,-0.12531935,-0.19484128,-0.21152847,-0.07130557,-0.11320038,-0.22835137,0.09474311,-0.26114711,-0.35354024,0.2581057,-0.20650464,3889000.06910571,0.10196387,0.13642736,0.08296036,-0.23468983,0.19365767,0.0246322,0.51834553,0.09398841,0.00978056,0.3260884,-0.12215775,-0.19503206,-0.13193397,-0.19499865,-0.2128524,-0.07100828,-0.12170076,-0.23098424,0.10034208,-0.25972819,-0.35197291,0.25900486,-0.20818141,3890000.06829534,0.10189106,0.13835447,0.08780332,-0.23587643,0.18810377,0.02346658,0.51634514,0.09474122,0.00696346,0.33360526,-0.12177475,-0.19515927,-0.12883678,-0.19640875,-0.21191588,-0.0679766,-0.12013771,-0.23484555,0.10146037,-0.26214406,-0.35129431,0.24821916,-0.20798868,3891000.06911542,0.10306204,0.13753337,0.08763219,-0.23682144,0.18764925,0.02596325,0.51699179,0.09412505,0.0062649,0.33793607,-0.11625515,-0.1843421,-0.1194998,-0.19602996,-0.21198399,-0.06833919,-0.11922713,-0.22918972,0.09713803,-0.2613866,-0.34857318,0.25324094,-0.20665018,3892000.06473026,0.0991779,0.1333169,0.08001496,-0.22164549,0.19069502,0.0288556,0.51589876,0.09598638,0.01764517,0.32133549,-0.1082552,-0.19037463,-0.1251148,-0.19430888,-0.20902056,-0.06451291,-0.12035311,-0.22618772,0.09992567,-0.25353953,-0.3448793,0.2535218,-0.20336314,3893000.06297848,0.10052637,0.13136452,0.07761639,-0.21861161,0.19283055,0.03360223,0.51716715,0.09599838,0.02256933,0.33356607,-0.10378464,-0.17713904,-0.11525934,-0.19365458,-0.20684528,-0.06128462,-0.10773393,-0.22856614,0.09902865,-0.24776639,-0.34457552,0.25154483,-0.20375605,3894000.06540451,0.10062813,0.13571939,0.08083313,-0.22139001,0.19026333,0.03439717,0.52198768,0.09662046,0.01856455,0.33523318,-0.10307856,-0.18637347,-0.10988733,-0.19429466,-0.20788364,-0.06183295,-0.10732407,-0.22690277,0.09977274,-0.25087446,-0.34797055,0.2474816,-0.20736516,3895000.06639747,0.10420234,0.13141483,0.08126131,-0.22111775,0.19027118,0.03474493,0.51782399,0.09733602,0.01644599,0.33001566,-0.10425607,-0.18527319,-0.11253446,-0.19459046,-0.20719995,-0.06400569,-0.11429381,-0.22543922,0.09914207,-0.24573372,-0.34871033,0.25414866,-0.20725551,3896000.06557387,0.1052624,0.1349825,0.08251007,-0.2257375,0.19602858,0.03559844,0.5198307,0.098264,0.01561377,0.3280853,-0.10315112,-0.17946409,-0.12219955,-0.19704352,-0.20685582,-0.06527472,-0.11464021,-0.22813982,0.1071884,-0.2517387,-0.34823242,0.2549355,-0.20410976,3897000.06816833,0.10870167,0.1339916,0.08523425,-0.22831176,0.19235972,0.03406152,0.52197385,0.09605419,0.01305344,0.32620147,-0.10369471,-0.18202443,-0.11456302,-0.19855897,-0.20653592,-0.05967477,-0.12067293,-0.22552817,0.10273814,-0.25880539,-0.3466821,0.25098506,-0.20393671,3898000.0680909,0.10859221,0.13617288,0.08897484,-0.22967482,0.18703856,0.0323535,0.51738483,0.09909761,0.00993187,0.3351666,-0.10718434,-0.18812236,-0.11083156,-0.19604455,-0.20700085,-0.06089601,-0.11291633,-0.22621284,0.10617324,-0.25603598,-0.34578285,0.25036016,-0.19882174,3899000.06829141,0.10525185,0.13705191,0.08913533,-0.23123196,0.19110379,0.0278533,0.52061075,0.09863718,0.00792254,0.33386305,-0.10641628,-0.18950972,-0.11568376,-0.19824873,-0.20685562,-0.05876052,-0.11863359,-0.22436032,0.10891455,-0.25094447,-0.34309229,0.25501361,-0.19322251,3900000.06943862,0.10272752,0.13512796,0.08162347,-0.216139,0.19294296,0.03996696,0.5176608,0.10145738,0.01991587,0.33227172,-0.09533987,-0.17781299,-0.11535906,-0.19718997,-0.20448548,-0.05618115,-0.12516341,-0.22584319,0.10974371,-0.23831013,-0.34170672,0.25010172,-0.19964203,3901000.06666149,0.10412703,0.13229693,0.08025156,-0.21069849,0.19380344,0.03886339,0.52183819,0.10176701,0.02457574,0.33492383,-0.09152067,-0.17874156,-0.10990787,-0.19591019,-0.20311838,-0.05657239,-0.10777783,-0.22578192,0.10479975,-0.24936067,-0.34094262,0.24873137,-0.20289879,3902000.06425622,0.10698472,0.13396071,0.08516401,-0.21650589,0.19415393,0.04193484,0.52243483,0.10185718,0.01815524,0.33932266,-0.09915815,-0.17781475,-0.10222322,-0.19409734,-0.20293352,-0.0585299,-0.09298502,-0.2236799,0.1019182,-0.24858725,-0.34290624,0.25267476,-0.19729446,3903000.06638607,0.10589647,0.13798466,0.08451445,-0.21794689,0.18855181,0.04373273,0.52353704,0.0993903,0.01764414,0.33331677,-0.09553523,-0.1865897,-0.10776979,-0.1964256,-0.20451856,-0.05821442,-0.10662747,-0.22318161,0.10279016,-0.2466287,-0.34364301,0.25171149,-0.19259529,3904000.06680532,0.10596863,0.13866526,0.08671554,-0.22448537,0.19236398,0.03871258,0.52166975,0.09949604,0.01640641,0.33131731,-0.09437539,-0.18948135,-0.10148129,-0.19243123,-0.20502901,-0.05296258,-0.1143892,-0.22678433,0.10137651,-0.24881242,-0.3437888,0.25395823,-0.18981609,3905000.07032192,0.11092615,0.13565998,0.08724126,-0.22384188,0.18736425,0.03768877,0.52031887,0.09871314,0.01410863,0.33127856,-0.09739706,-0.18644585,-0.10237864,-0.19455104,-0.20410179,-0.05333624,-0.1095723,-0.23006205,0.10664176,-0.24564657,-0.34342599,0.25444147,-0.19783323,3906000.0709556,0.11200913,0.13580349,0.0917928,-0.2289969,0.18843077,0.03709522,0.52186537,0.10126506,0.01097565,0.33069894,-0.10010195,-0.18515992,-0.10647547,-0.19458002,-0.20396626,-0.05554396,-0.10424035,-0.22831237,0.11053653,-0.2480474,-0.34291914,0.25960925,-0.20019051,3907000.07069131,0.1106099,0.13940321,0.09244491,-0.22528155,0.19502848,0.03247928,0.52188605,0.10266145,0.0087693,0.32388568,-0.0994029,-0.18973197,-0.10916611,-0.19615087,-0.2055086,-0.05713563,-0.09818734,-0.2292684,0.10813319,-0.24773771,-0.34231818,0.26116851,-0.1967984,3908000.0706411,0.1105323,0.136485,0.08764687,-0.22056472,0.19277105,0.03868759,0.52225596,0.10159206,0.01383152,0.33404717,-0.0938357,-0.17668702,-0.10542185,-0.19517606,-0.20391105,-0.05598165,-0.11409479,-0.2238151,0.10806204,-0.23978806,-0.34082255,0.25979742,-0.19501388,3909000.06933396,0.10986368,0.13727756,0.08325618,-0.21103567,0.19293651,0.04232205,0.52207172,0.10265153,0.02391142,0.33495349,-0.08456012,-0.1743225,-0.10499257,-0.19229975,-0.20080993,-0.05160018,-0.10297508,-0.22436689,0.10409074,-0.24247049,-0.33874953,0.25509343,-0.18690698,3910000.06781281,0.11370231,0.13744444,0.0853231,-0.21490574,0.19718266,0.04053105,0.52599514,0.10370832,0.01905916,0.33675745,-0.08737113,-0.18461522,-0.10386576,-0.19533001,-0.20154364,-0.05293904,-0.10499092,-0.22687592,0.10745354,-0.23696534,-0.3416723,0.25465488,-0.20097864,3911000.06880573,0.10880007,0.1399982,0.0869542,-0.21927583,0.19815776,0.03814675,0.52310801,0.10229446,0.01652929,0.33615258,-0.08982815,-0.18797377,-0.11045755,-0.19160232,-0.20416451,-0.05519615,-0.11029098,-0.22357443,0.11207428,-0.23534153,-0.34255078,0.26092872,-0.20704931,3912000.07223172,0.10999881,0.1390335,0.0861318,-0.21788734,0.19399434,0.040844,0.52431804,0.10168702,0.01686462,0.3419224,-0.08893415,-0.18323256,-0.11006709,-0.19130556,-0.20566663,-0.05461198,-0.10250629,-0.22632596,0.1096028,-0.25037926,-0.34344134,0.25047892,-0.19693501,3913000.07233586,0.11368056,0.14144558,0.088178,-0.22297281,0.19187558,0.03834963,0.52122402,0.10298594,0.0152463,0.34014025,-0.09605523,-0.17864978,-0.10847145,-0.19357502,-0.20532998,-0.05315383,-0.11161625,-0.22715481,0.10950532,-0.23977813,-0.34344745,0.25173733,-0.19482626,3914000.07129233,0.11481429,0.13696444,0.0917928,-0.22272326,0.19390264,0.03638084,0.52317297,0.10085618,0.01158597,0.33203197,-0.09201665,-0.17661779,-0.10414974,-0.19663347,-0.20273191,-0.05143639,-0.10665359,-0.22498403,0.11165459,-0.23719525,-0.34395567,0.262815,-0.19888601,3915000.07166592,0.11289961,0.13835344,0.0924134,-0.22427131,0.20039691,0.03262289,0.5236131,0.09927896,0.00908357,0.33561647,-0.09072033,-0.17870052,-0.10795595,-0.19210972,-0.20397194,-0.04987143,-0.10752101,-0.22661339,0.10461541,-0.23879546,-0.34389132,0.26464978,-0.19530909,3916000.07066273,0.1147765,0.13761784,0.08717091,-0.21287653,0.19420671,0.03906688,0.52089864,0.10058005,0.01557743,0.33777335,-0.08543858,-0.17884594,-0.11248884,-0.19008742,-0.2027605,-0.04920294,-0.09569688,-0.22500485,0.10675291,-0.2388743,-0.34293434,0.25029314,-0.20062903,3917000.07019874,0.11349959,0.13773113,0.08258956,-0.20844671,0.19209613,0.04534819,0.52182531,0.10083884,0.02382421,0.34055716,-0.0796653,-0.1761277,-0.10029331,-0.18862511,-0.20163001,-0.05011876,-0.10323053,-0.22306289,0.10344707,-0.23980141,-0.34115067,0.24845198,-0.20204848,3918000.06897859,0.1135517,0.13738835,0.08547769,-0.21291845,0.19781907,0.03767747,0.52144229,0.10394173,0.02106032,0.34031627,-0.08487069,-0.16685921,-0.11010379,-0.18574962,-0.2024968,-0.04601503,-0.09893517,-0.22488582,0.10392733,-0.24087989,-0.34294182,0.25625032,-0.19797429,3919000.07049076,0.11225172,0.13727397,0.08777695,-0.21663155,0.19632,0.03632805,0.51929319,0.10199969,0.01871055,0.33872262,-0.0859994,-0.18266644,-0.10447124,-0.18767597,-0.20413774,-0.04618505,-0.10861471,-0.22685198,0.11126719,-0.2436367,-0.34488273,0.25413811,-0.1982276,3920000.06795707,0.11718671,0.14127462,0.08777695,-0.21341091,0.19583674,0.03776871,0.52257806,0.10229658,0.01709386,0.34329474,-0.09016726,-0.17747125,-0.11381063,-0.19144054,-0.2041606,-0.04989884,-0.10203896,-0.22603203,0.11159138,-0.24491435,-0.34515056,0.25713846,-0.20305668,3921000.06916923,0.11559954,0.13971381,0.08944398,-0.21568923,0.18820497,0.03667209,0.52226377,0.10204542,0.01671042,0.34267277,-0.09129091,-0.18065479,-0.10735719,-0.19335446,-0.20559141,-0.05045857,-0.0995524,-0.22654276,0.1076124,-0.23590408,-0.34577489,0.25583479,-0.19298886,3922000.07175332,0.11408207,0.13699251,0.09203123,-0.21760863,0.19251168,0.03921378,0.5220241,0.10191508,0.01336777,0.33940601,-0.08683604,-0.1782425,-0.10505044,-0.19049563,-0.20688806,-0.05137074,-0.09364953,-0.22845429,0.1121287,-0.22995651,-0.34635505,0.25766549,-0.19060342,3923000.07204968,0.11934211,0.13682397,0.09314326,-0.21653153,0.19602241,0.03496363,0.52285051,0.10243721,0.01187443,0.34191006,-0.08329857,-0.17934795,-0.1103567,-0.19037001,-0.20633878,-0.05101101,-0.10943303,-0.22572124,0.11901232,-0.23819725,-0.34659785,0.2560553,-0.19284041,3924000.06957059,0.11199962,0.13368176,0.08425383,-0.20726395,0.19162698,0.03800793,0.52006257,0.10408951,0.02347419,0.33438668,-0.07869726,-0.17870815,-0.11699769,-0.19010067,-0.20345302,-0.05340881,-0.10060594,-0.22203833,0.1150407,-0.23033038,-0.34438407,0.25245589,-0.18903118,3925000.06770706,0.11491467,0.13509437,0.08549543,-0.20430775,0.19096451,0.04739285,0.51884544,0.10313895,0.02745764,0.34240949,-0.07918621,-0.1714543,-0.11316951,-0.19158497,-0.20102023,-0.04447795,-0.09648462,-0.22608355,0.11364165,-0.23994841,-0.34428251,0.26068297,-0.19893953,3926000.06870729,0.11553373,0.13690497,0.08701202,-0.21251044,0.19431321,0.03528934,0.52275872,0.10222328,0.02204476,0.34519094,-0.07624856,-0.17333351,-0.11169263,-0.18533705,-0.20378502,-0.05003503,-0.10070676,-0.22740163,0.11545799,-0.24027641,-0.34559926,0.26079631,-0.20497239,3927000.06951809,0.11579894,0.13656534,0.08742344,-0.21306159,0.19352515,0.04267258,0.52498698,0.10295145,0.02024145,0.35101432,-0.07863256,-0.17688535,-0.11604966,-0.18449244,-0.20603962,-0.05281748,-0.09646766,-0.22419916,0.11253831,-0.23509714,-0.3479917,0.25714952,-0.19287902,3928000.07076317,0.11097968,0.13596855,0.08782156,-0.21421589,0.19173598,0.03968628,0.52619648,0.10083039,0.01975468,0.34604293,-0.08300057,-0.17958397,-0.10930558,-0.18612708,-0.20500395,-0.05191176,-0.09840056,-0.22829485,0.11041924,-0.24150066,-0.35091874,0.25687939,-0.19707099,3929000.0711013,0.11059002,0.13747244,0.09009141,-0.21631405,0.19195336,0.03713564,0.5237565,0.10058581,0.01611032,0.33318701,-0.08330994,-0.18112035,-0.10903497,-0.1875882,-0.20435721,-0.04953115,-0.10443531,-0.22694764,0.11345681,-0.24200246,-0.35082683,0.2581057,-0.19436271,3930000.07449431,0.11419909,0.13806899,0.09152069,-0.21606809,0.19325913,0.03453876,0.52481163,0.10157705,0.01351359,0.3357659,-0.0837179,-0.18146645,-0.10855005,-0.18637009,-0.20519979,-0.05885886,-0.08968338,-0.22633946,0.11040807,-0.24043943,-0.35123512,0.26424059,-0.19828789,3931000.07410684,0.11796021,0.13546294,0.09193687,-0.21672477,0.19567785,0.03825251,0.52023757,0.10149338,0.01348984,0.345063,-0.0813443,-0.17802067,-0.11858317,-0.18661164,-0.2047406,-0.05242816,-0.09598663,-0.22885588,0.11197112,-0.2337573,-0.35043132,0.26202831,-0.20212267,3932000.07234117,0.11264993,0.13756098,0.08485443,-0.20799221,0.19382332,0.03844864,0.51706719,0.1006517,0.02195491,0.34095013,-0.07527543,-0.17152409,-0.11775743,-0.18818165,-0.20420964,-0.05452005,-0.10175056,-0.22665744,0.11100944,-0.23131382,-0.35014763,0.26053509,-0.19764052,3933000.06714703,0.1096843,0.13503565,0.08283029,-0.201785,0.19331242,0.04622436,0.52416676,0.10126501,0.02826384,0.34164825,-0.07524039,-0.17542128,-0.11998981,-0.18078808,-0.20251888,-0.05302457,-0.0978679,-0.22783601,0.11131058,-0.23524599,-0.34908754,0.25918588,-0.19715841,3934000.06700919,0.11408525,0.13508569,0.08434477,-0.20846641,0.18924162,0.04437149,0.52432251,0.10052857,0.02224278,0.34733167,-0.07684601,-0.17518033,-0.1208181,-0.18702298,-0.20587622,-0.05422918,-0.0885947,-0.23249502,0.11636563,-0.24465773,-0.35123032,0.25903767,-0.20219393,3935000.06956057,0.1111156,0.13962685,0.082904,-0.21073799,0.19040668,0.0385153,0.52110577,0.09905165,0.01900023,0.34783199,-0.07979866,-0.17697969,-0.11131271,-0.18372691,-0.20647663,-0.05671923,-0.10552235,-0.22507344,0.11134832,-0.23971599,-0.35435149,0.26186648,-0.20856075,3936000.07099593,0.10845479,0.13877483,0.08548559,-0.21308237,0.19185501,0.0335439,0.52305084,0.09807187,0.01718064,0.33957615,-0.08038251,-0.1734339,-0.11753751,-0.18498169,-0.20535515,-0.05505948,-0.10490172,-0.2281747,0.11501731,-0.23969305,-0.35716245,0.26107794,-0.20174554,3937000.07375126,0.11439886,0.13670504,0.08767566,-0.21741018,0.1910788,0.03516086,0.52344787,0.09918727,0.01355584,0.34550321,-0.09153739,-0.18667103,-0.11651189,-0.18420523,-0.20678172,-0.0559848,-0.10182202,-0.23177347,0.11886121,-0.24274257,-0.35621735,0.26315263,-0.20183313,3938000.07413889,0.11325737,0.13730314,0.08934391,-0.21820199,0.19327159,0.03089513,0.52522695,0.09907277,0.01079444,0.34574538,-0.08863682,-0.1858913,-0.11604591,-0.18325146,-0.20691819,-0.0563996,-0.10053976,-0.23272401,0.11858337,-0.24055934,-0.35621005,0.26008669,-0.20578048,3939000.07502908,0.11566589,0.1367358,0.09015684,-0.22107129,0.19341117,0.03032684,0.52144849,0.1001072,0.00946181,0.34365731,-0.0912432,-0.18136647,-0.12260333,-0.18808979,-0.2084163,-0.05524194,-0.09134832,-0.23349683,0.11594717,-0.23907533,-0.35681608,0.26217785,-0.20232172,3940000.07433934,0.11288758,0.13733223,0.08930472,-0.21795779,0.19675814,0.03386698,0.52143204,0.09957267,0.01196176,0.34207863,-0.08806358,-0.18334128,-0.12315761,-0.19211477,-0.20750053,-0.05877042,-0.10575344,-0.23076643,0.11750048,-0.23589753,-0.35612997,0.26409048,-0.20837206,3941000.06621387,0.10799689,0.13489465,0.08248683,-0.20265234,0.19547892,0.03941601,0.51813436,0.10159444,0.02323213,0.33657947,-0.07892016,-0.17141077,-0.12665254,-0.18552785,-0.20625134,-0.05339763,-0.10291451,-0.22851273,0.11925755,-0.23494892,-0.3537212,0.25160775,-0.20286293,3942000.06632553,0.11403664,0.13803618,0.08367646,-0.20745265,0.19169457,0.04008717,0.52543902,0.10247208,0.02194162,0.34881777,-0.084415,-0.1709248,-0.12191201,-0.18296161,-0.20764171,-0.05397234,-0.09738789,-0.23265418,0.11906251,-0.23994756,-0.35509375,0.25200564,-0.20872116,3943000.07055847,0.10991258,0.13664408,0.08381752,-0.21429788,0.18933952,0.03968126,0.52509463,0.09986095,0.01656174,0.34336847,-0.08380902,-0.17064399,-0.12181214,-0.18610945,-0.20922333,-0.05826049,-0.08764992,-0.22916792,0.11823378,-0.24603657,-0.35606176,0.26192307,-0.204191,3944000.06845719,0.10631534,0.13922691,0.0846885,-0.21771437,0.18997572,0.03858359,0.5233621,0.09760812,0.01619752,0.34386891,-0.08870105,-0.17790951,-0.12683612,-0.18245339,-0.21007623,-0.0592598,-0.09122068,-0.22988534,0.11077736,-0.24260645,-0.35835087,0.2565268,-0.202456,3945000.07004357,0.11278231,0.14090383,0.08808724,-0.21621035,0.19479574,0.03995105,0.52401531,0.10165322,0.01420311,0.34323347,-0.09257191,-0.18636522,-0.12807952,-0.18551557,-0.20929138,-0.06151195,-0.09489839,-0.23016931,0.11150085,-0.24069716,-0.35806262,0.2527746,-0.20636262,3946000.07136574,0.11055394,0.13851734,0.08807387,-0.21876976,0.19166183,0.03671162,0.52447158,0.10181814,0.01019438,0.34153238,-0.09468346,-0.18779746,-0.13167664,-0.18357638,-0.20883372,-0.06165916,-0.10073438,-0.23470752,0.11682355,-0.23843904,-0.35814789,0.26139274,-0.20502287,3947000.07432599,0.11595954,0.14294983,0.09126502,-0.21947159,0.19286086,0.03349295,0.52149123,0.10049284,0.0082846,0.34904709,-0.09912442,-0.19923775,-0.13092805,-0.18859528,-0.21076861,-0.06066931,-0.1168505,-0.23388521,0.11457978,-0.233034,-0.35823256,0.26072702,-0.21043809,3948000.07175332,0.11466949,0.14209765,0.09290374,-0.2212157,0.19785234,0.03651092,0.51935202,0.10060108,0.0060225,0.33995965,-0.09834234,-0.18777607,-0.12898418,-0.18638006,-0.20991141,-0.06058588,-0.1132453,-0.23139951,0.11229545,-0.23979659,-0.35733911,0.26723295,-0.20254053,3949000.07350247,0.11167476,0.14136021,0.08871989,-0.21421674,0.19801085,0.03809489,0.52001679,0.10246743,0.01008875,0.3437598,-0.09347233,-0.19875602,-0.12858774,-0.18716909,-0.20973819,-0.06254571,-0.10235401,-0.23426498,0.1186637,-0.23607647,-0.35637048,0.26395306,-0.20511097,3950000.07371538,0.10804563,0.13716185,0.08345917,-0.20443843,0.19224066,0.03694009,0.52210993,0.10229287,0.02181445,0.34534243,-0.08398765,-0.18511121,-0.12416556,-0.18574476,-0.20913932,-0.06480639,-0.09938651,-0.23311359,0.11398479,-0.23690996,-0.35339972,0.25948972,-0.19778466,3951000.07131087,0.11341659,0.14405857,0.08685712,-0.21018644,0.19582325,0.03681313,0.52419788,0.10206252,0.01955421,0.35228676,-0.08904388,-0.19166303,-0.12825476,-0.18235987,-0.2106906,-0.05928982,-0.09432638,-0.23413102,0.10852094,-0.2465478,-0.3562696,0.24853198,-0.20758046,3952000.07123344,0.11231985,0.14178522,0.08630432,-0.2116936,0.19594255,0.04185914,0.52436382,0.10213163,0.01407732,0.34779021,-0.08928612,-0.18397634,-0.13128035,-0.18193725,-0.21164753,-0.06053129,-0.09526343,-0.23160163,0.11347575,-0.24681872,-0.35744756,0.25581098,-0.19989954,3953000.07035853,0.10974953,0.14158639,0.08716175,-0.21578094,0.19441777,0.03873777,0.5207749,0.1037614,0.01446755,0.34955838,-0.08726121,-0.18514562,-0.13289522,-0.18747097,-0.20956549,-0.06024993,-0.09865862,-0.23537834,0.11846489,-0.24140979,-0.35697955,0.25465295,-0.20779279,3954000.07245857,0.11091647,0.14155817,0.08793954,-0.21144764,0.19539931,0.03919171,0.52197385,0.10227749,0.0122806,0.34583023,-0.09241198,-0.18279198,-0.1304336,-0.18536942,-0.21158081,-0.06049129,-0.10818522,-0.23373793,0.11310304,-0.24299981,-0.35728163,0.2527782,-0.21325371,3955000.07210364,0.11568497,0.14209808,0.09049185,-0.21569599,0.19495536,0.03791657,0.52217633,0.10314862,0.00968235,0.34021771,-0.08964794,-0.19321574,-0.13728294,-0.18351902,-0.21198353,-0.06064181,-0.10234544,-0.23373376,0.1150115,-0.23640063,-0.35831502,0.25947806,-0.20593691,3956000.07296066,0.11624733,0.14136021,0.09271469,-0.2140798,0.19506158,0.03740487,0.52099985,0.10346139,0.00858141,0.34619197,-0.09010187,-0.19086504,-0.13397072,-0.18896998,-0.21234636,-0.06055894,-0.10084395,-0.23142803,0.11262146,-0.22758475,-0.3569786,0.26182729,-0.19918436,3957000.07203957,0.11693498,0.14138876,0.09037007,-0.20857263,0.19806361,0.04208776,0.51820278,0.10380714,0.010865,0.34835398,-0.08978169,-0.19399111,-0.12889326,-0.18978079,-0.21324714,-0.05374399,-0.10942046,-0.23227273,0.12007216,-0.22971894,-0.35586032,0.25754178,-0.20767149,3958000.06871928,0.11373174,0.13815606,0.0843991,-0.19820994,0.19482976,0.04615935,0.52158082,0.10641292,0.02242452,0.35128072,-0.08229214,-0.18979178,-0.13525862,-0.18730143,-0.20895167,-0.06016167,-0.09610433,-0.23126017,0.11596953,-0.24230471,-0.35481447,0.25622806,-0.21250719,3959000.06911542,0.11788332,0.14065063,0.08599027,-0.19863795,0.19785808,0.04345027,0.52230316,0.1072063,0.02218663,0.35857812,-0.08171431,-0.17932031,-0.12609653,-0.18418375,-0.20930836,-0.05748769,-0.09126555,-0.22955687,0.11873062,-0.23998387,-0.35433814,0.25455257,-0.2099372,3960000.06952065,0.11480682,0.13696089,0.08819199,-0.2037452,0.19610855,0.04288958,0.52253222,0.10729979,0.01793131,0.34721717,-0.08456978,-0.18821855,-0.12726052,-0.18850154,-0.2114061,-0.05797659,-0.09934017,-0.22736511,0.11858337,-0.24135502,-0.35597265,0.26274231,-0.20274641,3961000.0680171,0.11310735,0.13857935,0.08982715,-0.20123635,0.19451152,0.04187226,0.51846373,0.10690203,0.0178163,0.34319571,-0.08513119,-0.17760324,-0.1364207,-0.18892132,-0.21056013,-0.0563106,-0.09190403,-0.22866139,0.12089805,-0.24465787,-0.3551712,0.26201048,-0.20040907,3962000.06843629,0.11629517,0.13818312,0.09244491,-0.20676731,0.19613507,0.04340627,0.51925802,0.10624778,0.01531961,0.35117626,-0.0841435,-0.18629287,-0.13061787,-0.18453042,-0.20899823,-0.05751397,-0.10473843,-0.22933809,0.1156822,-0.24662791,-0.35671794,0.26400501,-0.20741302,3963000.07176694,0.11940461,0.14207,0.09409525,-0.20599066,0.19774647,0.04735553,0.52362835,0.1060866,0.01489639,0.35227856,-0.08783463,-0.1865865,-0.13272418,-0.18839557,-0.21066767,-0.05652626,-0.11161061,-0.23077536,0.12594585,-0.24563892,-0.35479355,0.2624132,-0.20773832,3964000.07397852,0.11851155,0.13818379,0.09634908,-0.20720389,0.19571745,0.04341538,0.51964813,0.10727581,0.01114026,0.3484529,-0.08892269,-0.18985389,-0.12224897,-0.19445124,-0.2119091,-0.05632637,-0.10209887,-0.227957,0.11416065,-0.24029514,-0.35474411,0.26640359,-0.20488147,3965000.06970736,0.11930992,0.13928996,0.09466607,-0.20110677,0.1898942,0.04316714,0.52099806,0.1055227,0.01104595,0.34978262,-0.08746836,-0.1863689,-0.12738146,-0.19528578,-0.21060295,-0.0588223,-0.1006164,-0.23099756,0.11170763,-0.2390143,-0.35303354,0.26744479,-0.2015139,3966000.06896966,0.11450759,0.13580528,0.08731505,-0.19338188,0.19444507,0.05042994,0.52184314,0.10663481,0.0247518,0.34519556,-0.07943691,-0.18691166,-0.12561044,-0.18819986,-0.20881657,-0.04884508,-0.10197481,-0.22827949,0.11619523,-0.23434994,-0.35087085,0.26488513,-0.19659117,3967000.0693021,0.11801518,0.13696444,0.08642234,-0.19306907,0.20234932,0.05539533,0.52170777,0.10801503,0.0266981,0.35231403,-0.07496735,-0.18737933,-0.12207924,-0.1915132,-0.20765528,-0.04376208,-0.10009625,-0.22926371,0.12057037,-0.23751628,-0.34930265,0.25499183,-0.1925927,3968000.07109209,0.1194981,0.140395,0.08860657,-0.19233714,0.19589646,0.04823852,0.52634168,0.10763273,0.02243175,0.35017067,-0.07677296,-0.18274528,-0.12272841,-0.18996193,-0.20881657,-0.05207369,-0.10471321,-0.226147,0.11684396,-0.23823236,-0.35149896,0.26031125,-0.19806945,3969000.06689385,0.11922353,0.13622703,0.08981264,-0.19650729,0.19298799,0.04914801,0.52642268,0.10637808,0.02007668,0.35921338,-0.07945164,-0.19007187,-0.13281551,-0.18786812,-0.2100179,-0.05004122,-0.10167792,-0.22299731,0.11416906,-0.24263394,-0.35221526,0.26734281,-0.20396779,3970000.06899241,0.12147111,0.13549209,0.08921083,-0.19772902,0.19504157,0.04771132,0.52662987,0.10857675,0.01978772,0.34802434,-0.08708867,-0.19600314,-0.129721,-0.19235617,-0.20805879,-0.0445967,-0.10028826,-0.22773658,0.11249025,-0.23433757,-0.35327098,0.26149264,-0.19907455,3971000.07045433,0.12214119,0.13523784,0.09433341,-0.19939588,0.19719602,0.05130982,0.52286166,0.11013077,0.01689721,0.34529459,-0.08857492,-0.19908661,-0.12683472,-0.19441147,-0.20990357,-0.04652336,-0.0973575,-0.22996017,0.11453037,-0.23573363,-0.3506327,0.25854141,-0.19933459,3972000.07203957,0.12745219,0.14164402,0.09760354,-0.20009495,0.19689716,0.05415089,0.52126414,0.10526515,0.01348556,0.34866518,-0.0839786,-0.20570603,-0.13075782,-0.19325611,-0.20957975,-0.04778321,-0.10284457,-0.22756077,0.11451363,-0.24722292,-0.35045382,0.26485059,-0.20289128,3973000.07096418,0.12544124,0.14082099,0.09482519,-0.20084333,0.19608137,0.05345686,0.52014452,0.10920025,0.01213719,0.34716716,-0.08472996,-0.18934107,-0.13296306,-0.1971419,-0.2096684,-0.04744512,-0.09206795,-0.22326805,0.1151346,-0.24449089,-0.34974244,0.26912245,-0.20350486,3974000.06826886,0.12202887,0.1382698,0.09113209,-0.1885014,0.200883,0.05356917,0.52252305,0.10858683,0.02019762,0.34520024,-0.08180436,-0.19596,-0.13760047,-0.1943547,-0.20932046,-0.04285521,-0.10020991,-0.22316337,0.12049924,-0.23444657,-0.34849966,0.26493862,-0.19916391,3975000.0691746,0.12146709,0.13506956,0.08797877,-0.18156905,0.20053539,0.05686577,0.52641624,0.11054087,0.0277006,0.35271072,-0.0758279,-0.19134843,-0.12783383,-0.19237763,-0.20765793,-0.04139939,-0.10604613,-0.22442344,0.11138877,-0.24329038,-0.34670693,0.25859711,-0.20021875,3976000.06896058,0.12009874,0.13914788,0.0903999,-0.18144131,0.19557171,0.05684019,0.52372241,0.10987992,0.02281464,0.34679374,-0.07569782,-0.18791366,-0.13421474,-0.18993047,-0.20806913,-0.04020366,-0.10232599,-0.22467756,0.11030225,-0.24234118,-0.34733468,0.26127571,-0.19402997,3977000.06818221,0.12139475,0.13897765,0.09073232,-0.18633348,0.19742754,0.05457382,0.52255982,0.10875315,0.02085125,0.35320944,-0.07958522,-0.19397405,-0.12194617,-0.18998827,-0.20792243,-0.04302821,-0.08833319,-0.22583401,0.11198587,-0.23469207,-0.3479659,0.25716045,-0.1921549,3978000.06852365,0.12160545,0.13877915,0.08965587,-0.18726648,0.19876099,0.05345322,0.52304488,0.1101021,0.02066249,0.35194734,-0.08198006,-0.19648007,-0.13071175,-0.19460616,-0.20878495,-0.04617965,-0.09924807,-0.22595887,0.11714748,-0.23988211,-0.34925976,0.25917256,-0.19553475,3979000.06932934,0.1262763,0.14011197,0.09231883,-0.18867546,0.19812448,0.04302317,0.5214687,0.10630004,0.01805866,0.34167331,-0.08334479,-0.19815943,-0.13530824,-0.19569792,-0.20825148,-0.04919162,-0.10737715,-0.22506702,0.1133863,-0.23889649,-0.34787387,0.26227117,-0.19786909,3980000.07052674,0.12528919,0.14008367,0.094175,-0.19234349,0.2007847,0.04811323,0.52175945,0.10623591,0.0147609,0.34846273,-0.08682741,-0.1939584,-0.1344846,-0.19344263,-0.2067606,-0.04227503,-0.09123291,-0.22642116,0.12289239,-0.23565857,-0.34894496,0.25831169,-0.1990457,3981000.07141508,0.12911451,0.14382963,0.09753844,-0.19387822,0.19931626,0.04677619,0.52143455,0.10763486,0.01248541,0.34755599,-0.08958866,-0.19835392,-0.13311031,-0.19322614,-0.20821454,-0.04798711,-0.1005231,-0.2273898,0.11563429,-0.23184267,-0.34756717,0.26042581,-0.19558074,3982000.07337382,0.12880284,0.14328915,0.09583861,-0.19540191,0.19796351,0.04988112,0.51944619,0.10571915,0.01246113,0.34785426,-0.08508619,-0.20123892,-0.13801466,-0.19322611,-0.20866449,-0.04553192,-0.12211965,-0.22482136,0.11283426,-0.23260966,-0.34639582,0.26762155,-0.19349492,3983000.07169963,0.12488794,0.14130253,0.08870896,-0.17991009,0.20080821,0.05572726,0.52114016,0.10706327,0.02425335,0.35078469,-0.08361258,-0.19648257,-0.13326779,-0.19191176,-0.20415996,-0.04426221,-0.09646054,-0.22337356,0.11168087,-0.22769403,-0.3433193,0.26032948,-0.19375138,3984000.07256217,0.12454984,0.14175776,0.08769269,-0.17835264,0.19500849,0.05582034,0.52138859,0.10854141,0.02555414,0.35531983,-0.08230501,-0.18974262,-0.12712665,-0.19152702,-0.2054662,-0.04491675,-0.09322595,-0.22536393,0.12003259,-0.23591658,-0.34418198,0.25426066,-0.19255707,3985000.07005743,0.12627846,0.14150237,0.08913358,-0.1828419,0.20114362,0.05380291,0.52201974,0.10835239,0.02041988,0.34638855,-0.08599395,-0.20500198,-0.13202815,-0.19345467,-0.20746458,-0.04752118,-0.10434965,-0.22579931,0.1133863,-0.23225652,-0.34541276,0.261796,-0.19576776,3986000.06817319,0.12625779,0.14241049,0.09100348,-0.18386449,0.19934461,0.05192292,0.52261406,0.10805435,0.01957669,0.34580147,-0.07984746,-0.19297011,-0.12965651,-0.19156456,-0.20903493,-0.04327266,-0.09556255,-0.22679587,0.11414374,-0.23994467,-0.34548774,0.26109993,-0.19361149,3987000.07064388,0.1209918,0.14346123,0.09078182,-0.18902591,0.1962412,0.04759659,0.5243848,0.10656445,0.0176374,0.34338379,-0.08790931,-0.18715391,-0.12812074,-0.19208741,-0.20695493,-0.04098101,-0.09701826,-0.22657768,0.11337836,-0.23242092,-0.34617013,0.25714278,-0.19433801,3988000.07079844,0.12241693,0.14241049,0.09320765,-0.1918595,0.19680475,0.04783317,0.52608991,0.10607889,0.01524926,0.34358591,-0.09530774,-0.19808941,-0.1300585,-0.19267841,-0.20844971,-0.04311298,-0.10552182,-0.22459836,0.10880048,-0.23487109,-0.34706414,0.26383546,-0.19326617,3989000.07347698,0.127838,0.14031069,0.09609409,-0.19239603,0.19816363,0.0476166,0.52177703,0.10609151,0.01330016,0.35473254,-0.09191538,-0.20009063,-0.13394628,-0.19479688,-0.20741895,-0.04266761,-0.10900515,-0.22468176,0.11033563,-0.23617746,-0.34657893,0.26223665,-0.19225267,3990000.07502944,0.1266253,0.14056557,0.094079,-0.18817843,0.20265612,0.04987726,0.52249128,0.10478839,0.01381296,0.35263592,-0.08877108,-0.19844238,-0.12907434,-0.1971572,-0.207902,-0.03889399,-0.11044402,-0.22142464,0.10988697,-0.23313759,-0.34640425,0.26482454,-0.19371203,3991000.07049647,0.12513933,0.13492906,0.0853399,-0.18333805,0.19636691,0.05166169,0.52107656,0.10772592,0.02388482,0.33662266,-0.086862,-0.19092795,-0.13108791,-0.19349307,-0.20719387,-0.03937513,-0.10496078,-0.21833885,0.11905061,-0.22566548,-0.34296292,0.25336269,-0.19245994,3992000.07093989,0.12388615,0.13943148,0.08669476,-0.185425,0.19750765,0.05422932,0.52326453,0.10715614,0.02519909,0.33973688,-0.08805776,-0.19409297,-0.12990153,-0.19100609,-0.2050273,-0.04032051,-0.09850259,-0.22374806,0.10964539,-0.22850849,-0.34384984,0.25630519,-0.19639236,3993000.07030267,0.12040284,0.1380423,0.09111431,-0.1879662,0.19921342,0.04734518,0.52399296,0.10749486,0.02058909,0.35202673,-0.08925462,-0.20670927,-0.1320885,-0.19369885,-0.20698884,-0.04189648,-0.10810732,-0.22526605,0.11138822,-0.23872054,-0.3473604,0.25813606,-0.197666,3994000.07179604,0.12444211,0.13750343,0.09008411,-0.18557246,0.19515343,0.04515754,0.52350861,0.10420159,0.01943753,0.35148251,-0.09175158,-0.2012413,-0.13730237,-0.1919332,-0.20796935,-0.03975656,-0.11018804,-0.22555456,0.11558806,-0.23737846,-0.34656832,0.26083097,-0.19499286,3995000.07101718,0.12538777,0.14380102,0.09382597,-0.18968527,0.19415899,0.05274948,0.52214253,0.10368392,0.01798181,0.34656385,-0.09124421,-0.1979399,-0.13042349,-0.19549766,-0.20815118,-0.04205361,-0.10686732,-0.2289806,0.11445209,-0.23805276,-0.34655288,0.25951549,-0.19842301,3996000.0729358,0.12700988,0.14005549,0.09471441,-0.19125991,0.20123874,0.05414937,0.52126288,0.10443004,0.01552967,0.33786866,-0.09086863,-0.20081289,-0.13816272,-0.1961129,-0.20698711,-0.04562097,-0.11545545,-0.22551183,0.11803355,-0.23758946,-0.34784222,0.26431182,-0.19746542,3997000.07278699,0.12740453,0.13826939,0.09842698,-0.19429834,0.1981048,0.04387785,0.52155823,0.10350729,0.01258969,0.34081098,-0.09141628,-0.20061994,-0.12482564,-0.19403498,-0.20787138,-0.04472476,-0.10647655,-0.22303921,0.11665271,-0.24116874,-0.34766954,0.26139671,-0.20087402,3998000.07182816,0.12798125,0.1392048,0.09445945,-0.18948017,0.19868028,0.0456643,0.52288109,0.10586859,0.01583668,0.34711999,-0.09598643,-0.19814306,-0.12723038,-0.19538675,-0.20606533,-0.04171737,-0.10563016,-0.22241899,0.10999312,-0.23198983,-0.34669468,0.26601243,-0.19744822,3999000.07062491,0.12317612,0.13173097,0.08823331,-0.17742604,0.20058779,0.05030262,0.52038288,0.10751869,0.02753581,0.34694967,-0.08639671,-0.19783194,-0.13859303,-0.19316751,-0.20533001,-0.04376716,-0.10130168,-0.2230701,0.11179297,-0.23939596,-0.34457913,0.26494694,-0.19543944,4000000.0707588,0.12534845,0.13517953,0.08944906,-0.18414153,0.19882762,0.05142496,0.52524322,0.10531028,0.02440283,0.35255373,-0.09181289,-0.19212338,-0.13636597,-0.19488637,-0.20610321,-0.04184239,-0.10563218,-0.22504435,0.11712111,-0.23750921,-0.34741375,0.25982285,-0.19434091,4001000.06819601,0.12684113,0.13894895,0.09266679,-0.18925908,0.19608735,0.04782766,0.52182782,0.10521074,0.02149606,0.34653494,-0.09437284,-0.19371733,-0.13355933,-0.19436352,-0.2069409,-0.04055592,-0.11117573,-0.22534472,0.11338355,-0.24229927,-0.34896889,0.26008308,-0.20056574,4002000.07136972,0.1240355,0.13568921,0.09079511,-0.18740511,0.19602136,0.04678159,0.52255023,0.10331657,0.02036802,0.34381497,-0.09594329,-0.19430259,-0.13628405,-0.19262889,-0.20553131,-0.04280163,-0.09969208,-0.22347753,0.11195523,-0.23720609,-0.35073149,0.25947604,-0.19933066,4003000.07362506,0.1216813,0.1401688,0.08982936,-0.18662684,0.19552386,0.05247287,0.5242753,0.10094622,0.01798546,0.35089949,-0.09673315,-0.19015515,-0.13238169,-0.19161354,-0.20689487,-0.04367711,-0.10737664,-0.23039578,0.11594903,-0.24224791,-0.3513335,0.26001489,-0.19753298,4004000.07193013,0.12206594,0.13886379,0.09398464,-0.19494198,0.19894113,0.04899387,0.51876998,0.10257258,0.01479369,0.34722587,-0.10312049,-0.19332202,-0.13857165,-0.19113682,-0.20837261,-0.04388794,-0.10381081,-0.22841775,0.11660805,-0.24708937,-0.35177988,0.26720476,-0.19420759,4005000.07793418,0.12290975,0.13755967,0.09717406,-0.1930981,0.19622128,0.04330496,0.52246112,0.10216696,0.01305816,0.33146158,-0.10376904,-0.19569457,-0.13431662,-0.19492659,-0.20877148,-0.04781359,-0.09696529,-0.22475077,0.11421122,-0.24457526,-0.35124359,0.2662304,-0.2019953,4006000.07460484,0.12050202,0.14033896,0.09501479,-0.18826874,0.19595604,0.04780786,0.52047127,0.102749,0.01478869,0.33250606,-0.09885655,-0.20024316,-0.13919076,-0.19668406,-0.20628195,-0.04397438,-0.10597606,-0.22420798,0.1142456,-0.23939383,-0.35071576,0.26584303,-0.19794431,4007000.07253002,0.11734544,0.13634364,0.08763015,-0.17819662,0.19938788,0.04936048,0.52129722,0.10272362,0.02601589,0.34156284,-0.09098828,-0.1987602,-0.13104983,-0.18932767,-0.20577106,-0.04624612,-0.11749049,-0.22214583,0.11869148,-0.23606737,-0.35019419,0.26290476,-0.19489712,4008000.07026757,0.1209915,0.13477996,0.08755929,-0.18475562,0.19426565,0.05095755,0.52399659,0.10433474,0.02322338,0.34781384,-0.09380448,-0.19459192,-0.12901537,-0.18561977,-0.20618406,-0.04618403,-0.10806429,-0.22291842,0.11514714,-0.24296175,-0.35178116,0.25532889,-0.20431288,4009000.07332128,0.12206994,0.13528804,0.09204599,-0.19142278,0.19472601,0.05249166,0.52381384,0.10502999,0.01913932,0.34042829,-0.09486271,-0.19199429,-0.1302729,-0.18587431,-0.20696652,-0.04668854,-0.11015198,-0.22431067,0.11599561,-0.24453211,-0.35561725,0.26326331,-0.20672873,4010000.06955251,0.12408546,0.1353437,0.09274293,-0.1931199,0.19304879,0.04283888,0.5247395,0.10023795,0.01792522,0.33438775,-0.10005776,-0.19730793,-0.13802631,-0.188095,-0.20912756,-0.04720464,-0.09539831,-0.22741503,0.11634947,-0.24704565,-0.35618198,0.26014149,-0.20319824,4011000.06777723,0.11990409,0.14036548,0.09180747,-0.19496085,0.19232249,0.04591505,0.52640527,0.10107938,0.0157901,0.34396541,-0.10253988,-0.20238951,-0.13895644,-0.19310866,-0.2089256,-0.04815743,-0.09457263,-0.23132689,0.12247181,-0.2437574,-0.35637423,0.26632681,-0.20731932,4012000.07303808,0.12076203,0.13934386,0.09415754,-0.20134474,0.19568378,0.04439402,0.52175105,0.10015307,0.0133499,0.34286013,-0.10411474,-0.20034605,-0.14132687,-0.19042306,-0.21000214,-0.04512617,-0.11816406,-0.22997238,0.11288366,-0.24908032,-0.35632592,0.26421463,-0.20012085,4013000.07318505,0.12374859,0.14153035,0.0968736,-0.20529087,0.19459027,0.04120291,0.52250701,0.09957592,0.01090368,0.33220026,-0.103751,-0.20549016,-0.14322113,-0.19068719,-0.21225506,-0.04700994,-0.10322945,-0.23031509,0.10827066,-0.24376944,-0.35634169,0.26586527,-0.19971661,4014000.07352146,0.12443819,0.14113338,0.09398464,-0.19999655,0.19736846,0.03950208,0.51935202,0.09756967,0.01100856,0.34276286,-0.10593481,-0.20315149,-0.1412655,-0.19210275,-0.2102011,-0.04848955,-0.10965833,-0.22842374,0.11669213,-0.24088965,-0.35791886,0.26719603,-0.20501767,4015000.07095075,0.1223833,0.13886379,0.08688471,-0.18682049,0.19794416,0.03989558,0.52000815,0.10122737,0.02048605,0.33779925,-0.09861233,-0.19282068,-0.13577355,-0.19120881,-0.20965225,-0.05025094,-0.11422569,-0.22780995,0.11255708,-0.24735628,-0.35573441,0.25745201,-0.19292431,4016000.0677811,0.11711164,0.13920023,0.08600373,-0.18974388,0.2003818,0.04467094,0.5224998,0.10083558,0.02201282,0.3469103,-0.09571552,-0.19217421,-0.14732346,-0.18947563,-0.20735998,-0.05181645,-0.10754173,-0.22413211,0.11485566,-0.23965536,-0.35631329,0.25578955,-0.19791313,4017000.06797127,0.11808465,0.13709697,0.08820583,-0.19677359,0.19946586,0.04675268,0.52583921,0.10155202,0.01770168,0.35127181,-0.1029108,-0.20634249,-0.14080141,-0.18796995,-0.21082565,-0.05024382,-0.10795228,-0.22524227,0.1152876,-0.24795604,-0.36088371,0.26048076,-0.21549517,4018000.07123818,0.11905692,0.14252312,0.08994942,-0.19821684,0.19759336,0.04509997,0.52187079,0.10073085,0.01512931,0.33961487,-0.10005134,-0.20048736,-0.1457023,-0.19031388,-0.21154575,-0.05397058,-0.10071064,-0.22759403,0.1172559,-0.24558778,-0.3616904,0.25514707,-0.20671713,4019000.07056824,0.11650769,0.14175563,0.08955156,-0.19819033,0.19588576,0.0397329,0.52589446,0.100289,0.01352293,0.34481269,-0.09984277,-0.20264331,-0.14541811,-0.189275,-0.21080838,-0.0544879,-0.10438621,-0.22755407,0.11756776,-0.24183844,-0.36380625,0.25587806,-0.19993693,4020000.069821,0.11803304,0.14050512,0.09310912,-0.20278043,0.19577488,0.03585993,0.52506602,0.09794131,0.01150307,0.34574008,-0.10356142,-0.2026493,-0.13908856,-0.18424712,-0.21215861,-0.0571887,-0.10899804,-0.23050673,0.11404374,-0.24436566,-0.3647604,0.26160437,-0.21437819,4021000.07308893,0.11681917,0.14562248,0.09512645,-0.20854752,0.19543754,0.03573257,0.52202082,0.10048575,0.00818312,0.34314355,-0.10544426,-0.20677255,-0.14044885,-0.18685871,-0.21046157,-0.05618441,-0.1141031,-0.23413052,0.11359804,-0.24849629,-0.36303246,0.27064162,-0.21513312,4022000.07383686,0.11922126,0.14553726,0.09390482,-0.20735724,0.19329597,0.03478549,0.5228194,0.09884255,0.00605827,0.33626994,-0.10296393,-0.20817307,-0.14616041,-0.1884941,-0.21188983,-0.05194774,-0.11382379,-0.22967057,0.12008679,-0.24669066,-0.36383429,0.26407725,-0.21545699,4023000.07058541,0.11367156,0.13863346,0.08932365,-0.19711322,0.19072191,0.03935492,0.51989698,0.10074376,0.01343872,0.33130363,-0.09875555,-0.2043871,-0.14993851,-0.18557443,-0.21255931,-0.05784047,-0.11621681,-0.22780247,0.11321944,-0.2407327,-0.36212251,0.26105767,-0.20715578,4024000.07001207,0.11416548,0.13951106,0.08521262,-0.19138667,0.19525236,0.04848499,0.52165699,0.101715,0.02182784,0.33982572,-0.08937444,-0.1934389,-0.15106244,-0.18215817,-0.21114497,-0.05670611,-0.10541292,-0.23339556,0.11680775,-0.24318151,-0.36106405,0.26088497,-0.20647253,4025000.07131087,0.11669919,0.13848414,0.0883787,-0.19952726,0.19445479,0.04053495,0.52351058,0.10068264,0.01866302,0.34914577,-0.09214634,-0.20283192,-0.15130003,-0.18521285,-0.21211463,-0.05362649,-0.1040448,-0.23248354,0.1183442,-0.24784559,-0.36632055,0.25693581,-0.2111785,4026000.07029948,0.11475208,0.13641568,0.08886991,-0.20383099,0.192876,0.03673392,0.5245654,0.10198396,0.01541405,0.34251064,-0.09070241,-0.21502805,-0.14880021,-0.18663596,-0.21256217,-0.0613273,-0.11037816,-0.23057048,0.11063343,-0.24988356,-0.36658168,0.25800446,-0.20775788,4027000.06959807,0.11360767,0.1397672,0.0899182,-0.20381634,0.19351344,0.03916798,0.52396077,0.10107938,0.01442623,0.34197211,-0.09180887,-0.21510924,-0.14838353,-0.18412526,-0.21380609,-0.05678679,-0.09357512,-0.23421501,0.11267161,-0.25275201,-0.36779559,0.26067242,-0.21203619,4028000.06902423,0.11645459,0.1400501,0.09047493,-0.20242128,0.19426118,0.03888322,0.52397567,0.10130378,0.012772,0.34643313,-0.09444273,-0.20428203,-0.15230629,-0.18277881,-0.21315743,-0.05737244,-0.10307709,-0.2321524,0.11506372,-0.25110674,-0.36752811,0.27002671,-0.21642832,4029000.07143869,0.12043804,0.13936828,0.09303115,-0.20904775,0.19471389,0.03856787,0.52108794,0.09910571,0.00986409,0.33852363,-0.09549125,-0.19992182,-0.15422526,-0.1901689,-0.21468964,-0.05739778,-0.10476027,-0.22936492,0.10742104,-0.25034937,-0.36800146,0.25836381,-0.21481624,4030000.07178048,0.11997654,0.14195582,0.0923982,-0.20796943,0.19378099,0.03761705,0.52003574,0.10024423,0.00879533,0.34286004,-0.09510534,-0.21243173,-0.15858273,-0.18383051,-0.21281737,-0.06064096,-0.10328679,-0.2330851,0.11488345,-0.24617928,-0.36728311,0.25949779,-0.20702307,4031000.07072679,0.11191157,0.1373859,0.08756521,-0.19595516,0.19526698,0.03528155,0.51968813,0.10086283,0.01832366,0.34460136,-0.08525276,-0.2080438,-0.15165862,-0.18333314,-0.21394429,-0.05959206,-0.10702039,-0.23079352,0.1196712,-0.25360498,-0.3643274,0.26439908,-0.20575657,4032000.067809,0.11336929,0.13522653,0.08663993,-0.19268091,0.19091788,0.03937962,0.52163118,0.1019972,0.02343116,0.34808734,-0.08264878,-0.20256785,-0.14426756,-0.18936376,-0.21421911,-0.05888632,-0.09806253,-0.22793952,0.11488562,-0.25194827,-0.36430126,0.26195663,-0.21865147,4033000.07003529,0.11654861,0.13681081,0.08836491,-0.20210765,0.19256298,0.03780183,0.5252986,0.10405797,0.01905818,0.34864113,-0.08440205,-0.19810364,-0.15004897,-0.18291794,-0.21465732,-0.06224846,-0.1059247,-0.23023048,0.11020481,-0.25749496,-0.36798465,0.2625885,-0.21602033,4034000.07170302,0.11828018,0.13868485,0.08934731,-0.20373632,0.19465156,0.03522584,0.52097589,0.10293784,0.01772147,0.34540352,-0.08765484,-0.19897328,-0.15849292,-0.18130629,-0.21546879,-0.06462948,-0.11527385,-0.22878245,0.11547991,-0.25213543,-0.37098178,0.26105565,-0.21787922,4035000.07067759,0.11849187,0.13894275,0.08912586,-0.20384257,0.19172968,0.03634806,0.52191919,0.10186717,0.01763322,0.34738567,-0.08651416,-0.21266362,-0.15114956,-0.18575741,-0.21552885,-0.06086691,-0.11362041,-0.230212,0.12513602,-0.26138005,-0.3710345,0.26363569,-0.21939853,4036000.0710832,0.11508002,0.13817576,0.09271331,-0.20916378,0.19620667,0.0383311,0.51990724,0.10356136,0.01481767,0.35045701,-0.08540289,-0.21651754,-0.15921666,-0.18499328,-0.21529168,-0.06722035,-0.10714018,-0.23322774,0.1183636,-0.25304851,-0.37017006,0.26383758,-0.215168,4037000.07234117,0.11795328,0.14252312,0.09384079,-0.20785668,0.19815776,0.03271231,0.51880389,0.10352916,0.01195074,0.34047234,-0.08316711,-0.21634689,-0.15729743,-0.18292567,-0.21443771,-0.06325246,-0.10336693,-0.23006524,0.11957344,-0.25489682,-0.3693206,0.26491725,-0.21806198,4038000.07073686,0.11972542,0.1453948,0.09611108,-0.20851177,0.19584334,0.0399554,0.52034736,0.10307238,0.01012754,0.3466773,-0.08331624,-0.21613286,-0.15941717,-0.18531498,-0.21495683,-0.05869332,-0.10795133,-0.23451802,0.11677592,-0.24416453,-0.36835724,0.26337999,-0.21479279,4039000.06969754,0.11207058,0.13744321,0.0884214,-0.19609214,0.19457151,0.04200622,0.51967812,0.10302249,0.01993476,0.34681213,-0.07469888,-0.21389158,-0.15550023,-0.18563291,-0.21455441,-0.05890319,-0.10839824,-0.23276415,0.12505043,-0.23870149,-0.36655897,0.26105267,-0.21356609,4040000.06881951,0.10971975,0.13902815,0.08633932,-0.1949589,0.19400176,0.04339802,0.52172196,0.10583773,0.02632593,0.34735575,-0.06943851,-0.2029084,-0.15858287,-0.18285379,-0.21528566,-0.06033406,-0.1050411,-0.22801176,0.11929404,-0.24604441,-0.36619422,0.25781247,-0.22306921,4041000.06807694,0.11380095,0.14041844,0.08734804,-0.19688752,0.19322155,0.04189236,0.52391309,0.1053267,0.02290487,0.35092527,-0.06849021,-0.20517768,-0.15704869,-0.18204558,-0.21449527,-0.06515946,-0.09631132,-0.22988075,0.1160079,-0.2516166,-0.36857864,0.25855497,-0.21124195,4042000.06857342,0.11355693,0.1337743,0.08891835,-0.20115967,0.19163179,0.04368638,0.52332813,0.10664383,0.02018694,0.34894574,-0.06701169,-0.21995252,-0.15850732,-0.18349659,-0.21475348,-0.06464463,-0.1021774,-0.23212329,0.12274381,-0.25301322,-0.37238607,0.26238579,-0.21397108,4043000.06935202,0.11578264,0.13746452,0.08926776,-0.2031129,0.19214985,0.04113871,0.52356678,0.10543901,0.02013202,0.35258257,-0.066484,-0.2180337,-0.15837166,-0.18469691,-0.21644329,-0.06278273,-0.10613069,-0.23242182,0.11742739,-0.2479365,-0.37161708,0.26486745,-0.22586641,4044000.06767192,0.11921531,0.1365865,0.09185559,-0.2037441,0.19232249,0.0451435,0.52469093,0.10511256,0.01714779,0.34897679,-0.06979239,-0.21249308,-0.1621729,-0.18643779,-0.21747664,-0.06598125,-0.10685471,-0.23697841,0.12264021,-0.25529066,-0.3718428,0.25677699,-0.216896,4045000.06890113,0.11824123,0.13885735,0.0936982,-0.20675144,0.19424525,0.0377418,0.52348423,0.10720044,0.01511508,0.35450521,-0.07119745,-0.21054544,-0.16094127,-0.18697359,-0.21774724,-0.06502204,-0.10538166,-0.23611157,0.11922985,-0.24989866,-0.37260419,0.25845456,-0.21968693,4046000.07199935,0.11843242,0.13511342,0.0950635,-0.20859714,0.19457754,0.03823485,0.52367538,0.10489536,0.01247684,0.35100293,-0.07013837,-0.2148293,-0.16194716,-0.19110671,-0.21824349,-0.07522808,-0.10808905,-0.23449165,0.11852235,-0.25562495,-0.37148139,0.26107439,-0.21991748,4047000.07219435,0.11610478,0.14008147,0.0935248,-0.20051867,0.19030841,0.03758815,0.52232099,0.10480943,0.01583232,0.3450889,-0.06520123,-0.20941357,-0.16782811,-0.18801554,-0.21714349,-0.06538536,-0.11065127,-0.2357993,0.11799389,-0.2568751,-0.37006405,0.25971144,-0.21215346,4048000.06634463,0.11175352,0.13639171,0.08572809,-0.1877149,0.19024286,0.04177402,0.52148783,0.10992511,0.02646254,0.35585666,-0.05572435,-0.196924,-0.16222301,-0.18413189,-0.21432026,-0.0678333,-0.10306681,-0.23339859,0.11249831,-0.25136396,-0.3681426,0.25695851,-0.20760834,4049000.06551071,0.1138676,0.13746244,0.08684362,-0.19288988,0.1905494,0.0435257,0.52312219,0.11034391,0.02683542,0.36565468,-0.05883143,-0.20263402,-0.16176188,-0.18321586,-0.21757148,-0.06257824,-0.09343899,-0.23077483,0.11138664,-0.26130161,-0.37076113,0.26469719,-0.21588361,4050000.067517,0.11484165,0.13882607,0.09040967,-0.20078745,0.18896319,0.04075626,0.52444488,0.10832755,0.02326489,0.35439482,-0.06255845,-0.21222597,-0.16196018,-0.18011166,-0.21967013,-0.07166119,-0.09417416,-0.23568816,0.111044,-0.26076344,-0.3742252,0.25720191,-0.22169475,4051000.06644328,0.11448753,0.13777228,0.08860005,-0.20512764,0.19206353,0.04228875,0.52460068,0.10781475,0.02152576,0.35574728,-0.06377853,-0.2152504,-0.16484345,-0.18288815,-0.22099306,-0.07180516,-0.11159146,-0.23541711,0.11425687,-0.25787419,-0.37601328,0.25850898,-0.21773511,4052000.0680909,0.1183762,0.13856964,0.09088417,-0.2025478,0.19069147,0.04301951,0.52339244,0.10831894,0.01971701,0.35427293,-0.06484249,-0.21804252,-0.16239947,-0.18184642,-0.22127181,-0.07161587,-0.11689851,-0.23677385,0.11368166,-0.26300311,-0.37586525,0.2658715,-0.21870993,4053000.07078239,0.11627853,0.14214912,0.0915689,-0.20463002,0.19332877,0.04045903,0.52148926,0.11048417,0.0157855,0.35955453,-0.06716179,-0.21742909,-0.16743031,-0.18901806,-0.22025812,-0.07538977,-0.10557897,-0.23402621,0.10916591,-0.26545858,-0.37530649,0.26510394,-0.2248053,4054000.07349495,0.1178894,0.14223464,0.09466592,-0.20700938,0.19325101,0.0374873,0.52328223,0.10978849,0.0139314,0.36231121,-0.06482586,-0.21875733,-0.16619308,-0.18575771,-0.221086,-0.07252574,-0.11129175,-0.23586608,0.11188234,-0.26239648,-0.37487826,0.26494277,-0.21937992,4055000.06939764,0.11856076,0.14002073,0.09458718,-0.20817,0.19091518,0.03908625,0.52295917,0.10861845,0.01332461,0.35255367,-0.07101239,-0.2182236,-0.17105398,-0.18505543,-0.22153971,-0.06624063,-0.11683796,-0.23758776,0.11771138,-0.25782144,-0.37307081,0.25437433,-0.22116178,4056000.07004403,0.11152353,0.14166929,0.08884739,-0.19693343,0.19312742,0.04820566,0.5252099,0.10847615,0.02078882,0.34818742,-0.06231073,-0.21637259,-0.16999018,-0.1871908,-0.22053728,-0.07065386,-0.11749176,-0.23392378,0.10968007,-0.26083633,-0.37134057,0.254722,-0.2194096,4057000.06880573,0.11197832,0.14104185,0.08665352,-0.19062787,0.19433151,0.05244579,0.52640641,0.11128595,0.02949222,0.35596842,-0.05880655,-0.21618049,-0.16864398,-0.18282102,-0.21987258,-0.07069499,-0.10084207,-0.23433137,0.1138493,-0.25927645,-0.37244055,0.25727165,-0.21875571,4058000.06824577,0.11537746,0.14388411,0.08742762,-0.19805574,0.19957203,0.04349424,0.5186947,0.11115124,0.02419657,0.35262045,-0.0618165,-0.21951367,-0.17230329,-0.18325558,-0.22029321,-0.06765261,-0.10714057,-0.23903219,0.11170389,-0.25859582,-0.37693605,0.25725871,-0.22433272,4059000.06931576,0.11463868,0.14183648,0.08883879,-0.20065069,0.19137031,0.04068916,0.52677488,0.11180785,0.02215691,0.36104837,-0.0631789,-0.22287236,-0.17690992,-0.1843511,-0.22124963,-0.07366262,-0.11074856,-0.23534206,0.11125983,-0.25940076,-0.37752074,0.26196855,-0.22685727,4060000.07244533,0.11598168,0.14106657,0.08902907,-0.20424838,0.19325101,0.04839973,0.52829856,0.11276162,0.0217086,0.35561877,-0.06746574,-0.21774314,-0.17362742,-0.1887497,-0.22269866,-0.07446768,-0.11197042,-0.23751158,0.11151328,-0.26459312,-0.3783927,0.26601982,-0.22692646,4061000.07289649,0.11669209,0.1414088,0.09109163,-0.20324841,0.1954909,0.04326208,0.52599454,0.11000861,0.01939943,0.34329438,-0.06983068,-0.20838737,-0.17222016,-0.18752496,-0.22272983,-0.07122457,-0.11720116,-0.24055776,0.11804795,-0.26373231,-0.37959373,0.25914034,-0.23282547,4062000.07281327,0.11879922,0.14362861,0.09274479,-0.20502768,0.19435628,0.03694195,0.52813041,0.10921925,0.01679904,0.35565367,-0.06997662,-0.21894386,-0.17272462,-0.18541673,-0.22251685,-0.0780147,-0.11886618,-0.23815683,0.11543327,-0.25212112,-0.37894893,0.26374984,-0.22300823,4063000.07449525,0.12231041,0.14331684,0.09422171,-0.20615809,0.19697046,0.0483528,0.5231266,0.10931758,0.01476483,0.35205877,-0.07367476,-0.2221757,-0.17206442,-0.18810403,-0.2231326,-0.07803639,-0.13129337,-0.23828514,0.10963952,-0.25940001,-0.37704101,0.2626524,-0.21774411,4064000.06949227,0.11299985,0.14115793,0.08878242,-0.19753467,0.19225316,0.04754812,0.52276123,0.10931885,0.0233865,0.34679133,-0.07084587,-0.22206476,-0.17228584,-0.19138485,-0.22168382,-0.07914359,-0.12451932,-0.23739776,0.10773545,-0.25809279,-0.37539726,0.2627888,-0.2213964,4065000.06876948,0.11123179,0.13598359,0.08666697,-0.19850741,0.19244154,0.05374574,0.52483523,0.11126987,0.02737149,0.35914668,-0.06435654,-0.21894889,-0.16821416,-0.18715879,-0.22157887,-0.07585413,-0.12209736,-0.23902945,0.11040846,-0.26847887,-0.37779796,0.25346762,-0.22401184,4066000.07080941,0.11667421,0.1394188,0.08869333,-0.19907306,0.19767971,0.04422118,0.52633399,0.11190828,0.02341351,0.36413327,-0.06984808,-0.21431494,-0.1702155,-0.18877418,-0.223565,-0.07972445,-0.1157537,-0.23762999,0.1119706,-0.26399687,-0.37949246,0.25908157,-0.22456712,4067000.06855546,0.11673156,0.13865313,0.08866225,-0.20212789,0.19104834,0.04141391,0.52366626,0.10886875,0.02063855,0.355474,-0.07188664,-0.22399043,-0.17810225,-0.18971817,-0.22409427,-0.07978869,-0.11328278,-0.2375654,0.1086467,-0.26890102,-0.38221586,0.26508299,-0.22987767,4068000.06790427,0.11785527,0.14251788,0.09226561,-0.2057237,0.19050862,0.04041422,0.52325541,0.10874783,0.01945926,0.3527903,-0.07562847,-0.22805068,-0.17679012,-0.1924911,-0.22609682,-0.07951459,-0.1159903,-0.24010709,0.11322632,-0.27047259,-0.38137841,0.25979322,-0.22754881,4069000.07069131,0.11621666,0.14104185,0.09171112,-0.21038906,0.19260514,0.04681783,0.52414244,0.10835149,0.01728599,0.35148978,-0.07816178,-0.22613482,-0.17804459,-0.19078469,-0.22725748,-0.08365105,-0.12155835,-0.2390493,0.11577564,-0.26778853,-0.38023686,0.25516734,-0.22607936,4070000.07225022,0.1204371,0.14081335,0.09433169,-0.20901878,0.18999907,0.04374425,0.52774304,0.10751294,0.01447037,0.3423214,-0.08247218,-0.22698328,-0.17822148,-0.19266164,-0.22574297,-0.07874931,-0.12319569,-0.24373005,0.10907546,-0.27019972,-0.38029027,0.25790256,-0.22045237,4071000.07054527,0.11651606,0.13982029,0.0909687,-0.20289144,0.19421998,0.0473142,0.52452785,0.10732267,0.01599653,0.34853116,-0.07768625,-0.21900722,-0.17563199,-0.19383982,-0.22326124,-0.0788888,-0.12451329,-0.23833935,0.10829095,-0.26737887,-0.3777892,0.26037964,-0.22145435,4072000.06774546,0.110838,0.13448551,0.08472219,-0.19529359,0.19710265,0.04772507,0.52427012,0.11126865,0.02744386,0.34848785,-0.07153554,-0.22093327,-0.17247377,-0.1942858,-0.2231155,-0.07628062,-0.1075713,-0.23527306,0.10907605,-0.25544277,-0.37728292,0.25217101,-0.2224576,4073000.06888317,0.11529566,0.14061075,0.08403172,-0.20079471,0.19809827,0.04433922,0.52680963,0.10953517,0.02513361,0.34670064,-0.075247,-0.22063456,-0.18113351,-0.1913853,-0.22382508,-0.08047345,-0.12482455,-0.23888451,0.10930159,-0.26267564,-0.38134456,0.25315794,-0.22935687,4074000.07107858,0.11588741,0.13722876,0.08680405,-0.20202611,0.19473448,0.04772858,0.5253607,0.11047431,0.02087862,0.34664208,-0.07608768,-0.22740874,-0.1797744,-0.1943614,-0.22594465,-0.08406559,-0.13117366,-0.24225889,0.11308762,-0.26273257,-0.38244659,0.25878713,-0.22758222,4075000.06876397,0.11327313,0.13830867,0.08718452,-0.1991138,0.19018432,0.04467572,0.52602214,0.10817877,0.02112485,0.34937853,-0.08300246,-0.21983376,-0.16995963,-0.19604869,-0.22735415,-0.08505515,-0.13037151,-0.24124716,0.11008914,-0.28098744,-0.38256612,0.26527506,-0.22801125,4076000.06942947,0.11745555,0.13921987,0.08953427,-0.20914444,0.19270319,0.04646528,0.53073055,0.10802382,0.01802658,0.35309988,-0.08874089,-0.21466072,-0.17377199,-0.19722839,-0.22946718,-0.08197965,-0.1274574,-0.24077247,0.11165323,-0.26923797,-0.38208053,0.25895771,-0.22945935,4077000.06787622,0.11697391,0.14030196,0.09386946,-0.21022262,0.1953512,0.04336773,0.52657855,0.10648891,0.01581238,0.3488712,-0.08767936,-0.22154373,-0.18106973,-0.1963018,-0.22829302,-0.08649772,-0.12474368,-0.24412353,0.11090344,-0.26892877,-0.38164499,0.26509371,-0.22474033,4078000.06974351,0.11766242,0.14351495,0.09474438,-0.21140407,0.19400692,0.04312383,0.52644718,0.10452545,0.01289559,0.35726374,-0.09134821,-0.21881019,-0.17692737,-0.20070548,-0.22801474,-0.08097012,-0.13023724,-0.24594879,0.11276004,-0.26618409,-0.38033921,0.25583178,-0.22033578,4079000.06703101,0.11368183,0.14107251,0.08668835,-0.20204459,0.19562478,0.04622241,0.52279758,0.10619123,0.02109572,0.34751162,-0.08913402,-0.2270083,-0.17500873,-0.1954141,-0.22689112,-0.08757627,-0.12252758,-0.24069443,0.11219755,-0.26459771,-0.37892169,0.26095399,-0.22533627,4080000.06757674,0.11001344,0.13899314,0.08480999,-0.20043996,0.19550551,0.05039245,0.52315807,0.1072836,0.02706349,0.34633613,-0.08214603,-0.21879454,-0.17646043,-0.19700934,-0.22582825,-0.08456674,-0.12057266,-0.24047588,0.11022525,-0.2734957,-0.38014215,0.25274771,-0.2313284,4081000.06887322,0.11166406,0.13719843,0.08681711,-0.20368665,0.19409722,0.04708131,0.52446938,0.10474153,0.02260531,0.34870577,-0.08618503,-0.21758981,-0.17553069,-0.19494975,-0.22817086,-0.08289713,-0.12697017,-0.24613889,0.10441799,-0.27873081,-0.38334164,0.24924599,-0.23180318,4082000.06555951,0.11179139,0.13802418,0.08686588,-0.20233622,0.19119993,0.04525008,0.52488655,0.1054556,0.01915849,0.34662828,-0.09650907,-0.22605819,-0.17923294,-0.19940703,-0.22998166,-0.08745868,-0.13396512,-0.24316208,0.11247342,-0.27751336,-0.38531682,0.25259107,-0.22881375,4083000.06845393,0.11238843,0.13776469,0.08573738,-0.20914054,0.19544148,0.03979382,0.52916998,0.10436901,0.01751649,0.35131702,-0.0976414,-0.23022348,-0.1837441,-0.19654872,-0.23099355,-0.08501084,-0.13075027,-0.24570224,0.10668209,-0.28095531,-0.38600579,0.25747338,-0.23222226,4084000.06772124,0.11299551,0.1406665,0.08768886,-0.2123272,0.19337341,0.04370636,0.52746326,0.10334996,0.01454799,0.34490708,-0.10285036,-0.24104965,-0.1771529,-0.19311652,-0.23138109,-0.08869434,-0.1327609,-0.24941967,0.1016569,-0.28221887,-0.38531268,0.25454009,-0.23380286,4085000.06957059,0.11796028,0.13896091,0.09220041,-0.21733783,0.19368616,0.03837393,0.52658987,0.10329254,0.01205938,0.33996451,-0.10627563,-0.23113136,-0.1808567,-0.20040914,-0.23127551,-0.09558757,-0.12958664,-0.24904229,0.11079028,-0.27146661,-0.3840932,0.26537672,-0.23343858,4086000.06863697,0.1113693,0.14083959,0.09099775,-0.21792202,0.20054843,0.03962939,0.52703446,0.10533484,0.00993792,0.33723441,-0.10558745,-0.23459573,-0.18394475,-0.20341437,-0.23225296,-0.09085937,-0.13147885,-0.24860738,0.10885023,-0.27802628,-0.38407162,0.2599507,-0.23030847,4087000.06906984,0.10782086,0.13493232,0.08257897,-0.20562464,0.19844337,0.0394743,0.5243029,0.10610083,0.01998724,0.3427726,-0.09584697,-0.22927509,-0.18306109,-0.19856685,-0.22767885,-0.08751707,-0.12846723,-0.24918726,0.10739523,-0.27675706,-0.38340273,0.25842562,-0.23445439,4088000.06602438,0.10793637,0.14004149,0.08056843,-0.20493612,0.19844969,0.0435225,0.52925992,0.1054192,0.02324187,0.34747055,-0.0983122,-0.227281,-0.18318725,-0.19773479,-0.22987762,-0.09512861,-0.13602033,-0.24611759,0.10282691,-0.28364983,-0.38480875,0.25001758,-0.23876627,4089000.06739374,0.10629148,0.14060651,0.08427749,-0.21411489,0.19598429,0.0403375,0.52870077,0.10551368,0.01661769,0.35336918,-0.10476203,-0.2317363,-0.17715421,-0.20135561,-0.23195294,-0.09380669,-0.13629116,-0.24591869,0.10070123,-0.27862781,-0.3881855,0.25708699,-0.23833105,4090000.0667706,0.1064302,0.13713439,0.08297742,-0.21299787,0.19760609,0.04037007,0.52509671,0.10483918,0.01522312,0.34662837,-0.11135715,-0.23851474,-0.18085049,-0.20279776,-0.23249167,-0.0985349,-0.13197754,-0.25013715,0.1070026,-0.28690895,-0.38910761,0.25565359,-0.23103061,4091000.06943353,0.10937668,0.14097695,0.08484796,-0.21483499,0.19927871,0.03999089,0.52569097,0.10446548,0.01328993,0.34611157,-0.11236688,-0.23245649,-0.18054645,-0.20009491,-0.23233773,-0.09957857,-0.14099996,-0.25089696,0.1080246,-0.28565088,-0.38882133,0.25460765,-0.23237088,4092000.06778458,0.11212149,0.14550324,0.08770193,-0.21991223,0.1957576,0.0367116,0.52960318,0.10127607,0.01051798,0.33495694,-0.1152627,-0.23931696,-0.18531734,-0.20215276,-0.23092787,-0.09613721,-0.14911765,-0.25136548,0.10874523,-0.28403032,-0.38812947,0.26095983,-0.23974556,4093000.06880973,0.11081018,0.14123391,0.08988027,-0.22182472,0.19224979,0.03051996,0.5274902,0.10184829,0.0082177,0.32953823,-0.1161802,-0.24516135,-0.18163337,-0.20599176,-0.23111778,-0.09731261,-0.14667319,-0.25211394,0.10340475,-0.28003106,-0.38597485,0.25636572,-0.23127213,4094000.07033137,0.10941453,0.14200607,0.08742762,-0.21835385,0.19602577,0.0345313,0.52654374,0.10081019,0.00854766,0.3368504,-0.11659683,-0.23439039,-0.18057027,-0.20691325,-0.23352902,-0.09298515,-0.13963199,-0.25089324,0.100611,-0.28050274,-0.38627577,0.25414187,-0.2296447,4095000.06710842,0.10564763,0.13961776,0.07987232,-0.20700194,0.18976268,0.03800118,0.52335882,0.10187172,0.01798581,0.33049759,-0.11333389,-0.22893287,-0.17662863,-0.20165651,-0.2309166,-0.09735809,-0.15309794,-0.24738972,0.10428629,-0.28074136,-0.3840538,0.25219679,-0.23335895,4096000.06593259,0.10602835,0.14103259,0.07741002,-0.21652324,0.19380793,0.03907498,0.52468002,0.10112584,0.02020602,0.33201373,-0.11519032,-0.21671866,-0.17992701,-0.20257594,-0.23200351,-0.097412,-0.14653224,-0.24930908,0.1080246,-0.2885007,-0.38681799,0.25054309,-0.23345831,4097000.06790791,0.10771268,0.14273797,0.08093667,-0.21794286,0.1918713,0.03385688,0.52456355,0.09870202,0.01546316,0.34030044,-0.11974385,-0.23711206,-0.17922463,-0.20480372,-0.23444688,-0.10248458,-0.14787613,-0.24966469,0.09780856,-0.28756046,-0.39011005,0.25286275,-0.23727517,4098000.06880973,0.10543013,0.14311239,0.08128602,-0.22191073,0.19313724,0.03616365,0.52218652,0.09852279,0.01320953,0.32860136,-0.12032771,-0.2382081,-0.17720276,-0.20266752,-0.23454089,-0.09776913,-0.14985228,-0.25383481,0.10386505,-0.28477108,-0.39029992,0.25551295,-0.23308761,4099000.06737615,0.11077554,0.14171787,0.08255464,-0.22428958,0.19317959,0.03677186,0.52619869,0.09787811,0.01319223,0.33662596,-0.12230227,-0.23647819,-0.17657427,-0.20827997,-0.23497921,-0.09906194,-0.14482984,-0.24854948,0.10470722,-0.28176746,-0.3901698,0.25491953,-0.23535635,4100000.06689385,0.11121969,0.14026614,0.08515415,-0.2267424,0.19441313,0.03558889,0.52793139,0.09882667,0.01036604,0.3365835,-0.12330945,-0.23730843,-0.17513452,-0.2098335,-0.23350482,-0.10124547,-0.15292932,-0.25090289,0.10013209,-0.28163472,-0.38854468,0.24937861,-0.23282345,4101000.07002157,0.11092438,0.14268753,0.08807387,-0.22907625,0.19376358,0.0345169,0.52355772,0.09759592,0.00725563,0.33286688,-0.12465078,-0.24341919,-0.18083158,-0.20775509,-0.23552254,-0.09892374,-0.14497314,-0.25066748,0.10586014,-0.28083372,-0.38831785,0.26011878,-0.23080598,4102000.06616181,0.10593539,0.14012909,0.08218668,-0.22258857,0.19767971,0.03849429,0.52247381,0.0989258,0.01176073,0.33201569,-0.11802619,-0.22654513,-0.18007445,-0.21011378,-0.23360893,-0.09599198,-0.15500134,-0.25012693,0.10622434,-0.28084126,-0.38643664,0.2516951,-0.2326763,4103000.06453248,0.10007057,0.13813989,0.07818794,-0.21225883,0.19535504,0.04653359,0.52627808,0.10023127,0.02024236,0.33574215,-0.11739569,-0.23117402,-0.17608304,-0.20921765,-0.23140392,-0.09646671,-0.14471187,-0.24908289,0.10708272,-0.27308899,-0.38555536,0.25560346,-0.2400791,4104000.06767192,0.10735161,0.13861585,0.08330844,-0.22124799,0.19368878,0.03949861,0.52545673,0.09801462,0.01771029,0.33849728,-0.12551895,-0.22515087,-0.16960831,-0.20786709,-0.23333548,-0.0980422,-0.14320748,-0.25233564,0.09751317,-0.29056823,-0.38764933,0.25693893,-0.23811954,4105000.06670728,0.10867462,0.13898866,0.08272617,-0.22138225,0.19479164,0.04024,0.52349752,0.09570497,0.01350891,0.34238258,-0.12457214,-0.2372653,-0.17091878,-0.20733826,-0.23392628,-0.09702138,-0.15565974,-0.25288945,0.10102505,-0.28316107,-0.38811886,0.2525005,-0.23443833,4106000.065637,0.10863911,0.14174765,0.0815862,-0.22093293,0.19183876,0.03471432,0.52600288,0.09589472,0.01404824,0.33570886,-0.12274088,-0.22809534,-0.16438319,-0.20962408,-0.23347513,-0.09105831,-0.14528744,-0.25384143,0.11268785,-0.27591109,-0.38716435,0.25579318,-0.22980963,4107000.0687601,0.10647643,0.14191703,0.0843755,-0.22465999,0.19345191,0.03022059,0.52403677,0.09489337,0.0127073,0.33877981,-0.12616418,-0.23220225,-0.16782829,-0.21303526,-0.23544884,-0.09019151,-0.14491148,-0.25192711,0.10353017,-0.28035632,-0.38646817,0.25260797,-0.23308818,4108000.06818613,0.10887341,0.14109449,0.08772432,-0.22932784,0.19260697,0.02961579,0.52487695,0.09477536,0.00917717,0.33373824,-0.13102144,-0.23358124,-0.17108341,-0.21313618,-0.23274083,-0.09026937,-0.15036708,-0.24968721,0.1045919,-0.2800875,-0.38515344,0.25392434,-0.23015487,4109000.07030393,0.10795958,0.14493677,0.08645918,-0.2255588,0.18876892,0.03346591,0.52498502,0.09531696,0.0087099,0.32395241,-0.12882905,-0.24362336,-0.16589557,-0.21512228,-0.23220555,-0.09030312,-0.14449103,-0.24912645,0.10831825,-0.28523722,-0.38165343,0.25973421,-0.23024574,4110000.06705877,0.10508215,0.13885392,0.07885088,-0.21669726,0.19005275,0.03584511,0.52408212,0.09340368,0.01921321,0.33361077,-0.12218168,-0.2344929,-0.16462617,-0.21210627,-0.23091525,-0.09017625,-0.13544606,-0.24784897,0.10326294,-0.27918217,-0.37957719,0.25282955,-0.2318217,4111000.0640795,0.10423379,0.13736966,0.07575279,-0.21241303,0.18935218,0.03650962,0.52310252,0.09503629,0.02275907,0.33596253,-0.1220521,-0.23483512,-0.16338246,-0.21167751,-0.22928882,-0.08610962,-0.13842849,-0.25129473,0.10107338,-0.27797368,-0.38208601,0.25208029,-0.23643956,4112000.06695718,0.10645926,0.13969667,0.08045827,-0.21743746,0.19306049,0.03638133,0.52543563,0.09345108,0.0181386,0.32946166,-0.12443754,-0.23038374,-0.16001266,-0.21057309,-0.22972037,-0.08760837,-0.12885161,-0.24869268,0.09717959,-0.27462107,-0.38419303,0.2588768,-0.23021223,4113000.06768956,0.10539444,0.13986798,0.08110783,-0.21682803,0.19179492,0.03336586,0.5247674,0.09366479,0.01643486,0.32599223,-0.12675738,-0.23620252,-0.16196208,-0.20889683,-0.23119441,-0.0877859,-0.13658324,-0.2529524,0.09725115,-0.27971792,-0.38557401,0.25083655,-0.23256044,4114000.06996213,0.10937346,0.14177364,0.08288559,-0.21997257,0.19121121,0.03305858,0.52514172,0.0915467,0.01576316,0.33050436,-0.13364583,-0.22419833,-0.16247153,-0.20923094,-0.23247458,-0.08780649,-0.14199741,-0.25214458,0.09858495,-0.2652151,-0.38337308,0.25902489,-0.23746499,4115000.07027207,0.11072499,0.14220361,0.08491512,-0.22511737,0.19140632,0.02702644,0.52417278,0.09379322,0.01205209,0.33194482,-0.12702276,-0.23155126,-0.15763628,-0.21207726,-0.23190713,-0.08349176,-0.14191861,-0.24882968,0.10392051,-0.27096599,-0.38167804,0.25104576,-0.22285511,4116000.06911963,0.10948156,0.14246036,0.08549073,-0.22793807,0.19582005,0.03112708,0.52374947,0.09252966,0.0108445,0.32744873,-0.13097341,-0.23512518,-0.15608601,-0.21442857,-0.23064457,-0.08452358,-0.14199147,-0.25225866,0.09931346,-0.27429837,-0.38163984,0.25254223,-0.2236418,4117000.07338542,0.10878125,0.14251927,0.08912586,-0.22469041,0.19618624,0.02933967,0.52340996,0.09245186,0.0076232,0.32119742,-0.13222852,-0.23102142,-0.15796712,-0.21754368,-0.23030943,-0.08544124,-0.14052106,-0.25055498,0.09912159,-0.27230319,-0.37865368,0.25842908,-0.21929355,4118000.0708494,0.10253002,0.14007813,0.08311034,-0.21268986,0.19342355,0.03404165,0.52229881,0.09420868,0.01681701,0.31952298,-0.12898827,-0.22300731,-0.15216246,-0.21024895,-0.22933149,-0.08185194,-0.13925353,-0.24896075,0.10399471,-0.26308137,-0.37587625,0.2556574,-0.22693831,4119000.06613016,0.10362461,0.13552541,0.07765685,-0.20793967,0.19051875,0.03825602,0.52245802,0.09372324,0.02463573,0.32606128,-0.12541686,-0.2144272,-0.15315819,-0.21033666,-0.22710243,-0.07590985,-0.14106144,-0.24534082,0.10720583,-0.26970437,-0.37482324,0.25204754,-0.23058258,4120000.06789028,0.10410392,0.13753532,0.08177617,-0.21619362,0.1971615,0.03978281,0.525038,0.09433667,0.02064056,0.3306244,-0.12366578,-0.2249935,-0.15002635,-0.21327585,-0.22602455,-0.07595988,-0.13656767,-0.24582796,0.10037546,-0.27499658,-0.37782431,0.25479701,-0.22727385,4121000.06743954,0.10269076,0.13941438,0.08182532,-0.2135042,0.19417475,0.03047401,0.52614903,0.09245976,0.01741034,0.34148666,-0.12669316,-0.23190281,-0.14872943,-0.20852134,-0.22727869,-0.07413054,-0.14094695,-0.2462195,0.0960235,-0.26826656,-0.37949163,0.25058299,-0.22685295,4122000.06975734,0.11041488,0.14146292,0.08079598,-0.21499464,0.1950509,0.04067397,0.52112448,0.09170516,0.01514742,0.33129972,-0.13175581,-0.22218236,-0.15367746,-0.21061656,-0.22747958,-0.07415258,-0.1346879,-0.24588649,0.10710736,-0.26809999,-0.37735173,0.25525823,-0.22227386,4123000.06998971,0.11066134,0.1438815,0.08496401,-0.22221705,0.1953342,0.03957622,0.52738142,0.09122758,0.01397248,0.32255638,-0.13198276,-0.22056498,-0.14639693,-0.21505596,-0.22610618,-0.07527712,-0.12707309,-0.24857229,0.10635531,-0.26492262,-0.37643018,0.2535294,-0.2220756,4124000.06947508,0.11138355,0.14561939,0.08574735,-0.22196017,0.19734685,0.03363957,0.52633399,0.09097201,0.01103379,0.32397425,-0.13123131,-0.22520755,-0.14732417,-0.21587023,-0.22577856,-0.07239971,-0.13691206,-0.24394928,0.09969351,-0.26695925,-0.37718925,0.25435033,-0.22020507,4125000.06922008,0.11504959,0.1454218,0.08741754,-0.22298524,0.19207522,0.03089739,0.52363974,0.09243531,0.00944068,0.32037026,-0.13189737,-0.22900832,-0.14896849,-0.21933006,-0.2255605,-0.07140604,-0.1346762,-0.24491481,0.10301751,-0.26237041,-0.37457058,0.24756521,-0.22037138,4126000.07135101,0.11619934,0.14681785,0.08952846,-0.21838067,0.19198884,0.03580502,0.52465004,0.09156239,0.00751134,0.32065237,-0.13283798,-0.22839275,-0.14857528,-0.21775733,-0.22507662,-0.07115214,-0.1369072,-0.24957927,0.10463414,-0.26825851,-0.37426472,0.25342485,-0.22294788,4127000.07050247,0.10828783,0.1431483,0.0844785,-0.20843281,0.19347695,0.03514903,0.52425385,0.09274482,0.01548888,0.33649263,-0.1254528,-0.21827605,-0.13895524,-0.21715593,-0.22378381,-0.06960842,-0.13447239,-0.24083635,0.10533095,-0.26675305,-0.3714081,0.26176566,-0.22076952,4128000.06940671,0.10895926,0.14021809,0.08127397,-0.20364554,0.19376041,0.04138371,0.5248093,0.09483201,0.02477526,0.33367559,-0.11623303,-0.21920444,-0.13737983,-0.20861562,-0.22105731,-0.06308734,-0.12521213,-0.24586184,0.1048053,-0.26443028,-0.36977988,0.26168582,-0.20755571,4129000.0674815,0.11289601,0.14644614,0.08335678,-0.20472212,0.19598053,0.03819116,0.52600753,0.09515015,0.02070313,0.32921872,-0.12089094,-0.22027417,-0.13388602,-0.21078582,-0.22324182,-0.06269932,-0.13393906,-0.24353927,0.10009218,-0.26744813,-0.37130487,0.25337169,-0.2185459,4130000.06965719,0.11503112,0.1426315,0.08449659,-0.20765364,0.19436841,0.04129103,0.52571601,0.09333438,0.01821633,0.33487847,-0.12333859,-0.2216963,-0.14184456,-0.21256669,-0.22296989,-0.06052857,-0.13789617,-0.2434047,0.10121805,-0.26533517,-0.3735384,0.25260714,-0.22131987,4131000.06862838,0.11602011,0.14143838,0.08698523,-0.20504512,0.19547045,0.03646234,0.52622414,0.0940505,0.01904405,0.33518425,-0.12043795,-0.2215362,-0.14458111,-0.20842668,-0.22351784,-0.06216204,-0.12463237,-0.24114496,0.10344047,-0.25848398,-0.37299585,0.26018593,-0.21868393,4132000.0704174,0.11855583,0.14331457,0.08743138,-0.21104966,0.19754738,0.03895441,0.52412134,0.0919671,0.01730453,0.32948625,-0.11756233,-0.23288019,-0.13313465,-0.21331082,-0.22407404,-0.05913852,-0.12235732,-0.24074242,0.10764681,-0.26088697,-0.37342218,0.25888035,-0.22843806,4133000.0707588,0.12117707,0.14465377,0.08903229,-0.21248524,0.18936238,0.034774,0.52646226,0.09259911,0.01362972,0.33449101,-0.11998045,-0.22673185,-0.12938538,-0.21340622,-0.22357696,-0.06062056,-0.12990268,-0.23654108,0.10347226,-0.26498619,-0.37254947,0.25728199,-0.22318561,4134000.07262644,0.12002712,0.14348859,0.09277773,-0.21381456,0.1957828,0.0366585,0.52641439,0.09329783,0.01274478,0.33535999,-0.11800066,-0.21789001,-0.12833872,-0.2151542,-0.22039385,-0.05659958,-0.1305632,-0.23963024,0.10769298,-0.26104277,-0.37188235,0.2614384,-0.21899819,4135000.07550035,0.1234403,0.14411512,0.09279499,-0.20795089,0.19738175,0.03723808,0.52289116,0.09420646,0.01197234,0.32904765,-0.11519626,-0.21903881,-0.12712003,-0.21808557,-0.22206022,-0.05475498,-0.12710075,-0.24345349,0.10306536,-0.26086253,-0.37047485,0.2563403,-0.21863361,4136000.07133926,0.11401891,0.13968301,0.08413349,-0.19682659,0.19492231,0.04473956,0.52406877,0.09632883,0.0235716,0.33235326,-0.10649507,-0.22835419,-0.12482228,-0.21600769,-0.21921428,-0.05263588,-0.12975267,-0.23935558,0.10404141,-0.25828475,-0.3669247,0.25497699,-0.21636438,4137000.06920166,0.11420436,0.14115793,0.08597668,-0.19576333,0.19732863,0.04293167,0.52455497,0.09679019,0.02549189,0.33896488,-0.10614056,-0.21856725,-0.11982232,-0.21305844,-0.21854085,-0.04495765,-0.11317528,-0.23887089,0.10111466,-0.26403326,-0.36663631,0.25465947,-0.22528097,4138000.07257517,0.1157766,0.14101383,0.0885895,-0.20039272,0.19783939,0.04045826,0.52680963,0.09662095,0.02165247,0.33549762,-0.11082197,-0.21530934,-0.12451091,-0.21093065,-0.21891674,-0.04483117,-0.12791167,-0.24123485,0.10948383,-0.26008487,-0.37021863,0.26262254,-0.21967283,4139000.07176982,0.12158138,0.14101516,0.08851001,-0.19969499,0.1994459,0.04239918,0.52347898,0.09737952,0.02148107,0.33603033,-0.10476598,-0.20553072,-0.11632348,-0.21475072,-0.21754207,-0.04383912,-0.11798376,-0.24074663,0.10521569,-0.25506637,-0.36964193,0.25489229,-0.21652371,4140000.07421158,0.12000919,0.14289141,0.09061947,-0.20250514,0.20141926,0.04254002,0.52483976,0.09610362,0.02015658,0.33524621,-0.10391606,-0.20981139,-0.11783152,-0.21475631,-0.21913029,-0.04310002,-0.12872016,-0.23511271,0.10153901,-0.25382423,-0.37106958,0.25679749,-0.2150573,4141000.07633284,0.12293494,0.14340384,0.09263527,-0.20448618,0.19884829,0.04757302,0.52522177,0.09628138,0.01850016,0.33821225,-0.10666812,-0.21728945,-0.12666766,-0.21514684,-0.21821038,-0.04228091,-0.1256398,-0.24092697,0.10899551,-0.25652292,-0.37161788,0.26178807,-0.21875206,4142000.07334165,0.12572947,0.14587869,0.09927197,-0.20335844,0.19514067,0.04443913,0.52621406,0.09614864,0.01492521,0.3388254,-0.10174457,-0.21641608,-0.11654287,-0.21875463,-0.21722399,-0.03957373,-0.12197304,-0.24320398,0.11052676,-0.26173332,-0.36857322,0.26167467,-0.21403576,4143000.07437894,0.12802283,0.1443997,0.09511096,-0.20055792,0.19579019,0.04024101,0.52568471,0.09634936,0.01407124,0.33636791,-0.09893523,-0.21031308,-0.11660744,-0.21473514,-0.21790871,-0.0411481,-0.11931348,-0.23446634,0.11001098,-0.25028747,-0.36855888,0.26292214,-0.22125567,4144000.0755377,0.11680394,0.13772814,0.08517874,-0.18642636,0.19936395,0.04818599,0.52744418,0.09897584,0.02661297,0.32834592,-0.09192852,-0.20237324,-0.11854841,-0.21076012,-0.21579696,-0.03444705,-0.11039177,-0.23258543,0.1091383,-0.2530247,-0.36543861,0.25559738,-0.2127842,4145000.0742889,0.12047052,0.14323367,0.08565874,-0.1853262,0.19824384,0.04800357,0.52835077,0.10065884,0.02979143,0.3379561,-0.08819295,-0.19654468,-0.11844365,-0.20835227,-0.21497676,-0.02575787,-0.11104736,-0.23530737,0.10343228,-0.25338697,-0.36434045,0.25999641,-0.21735631,4146000.07379272,0.12101326,0.13862905,0.08860352,-0.18922915,0.20537019,0.04169432,0.52856421,0.1004835,0.02473856,0.33073032,-0.08986074,-0.2037271,-0.1155097,-0.20683341,-0.21447949,-0.03512718,-0.10492471,-0.23428978,0.10497618,-0.25876859,-0.3675369,0.26281419,-0.2147768,4147000.07136972,0.12681609,0.14147136,0.09112547,-0.19029668,0.20367248,0.04879683,0.53004438,0.10002497,0.02304051,0.33113948,-0.08697514,-0.20123945,-0.11740384,-0.20606501,-0.2141521,-0.03360836,-0.11550719,-0.23573457,0.11105517,-0.25398982,-0.36872232,0.26524112,-0.21485159,4148000.0725491,0.12553065,0.14590713,0.09071346,-0.19078618,0.20191775,0.03964611,0.53138471,0.09813803,0.0220042,0.3496868,-0.09401089,-0.21177484,-0.11814023,-0.20437504,-0.21455382,-0.03237445,-0.1129244,-0.2347482,0.10912833,-0.24819283,-0.36942258,0.26162916,-0.222123,4149000.07274897,0.12603965,0.1422106,0.09587263,-0.19400638,0.20540851,0.04251328,0.52679801,0.09810307,0.01911709,0.34773034,-0.09561539,-0.20222962,-0.10675176,-0.20792669,-0.21514291,-0.03555173,-0.10017096,-0.2340368,0.11294752,-0.24710856,-0.36976087,0.25927481,-0.22081241,4150000.07668705,0.12357518,0.13988274,0.09897169,-0.19637667,0.20386432,0.0453705,0.52889812,0.09931246,0.01604151,0.34382805,-0.09166908,-0.20389175,-0.11110031,-0.21056435,-0.21429962,-0.03231065,-0.10939229,-0.23020688,0.10930306,-0.2508111,-0.36835432,0.26115653,-0.2159788,4151000.07566739,0.12564552,0.14394489,0.10089428,-0.19321211,0.20349036,0.04251052,0.53184646,0.09571377,0.01472774,0.34718502,-0.09117675,-0.21240211,-0.11180952,-0.20558342,-0.21487576,-0.0299962,-0.11486299,-0.23257537,0.11004652,-0.24675111,-0.3679381,0.27147344,-0.21409638,4152000.07508676,0.1222019,0.13934474,0.09290595,-0.18142109,0.19850978,0.04826963,0.5278554,0.10009266,0.02465619,0.34950325,-0.08112383,-0.19943468,-0.12177924,-0.20723863,-0.21151358,-0.02738781,-0.10387734,-0.23217849,0.1094371,-0.24706696,-0.36595419,0.26679441,-0.21458562,4153000.07128692,0.12136343,0.14036462,0.09060004,-0.17938696,0.19640435,0.05310007,0.53041995,0.10355587,0.02889806,0.34755751,-0.08012926,-0.18716125,-0.11023667,-0.20018007,-0.21082543,-0.02542584,-0.10472113,-0.23442043,0.1115239,-0.24776074,-0.36577806,0.26415718,-0.22057295,4154000.07394065,0.12505867,0.14701718,0.09320141,-0.18752816,0.20272981,0.0491921,0.53250951,0.10234082,0.02436975,0.34607917,-0.08610518,-0.19297761,-0.10617732,-0.20362619,-0.21259427,-0.03277665,-0.09385722,-0.232559,0.10516358,-0.25028571,-0.36617261,0.26445061,-0.21771127,4155000.07378583,0.12287225,0.14479572,0.09448756,-0.18640086,0.20451997,0.04683227,0.52940971,0.09984107,0.02176042,0.34295744,-0.08439568,-0.19715849,-0.10502898,-0.20224762,-0.21183379,-0.02778873,-0.09552117,-0.23229355,0.10586014,-0.25933123,-0.36849391,0.25940624,-0.21527106,4156000.07554636,0.12459201,0.14314476,0.09394702,-0.18779451,0.20360814,0.0404021,0.53028303,0.09946691,0.02069402,0.3433111,-0.08832514,-0.1919713,-0.11023363,-0.20085216,-0.21194485,-0.02642651,-0.10165805,-0.23476279,0.11368166,-0.2515727,-0.36941665,0.26261067,-0.22063321,4157000.07506263,0.12759203,0.14542246,0.0970632,-0.19620366,0.20276955,0.04589686,0.53269261,0.10303127,0.01716055,0.34386939,-0.08999327,-0.19936068,-0.10986371,-0.20271201,-0.21228763,-0.0286424,-0.10595442,-0.23431985,0.11551148,-0.25193954,-0.36924458,0.26727334,-0.21938747,4158000.07473377,0.12830611,0.14926742,0.10043585,-0.19992642,0.20426637,0.04174384,0.53171086,0.10146921,0.01423532,0.34849709,-0.08824117,-0.19890387,-0.1104123,-0.20712021,-0.21212512,-0.03358075,-0.10761476,-0.2343971,0.11320703,-0.25170261,-0.36801299,0.26888809,-0.21908653,4159000.07610081,0.13068865,0.14676093,0.09715953,-0.197051,0.20278929,0.03967642,0.53369504,0.09928823,0.01224586,0.34592092,-0.08771235,-0.19549349,-0.11295025,-0.20213044,-0.21238233,-0.03051997,-0.10820109,-0.23263991,0.11660992,-0.24273036,-0.3670429,0.26770791,-0.21616714,4160000.07586171,0.12651204,0.14223881,0.08987278,-0.18303068,0.20058766,0.04715528,0.53262472,0.10063544,0.02301753,0.3465305,-0.08664642,-0.19357011,-0.11135777,-0.20206055,-0.2107183,-0.03104309,-0.10321683,-0.22985773,0.11045332,-0.23935838,-0.36450773,0.26323119,-0.21387689,4161000.07098271,0.12341713,0.14448278,0.09154613,-0.18226402,0.20476541,0.05002002,0.53389984,0.10208408,0.02670168,0.3543036,-0.08250567,-0.18977539,-0.10775308,-0.20422526,-0.21024705,-0.0284176,-0.10418033,-0.23081997,0.11193144,-0.25051337,-0.36477771,0.26111019,-0.21730447,4162000.07256011,0.1233849,0.14755781,0.09259276,-0.18443011,0.20458679,0.04708863,0.53406596,0.10118695,0.02125059,0.34131411,-0.08641633,-0.19357494,-0.10157328,-0.19992402,-0.21017627,-0.03128662,-0.10526375,-0.23012336,0.11444245,-0.24649836,-0.36702019,0.25927231,-0.21522611,4163000.07349495,0.12316466,0.14499311,0.0922912,-0.19224185,0.20262325,0.04747361,0.5313499,0.10030123,0.0194817,0.3466956,-0.08687928,-0.18972772,-0.10893083,-0.19771972,-0.21040033,-0.03127663,-0.11344473,-0.23304495,0.11681756,-0.25157624,-0.36821252,0.26078227,-0.21254267,4164000.07212227,0.12705533,0.14804195,0.09297407,-0.19251785,0.20479318,0.04508616,0.53445119,0.10150632,0.0174662,0.34309646,-0.08985636,-0.19815719,-0.11224199,-0.20139822,-0.21180925,-0.02506766,-0.11351065,-0.23398259,0.11752673,-0.25244427,-0.36842406,0.25926214,-0.20935448,4165000.07307016,0.13056095,0.14732999,0.09396154,-0.19374947,0.19878022,0.04224224,0.5316397,0.09955052,0.01447602,0.34499988,-0.09110539,-0.19451116,-0.11139488,-0.19968921,-0.21271409,-0.02917991,-0.10001232,-0.22852902,0.10744189,-0.25510946,-0.36904305,0.26675388,-0.21793407,4166000.07378583,0.12975828,0.14827041,0.09447081,-0.1999183,0.19965771,0.04383447,0.53465343,0.09999938,0.01135151,0.34660649,-0.09204631,-0.19665237,-0.11552248,-0.20091839,-0.21118845,-0.03427064,-0.114076,-0.23216359,0.11052226,-0.25736114,-0.36967322,0.2609655,-0.2103918,4167000.07507554,0.12967627,0.14889711,0.09318679,-0.19431084,0.19985083,0.03858535,0.53545237,0.09818086,0.01320453,0.34959716,-0.08994873,-0.18926282,-0.11678362,-0.19975835,-0.21079469,-0.03467453,-0.10560086,-0.23300105,0.11280181,-0.24237949,-0.36871281,0.26333144,-0.2119488,4168000.07399888,0.12520254,0.14627631,0.08428328,-0.18426283,0.20131308,0.0503737,0.53446168,0.0999151,0.02358731,0.35381848,-0.0799437,-0.19026019,-0.11095887,-0.19804548,-0.20958124,-0.03202531,-0.09971225,-0.23129037,0.1144795,-0.24221295,-0.3666901,0.26357031,-0.22312596,4169000.06973924,0.12892728,0.14653173,0.08903,-0.18744022,0.20322886,0.04680899,0.53530109,0.10256283,0.02297083,0.36226365,-0.08045906,-0.20090957,-0.11805259,-0.19992045,-0.20909257,-0.02439604,-0.10295758,-0.23213083,0.1085206,-0.2514568,-0.36827233,0.26055461,-0.22278485,4170000.07210364,0.12705527,0.14664559,0.09106407,-0.18812136,0.20094021,0.04515139,0.53077036,0.09955853,0.0194817,0.35611454,-0.08415885,-0.19574855,-0.11867335,-0.196715,-0.21194711,-0.03097272,-0.10395329,-0.23008645,0.11353176,-0.25170174,-0.37025365,0.26532021,-0.21530961,4171000.07328919,0.12586714,0.1471294,0.08990286,-0.19273758,0.19872674,0.04590077,0.53239,0.09928114,0.01745286,0.33946335,-0.08568289,-0.20194112,-0.11523176,-0.20031156,-0.21153556,-0.02691329,-0.094946,-0.23247756,0.11919495,-0.24773669,-0.3711527,0.26430371,-0.20873687,4172000.07182595,0.12747158,0.14755736,0.09391046,-0.19949841,0.19827341,0.04757441,0.53547806,0.09789034,0.01604609,0.34269014,-0.08854834,-0.20653573,-0.12059467,-0.19871493,-0.21304095,-0.03152969,-0.10654107,-0.23088837,0.1223918,-0.25262499,-0.3714208,0.26464251,-0.22227779,4173000.07031769,0.12643918,0.14385477,0.09577256,-0.19891836,0.20175761,0.04242885,0.53394765,0.09849804,0.01198017,0.34546939,-0.08578916,-0.19793081,-0.12000377,-0.19845259,-0.21285121,-0.03601226,-0.10366184,-0.23574854,0.11710928,-0.24695498,-0.37179315,0.26869825,-0.21997868,4174000.07545599,0.12783155,0.14724478,0.09779395,-0.1994063,0.20388114,0.03761817,0.53122598,0.09820837,0.01020478,0.34389687,-0.08639035,-0.19059198,-0.11842524,-0.19912165,-0.21343544,-0.03507762,-0.099423,-0.23594122,0.11790626,-0.25552073,-0.37156454,0.26697811,-0.2173828,4175000.07043593,0.12467164,0.14326048,0.08891068,-0.19016385,0.19549507,0.0439232,0.53234076,0.09953223,0.01991493,0.3369931,-0.0795946,-0.19001761,-0.12436143,-0.20089099,-0.21174216,-0.03698027,-0.10351238,-0.23414707,0.10845728,-0.25057435,-0.36782056,0.25583801,-0.21583563,4176000.06894679,0.12165335,0.14317152,0.08548626,-0.18613525,0.19650629,0.04852026,0.53197163,0.09756126,0.02583366,0.34597912,-0.07599881,-0.19652881,-0.11729581,-0.19688153,-0.20892851,-0.03391021,-0.09788167,-0.23275784,0.10690772,-0.24758443,-0.36814842,0.26865548,-0.22728154,4177000.07161197,0.12541568,0.14325401,0.08819542,-0.18993191,0.19700699,0.04508045,0.52958715,0.09719744,0.02015251,0.35236081,-0.07813764,-0.18949805,-0.12283655,-0.19660018,-0.21103585,-0.03027568,-0.08902459,-0.23390998,0.1129986,-0.25320843,-0.37201929,0.26726374,-0.22487773,4178000.06969782,0.11943406,0.14513244,0.08956041,-0.1933794,0.19635624,0.04441962,0.52882582,0.09763563,0.01766989,0.34892023,-0.08083663,-0.19583632,-0.11917716,-0.19747595,-0.21243674,-0.03677182,-0.0980383,-0.23445241,0.11078946,-0.25578979,-0.37416106,0.26839533,-0.21697286,4179000.0697614,0.1206048,0.14478964,0.08938793,-0.19938134,0.20072629,0.03812886,0.53148752,0.09606486,0.01747196,0.35504386,-0.07624623,-0.19722784,-0.11287131,-0.19645266,-0.21319583,-0.03515657,-0.09934017,-0.23581095,0.11000357,-0.25139469,-0.37503985,0.26516119,-0.21340548,4180000.069821,0.123306,0.14872532,0.09077138,-0.20110965,0.20231728,0.03973618,0.53037518,0.094538,0.01395248,0.34764558,-0.0857975,-0.18987378,-0.12361671,-0.1976943,-0.21510075,-0.03442447,-0.1087405,-0.23818275,0.11327748,-0.25229847,-0.37632927,0.26515037,-0.21389884,4181000.07212227,0.12444099,0.14362745,0.09182251,-0.20461507,0.2022175,0.03404743,0.53106517,0.09567809,0.01085827,0.34574211,-0.08513762,-0.19929615,-0.11983712,-0.20244418,-0.21472488,-0.03672494,-0.09823004,-0.23760219,0.11131863,-0.25431547,-0.37426418,0.27282056,-0.21646821,4182000.07225846,0.12186662,0.14345632,0.09186146,-0.20022047,0.19783695,0.04203759,0.53033012,0.09330263,0.01064457,0.34141594,-0.08088879,-0.20314473,-0.12047933,-0.19879726,-0.21570791,-0.04044658,-0.0994786,-0.23960656,0.11228093,-0.24911293,-0.37329677,0.26252031,-0.21618119,4183000.06807301,0.11379861,0.13847741,0.08422211,-0.19033217,0.19677776,0.03971364,0.52960688,0.09699357,0.02310423,0.34343266,-0.07318728,-0.19046846,-0.13167919,-0.19943957,-0.21293154,-0.03967247,-0.09654428,-0.23425397,0.11812416,-0.24956647,-0.37165299,0.26214612,-0.22032318,4184000.06795371,0.11786816,0.1389807,0.08362951,-0.18996504,0.19832063,0.03863294,0.53109461,0.0956325,0.02310069,0.34593931,-0.06965767,-0.19568115,-0.1256599,-0.19478835,-0.21344854,-0.03513064,-0.09701776,-0.23943606,0.11686431,-0.24675886,-0.37423021,0.26808864,-0.22223352,4185000.07038554,0.12130123,0.14501354,0.08761089,-0.19833392,0.20194775,0.0368037,0.52866399,0.09413888,0.01761527,0.34636819,-0.08077207,-0.18777771,-0.12622741,-0.19354296,-0.21421538,-0.04284252,-0.09894476,-0.23878759,0.11414921,-0.24246398,-0.37673256,0.26359355,-0.21803842,4186000.06984264,0.11785776,0.14128247,0.08772153,-0.20037429,0.20222858,0.03717925,0.52990979,0.09434488,0.01486078,0.34919888,-0.08362602,-0.19044712,-0.12667665,-0.19514586,-0.21645203,-0.04240482,-0.0982118,-0.24074398,0.11718132,-0.2590155,-0.37860739,0.26218045,-0.22135648,4187000.06968749,0.11840536,0.14549847,0.08670731,-0.20014837,0.19841681,0.03274254,0.53357559,0.09236056,0.01360842,0.35084361,-0.08247723,-0.1974441,-0.12584068,-0.19971101,-0.21738526,-0.0438976,-0.09561011,-0.23892865,0.11673746,-0.26233771,-0.37952694,0.26590461,-0.22118656,4188000.07178523,0.12174962,0.14777902,0.08968377,-0.20887986,0.20179071,0.0307116,0.53226113,0.09032546,0.0100266,0.35686338,-0.08337099,-0.20531845,-0.13672146,-0.2035134,-0.22152677,-0.04076074,-0.11044272,-0.23923732,0.11329098,-0.25092423,-0.3812083,0.26287714,-0.21723095,4189000.07231415,0.12398912,0.14330608,0.091849,-0.21132518,0.19837207,0.02768606,0.53146595,0.09074315,0.0065836,0.34062821,-0.08241012,-0.20521373,-0.13630746,-0.20343232,-0.21740222,-0.0462046,-0.10889097,-0.23991942,0.11110736,-0.25277025,-0.37945661,0.26430231,-0.2213964,4190000.0727016,0.12014057,0.14479117,0.08815207,-0.20992734,0.19821973,0.0284876,0.52850837,0.08945266,0.00826165,0.33994123,-0.07991345,-0.20098518,-0.14299144,-0.20305571,-0.21926834,-0.04877946,-0.11033222,-0.24225466,0.11955993,-0.25565448,-0.37878305,0.27089381,-0.2219993,4191000.06915519,0.1162148,0.14160015,0.08048391,-0.1943507,0.19451325,0.03880387,0.52690196,0.08932291,0.01908171,0.34616047,-0.07457942,-0.19972077,-0.1421061,-0.19950105,-0.21740915,-0.04600779,-0.09726405,-0.24014242,0.11342925,-0.25412452,-0.37640524,0.26027843,-0.22247702,4192000.06796005,0.11261132,0.14392784,0.07898479,-0.19891609,0.20139432,0.03231376,0.52954012,0.09204808,0.0175646,0.35680267,-0.07690679,-0.20122807,-0.13252789,-0.19333632,-0.21721233,-0.04431455,-0.09192907,-0.24072158,0.11459248,-0.25335786,-0.38017446,0.26421434,-0.22595204,4193000.06831926,0.11228361,0.14409466,0.08170857,-0.20781404,0.20300472,0.03608982,0.53241593,0.09253813,0.01415293,0.35293999,-0.07888044,-0.20168991,-0.13001502,-0.19253148,-0.22021833,-0.04956462,-0.08693701,-0.23868476,0.12100675,-0.25987348,-0.38321519,0.26515061,-0.22463144,4194000.0674313,0.1155849,0.14420834,0.08230988,-0.20445402,0.19625933,0.02769086,0.53410923,0.09059184,0.01077746,0.34752533,-0.0808175,-0.19563171,-0.13405381,-0.19761021,-0.22191834,-0.05199809,-0.10010322,-0.24443808,0.11799517,-0.26152179,-0.38383791,0.26729256,-0.21785785,4195000.06948641,0.11592014,0.14591955,0.08515622,-0.20842381,0.19899487,0.03247719,0.53316438,0.09050521,0.00962562,0.34571451,-0.08953314,-0.20721993,-0.14146411,-0.19991833,-0.22221391,-0.05206592,-0.09637698,-0.2449967,0.11806188,-0.26189545,-0.38426942,0.25641957,-0.22546998,4196000.07122866,0.11580811,0.14729005,0.08498494,-0.21424113,0.19383055,0.03202664,0.52929443,0.08757604,0.0063526,0.34691775,-0.09069868,-0.20323448,-0.14406867,-0.20227876,-0.22205351,-0.0516434,-0.11443287,-0.2491463,0.11905515,-0.26224777,-0.38579357,0.26111263,-0.23026757,4197000.07193089,0.11402668,0.14546658,0.0859946,-0.2197808,0.18986547,0.02922999,0.53137743,0.08882117,0.00407928,0.34343976,-0.08397413,-0.20832635,-0.14915548,-0.20081528,-0.22463658,-0.05286255,-0.10841137,-0.2484962,0.11131058,-0.26202521,-0.38551754,0.26471901,-0.22785459,4198000.07096006,0.11512657,0.146782,0.08779594,-0.21606633,0.1953917,0.02488717,0.52942759,0.08883133,0.0031231,0.33915702,-0.08540289,-0.20233794,-0.14679968,-0.20495954,-0.224547,-0.05240697,-0.09735224,-0.24999617,0.1116275,-0.2560927,-0.38445279,0.26374885,-0.22653119,4199000.06689715,0.11096078,0.14772415,0.07994393,-0.20293342,0.19411279,0.02586292,0.52952707,0.09154363,0.01425506,0.34723175,-0.0798003,-0.20038712,-0.13712215,-0.19509701,-0.22310761,-0.04814137,-0.09608767,-0.24636739,0.11121681,-0.25397721,-0.3817617,0.26526237,-0.22359997,4200000.06800604,0.1113885,0.1429,0.07903485,-0.20507449,0.19829932,0.02654465,0.53018677,0.09156998,0.01599601,0.35374248,-0.07638114,-0.20625354,-0.13251083,-0.19749875,-0.22256429,-0.0493884,-0.0918853,-0.24597393,0.11756187,-0.26206365,-0.3824929,0.26334533,-0.22158085,4201000.06903182,0.11044094,0.14689045,0.08078704,-0.21225344,0.20050517,0.0304593,0.52949309,0.09216183,0.01035762,0.35943744,-0.08414208,-0.19885299,-0.13607991,-0.20280749,-0.22498544,-0.05445705,-0.10668457,-0.24734868,0.1170783,-0.26354659,-0.38500476,0.26256159,-0.22886559,4202000.06775606,0.11339639,0.14298026,0.08258039,-0.21124512,0.19759429,0.02832761,0.52900046,0.09126609,0.00980426,0.35674977,-0.08236906,-0.19983245,-0.14555584,-0.20202821,-0.22621439,-0.05657742,-0.10942648,-0.24566093,0.1142493,-0.26293978,-0.38725623,0.26292479,-0.23125209,4203000.06747448,0.11137846,0.14369269,0.0824595,-0.21705978,0.1980612,0.02984353,0.53157949,0.08915273,0.00854661,0.34265843,-0.08035,-0.20086148,-0.15105209,-0.20138007,-0.22583206,-0.05528576,-0.10523324,-0.24696214,0.11932345,-0.25763765,-0.38705149,0.26332626,-0.22132762,4204000.06831633,0.11606173,0.14946073,0.08524417,-0.21495691,0.19936343,0.02740765,0.53088886,0.08918907,0.00621685,0.34916112,-0.08496346,-0.19498432,-0.142923,-0.20023522,-0.22715938,-0.05848587,-0.10895265,-0.25098944,0.12018921,-0.26492772,-0.3874439,0.26329276,-0.22625481,4205000.07038554,0.11537015,0.14772128,0.08753763,-0.22060621,0.19817987,0.02414407,0.53034723,0.08969307,0.00327505,0.34901178,-0.08662801,-0.1943634,-0.14804226,-0.19958924,-0.22711426,-0.05681957,-0.10907593,-0.25219035,0.11590935,-0.26093635,-0.38708419,0.26707169,-0.22683464,4206000.07043126,0.11108073,0.14495762,0.08249572,-0.21480571,0.1956517,0.02684835,0.53144151,0.08995042,0.00690716,0.35038567,-0.08195278,-0.19737148,-0.15144216,-0.20149787,-0.22859117,-0.05287889,-0.10917164,-0.25159425,0.11150081,-0.25880963,-0.38517016,0.26463056,-0.22511135,4207000.06667891,0.10578648,0.14489979,0.07603464,-0.20275946,0.19515316,0.03267616,0.53140736,0.09261999,0.01717708,0.35367993,-0.07888269,-0.19627897,-0.15221643,-0.20200457,-0.22475618,-0.05760273,-0.10965046,-0.24873315,0.11655588,-0.26693821,-0.38329875,0.2642287,-0.22682241,4208000.0665122,0.10650215,0.14132904,0.07777356,-0.20842992,0.198571,0.03008879,0.52942687,0.09137233,0.01529445,0.35012862,-0.07560644,-0.1937862,-0.14670737,-0.19986857,-0.22581635,-0.05716263,-0.10962159,-0.25112817,0.12081467,-0.27094972,-0.38488537,0.26142976,-0.23302019,4209000.06662131,0.11146869,0.14871719,0.08069673,-0.21133776,0.20131944,0.03033006,0.52875423,0.09212779,0.01170876,0.35136405,-0.08661854,-0.20424905,-0.15017003,-0.20080653,-0.22873534,-0.05705309,-0.11655457,-0.25110525,0.11471738,-0.26764309,-0.38689926,0.26535627,-0.23069344,4210000.06509669,0.11109158,0.1449791,0.08398283,-0.2135471,0.20001522,0.03391102,0.53167033,0.0904937,0.00999841,0.35574993,-0.08399667,-0.20309271,-0.14483742,-0.20066927,-0.22818901,-0.05540698,-0.11197303,-0.25121859,0.1168353,-0.26216939,-0.38623533,0.26361194,-0.23493861,4211000.06744576,0.11144268,0.14309952,0.08343092,-0.21242139,0.19561958,0.03052049,0.52987385,0.09078401,0.00765716,0.35426322,-0.08418871,-0.2014458,-0.15428954,-0.20465389,-0.22793153,-0.06194064,-0.11304076,-0.25360334,0.11809965,-0.26150924,-0.38709259,0.2669121,-0.22422744,4212000.06959231,0.11138501,0.14441046,0.08874275,-0.21683143,0.19253051,0.03008774,0.52969497,0.09141988,0.00463292,0.35234967,-0.08143175,-0.20665498,-0.15236169,-0.20333587,-0.22917321,-0.06278529,-0.10376687,-0.2508187,0.11029232,-0.26561993,-0.38523585,0.26604173,-0.22173098,4213000.07264256,0.11370742,0.14595369,0.0893207,-0.22263259,0.19625935,0.02828153,0.52533507,0.08922639,0.00234412,0.35258889,-0.08244798,-0.19268233,-0.15209678,-0.20319468,-0.22988056,-0.05975214,-0.11802671,-0.25246292,0.11122099,-0.27268782,-0.38641909,0.27265209,-0.2295323,4214000.07151615,0.10702104,0.1444747,0.08263266,-0.21188888,0.19246683,0.02990735,0.52874881,0.09231066,0.00758783,0.34621447,-0.08119417,-0.19399464,-0.15157098,-0.20315132,-0.22942333,-0.05433225,-0.10373738,-0.24744643,0.1175253,-0.26485568,-0.38505012,0.26315138,-0.22340684,4215000.0650603,0.10729158,0.1414237,0.07740431,-0.20441502,0.19660622,0.04050858,0.52534974,0.09280835,0.01764621,0.35517681,-0.07797531,-0.20242503,-0.15227728,-0.20203908,-0.22724377,-0.05628921,-0.10731692,-0.24752855,0.11497118,-0.2583878,-0.38116446,0.25806084,-0.22828211,4216000.06402355,0.10827667,0.14312725,0.0781643,-0.20480156,0.1997876,0.03297437,0.53134495,0.09251747,0.01538166,0.36309877,-0.08102625,-0.19529131,-0.14500043,-0.20025471,-0.22748676,-0.0557607,-0.1038668,-0.24728256,0.11255264,-0.26228756,-0.38420287,0.26647496,-0.22513787,4217000.0665122,0.10627437,0.14452417,0.08036619,-0.21136585,0.20125368,0.02830159,0.53236657,0.09266041,0.01043963,0.3556174,-0.08094938,-0.19389048,-0.15012243,-0.19975324,-0.22944993,-0.06110188,-0.09965669,-0.250817,0.11811774,-0.26357907,-0.38643366,0.2665562,-0.23071155,4218000.06856642,0.10612807,0.14332403,0.08187784,-0.2110035,0.19814715,0.02784313,0.53142792,0.090465,0.00824451,0.35897052,-0.0817302,-0.19580938,-0.15362442,-0.2015937,-0.22986181,-0.0546725,-0.10728631,-0.25143185,0.12076232,-0.26791418,-0.38649091,0.26611617,-0.22723143,4219000.07096006,0.10835279,0.14361218,0.084471,-0.2164956,0.19777735,0.02807101,0.52818704,0.08961385,0.00647475,0.35498029,-0.08352531,-0.19493146,-0.15528922,-0.20165016,-0.23171882,-0.05784018,-0.11781614,-0.24910662,0.11203343,-0.2650387,-0.38633722,0.27105623,-0.22367571,4220000.06655239,0.11069844,0.14817995,0.08728572,-0.21664524,0.19983919,0.02555924,0.52740699,0.09081136,0.00324019,0.36562213,-0.08758435,-0.20349835,-0.15787195,-0.20175491,-0.22960235,-0.06431359,-0.11722519,-0.24978179,0.11783261,-0.26431051,-0.38487646,0.26998022,-0.22176124,4221000.07433366,0.11306047,0.14567171,0.09143647,-0.22195889,0.1946547,0.02371731,0.5298565,0.09205764,0.00049763,0.35014758,-0.08865134,-0.19952326,-0.1551315,-0.20531449,-0.23062178,-0.06039663,-0.1167145,-0.25359324,0.11602386,-0.2638776,-0.38513911,0.26985508,-0.2229232,4222000.06807301,0.11042076,0.14436434,0.0853022,-0.21317476,0.19939028,0.02987495,0.52932751,0.09080132,0.00500558,0.35441765,-0.08731748,-0.20197916,-0.15530275,-0.20507421,-0.22946416,-0.06116166,-0.12584054,-0.25041407,0.11330397,-0.26909801,-0.38347885,0.26550022,-0.22309582,4223000.06551071,0.10417563,0.14293517,0.07861374,-0.2037044,0.19536918,0.03455792,0.53216475,0.09121629,0.01613334,0.35913104,-0.07827719,-0.19756657,-0.15671244,-0.20202331,-0.22834834,-0.05504995,-0.12310349,-0.25031823,0.11507084,-0.26403418,-0.38161954,0.26833758,-0.22362857,4224000.06419338,0.10534463,0.1439835,0.07820439,-0.20570193,0.20288101,0.03065282,0.53326464,0.09305902,0.01217354,0.36344242,-0.08200123,-0.19775002,-0.15133697,-0.20009455,-0.22932416,-0.0591453,-0.12101515,-0.25211769,0.12244636,-0.26155707,-0.38371345,0.26874223,-0.22803552,4225000.0642248,0.10745437,0.14626527,0.07977498,-0.20937555,0.20136999,0.02780039,0.5316543,0.09079909,0.00701591,0.36353573,-0.08727839,-0.18565236,-0.16096099,-0.20006137,-0.23118368,-0.06282318,-0.11321404,-0.25097618,0.12214068,-0.26893997,-0.3857061,0.27248484,-0.22604893,4226000.06853145,0.10556686,0.1463791,0.07974484,-0.21680357,0.20049095,0.02652918,0.53345752,0.090631,0.00524769,0.36592501,-0.09032199,-0.19009304,-0.15436727,-0.19797654,-0.23122106,-0.06044668,-0.11563481,-0.25105473,0.11504595,-0.27464193,-0.38569486,0.26334533,-0.22235711,4227000.06915142,0.10670235,0.14575207,0.08250689,-0.21730572,0.20424734,0.02103533,0.53186077,0.09112734,0.0035086,0.36309084,-0.09728964,-0.19524477,-0.1572057,-0.20520559,-0.2339019,-0.06300095,-0.11948245,-0.25486323,0.12322862,-0.26534885,-0.38577095,0.25876176,-0.22449759,4228000.06655551,0.10751307,0.14826293,0.08713223,-0.22649746,0.19492568,0.02550823,0.5325647,0.0897818,-0.0002295,0.35953018,-0.09655701,-0.20673496,-0.16513106,-0.20473728,-0.23324774,-0.06706173,-0.12938467,-0.25695279,0.12160498,-0.26933882,-0.38566631,0.26563516,-0.22499527,4229000.06840456,0.11135943,0.15023473,0.08689871,-0.22016285,0.19914554,0.02325642,0.53112411,0.08909691,-0.00278303,0.35641402,-0.09801335,-0.205044,-0.16575529,-0.20961513,-0.23257485,-0.06864931,-0.11728937,-0.25087449,0.11663424,-0.26755995,-0.3847608,0.26749033,-0.22236104,4230000.07031307,0.11170073,0.14607082,0.08509959,-0.21872777,0.19996743,0.02769806,0.53156388,0.09060222,-0.0017258,0.35837767,-0.09771229,-0.20338292,-0.16237862,-0.20659482,-0.23096004,-0.06561061,-0.13060048,-0.24887078,0.11668078,-0.26373231,-0.38307405,0.26114374,-0.22585732,4231000.06718581,0.10176563,0.14675534,0.07756126,-0.20715176,0.19848776,0.03727424,0.52976894,0.09303561,0.01218464,0.36317778,-0.09145269,-0.19022307,-0.15817378,-0.20119606,-0.22840533,-0.06135993,-0.14233164,-0.25442439,0.11990959,-0.26686633,-0.38025394,0.2623708,-0.22647582,4232000.067267,0.10716936,0.14287227,0.08042338,-0.21055807,0.20047881,0.02841322,0.53414959,0.09208771,0.00968396,0.35893923,-0.08985842,-0.1875532,-0.15810195,-0.20249303,-0.23092857,-0.06144649,-0.12641713,-0.25084633,0.11604742,-0.2643722,-0.3817921,0.26187092,-0.22973204,4233000.07000779,0.10532276,0.14698006,0.0841355,-0.214238,0.19907993,0.02871703,0.53657252,0.09191463,0.00397869,0.35990971,-0.09900849,-0.2074948,-0.16371013,-0.20499241,-0.23346411,-0.06285451,-0.12024499,-0.2520856,0.11252352,-0.26738927,-0.38422111,0.26389357,-0.22735804,4234000.07081431,0.10391697,0.14438489,0.08239312,-0.21465859,0.19743057,0.02663615,0.5322845,0.0893777,0.00274302,0.36217985,-0.0986134,-0.21002029,-0.16518816,-0.20126925,-0.23132898,-0.06251589,-0.12209736,-0.25161156,0.11290551,-0.27427283,-0.38475934,0.25937808,-0.22574063,4235000.06955251,0.10658354,0.14569977,0.08401328,-0.21554309,0.19677962,0.02799193,0.52868927,0.09010983,0.00137244,0.35249838,-0.10403784,-0.19927439,-0.16168769,-0.20445846,-0.23211861,-0.05794938,-0.11115127,-0.24992417,0.11171494,-0.26094392,-0.38397273,0.25641763,-0.22170463,4236000.07109209,0.11011648,0.15023632,0.08449213,-0.22218573,0.20216247,0.02540109,0.5323056,0.08978964,-0.00154229,0.35217449,-0.10251842,-0.20008576,-0.16423087,-0.20400105,-0.23254417,-0.06498969,-0.1232379,-0.25096872,0.10426137,-0.26605922,-0.38362169,0.26201171,-0.21981908,4237000.06794995,0.11141845,0.14815392,0.08871576,-0.22564991,0.19974048,0.02395249,0.53064269,0.08833237,-0.00400391,0.35231328,-0.10064191,-0.20874663,-0.16718008,-0.20802481,-0.23271,-0.06218975,-0.1421044,-0.25203669,0.10745697,-0.2636646,-0.38227814,0.27251923,-0.22406794,4238000.06738619,0.11158413,0.14809871,0.08574258,-0.22004326,0.19984342,0.0230615,0.53100181,0.09225553,-0.00271094,0.34622654,-0.0983479,-0.20815848,-0.16030544,-0.20991071,-0.23154546,-0.06344137,-0.11831232,-0.25242978,0.11377833,-0.25654042,-0.38256061,0.2652061,-0.22391163,4239000.06672706,0.10730654,0.14040962,0.07848772,-0.2082684,0.20260277,0.03595892,0.53548539,0.09376816,0.01068066,0.34818649,-0.09253998,-0.20569302,-0.15836571,-0.20659217,-0.22855267,-0.06346988,-0.11328653,-0.24946362,0.11108,-0.25609478,-0.37827069,0.25939617,-0.22121474,4240000.06907891,0.11091073,0.14268221,0.0823699,-0.2103529,0.20241694,0.03103801,0.53399956,0.09346893,0.00819381,0.37526903,-0.09807567,-0.1956031,-0.15894978,-0.20304833,-0.22813618,-0.06038184,-0.12517738,-0.24814135,0.11161226,-0.26278386,-0.38021079,0.2587066,-0.2309601,4241000.06973457,0.10884225,0.14601466,0.08248019,-0.21826929,0.20141885,0.03546331,0.53040087,0.09199701,0.00386137,0.36301872,-0.09988716,-0.20673096,-0.158198,-0.20475289,-0.23230006,-0.06010201,-0.12856771,-0.24761786,0.11541425,-0.26882458,-0.3811489,0.25626993,-0.22028871,4242000.06993961,0.10801901,0.14504674,0.08346137,-0.21349141,0.19812104,0.02950586,0.53072447,0.09065539,0.00307686,0.35806704,-0.09920663,-0.19957311,-0.15481576,-0.20585778,-0.23114915,-0.06201468,-0.12914655,-0.2533499,0.11160204,-0.26975408,-0.38058785,0.26529744,-0.21727349,4243000.06923837,0.11118194,0.14476161,0.08584791,-0.21785416,0.20472027,0.02768794,0.53439337,0.09082244,0.00064694,0.35797423,-0.10212621,-0.19369201,-0.15282337,-0.20791182,-0.23083507,-0.05659075,-0.12344478,-0.2524052,0.11284573,-0.27052212,-0.38093114,0.27007753,-0.21694958,4244000.07040397,0.11182404,0.14530508,0.08862722,-0.22291489,0.20127885,0.02780615,0.53319526,0.0899495,-0.00223758,0.3573111,-0.10642267,-0.19216555,-0.15648425,-0.20656143,-0.23095943,-0.06127714,-0.1303412,-0.25182828,0.11088983,-0.26607746,-0.38044962,0.26686606,-0.22021228,4245000.07376677,0.11612845,0.14787123,0.09070781,-0.22252746,0.20113878,0.02884327,0.530976,0.09231298,-0.00491971,0.3546654,-0.10429852,-0.1923736,-0.15698197,-0.21032536,-0.23129657,-0.06337481,-0.12696438,-0.25218511,0.11302029,-0.26601931,-0.37949839,0.26814127,-0.22157949,4246000.07170565,0.10969411,0.14576319,0.08464266,-0.20916505,0.19795164,0.03033995,0.53270924,0.09153546,0.00175175,0.35186857,-0.09962654,-0.19619249,-0.16334489,-0.20830855,-0.22698215,-0.05721487,-0.11804943,-0.24769354,0.1123178,-0.25900304,-0.37770241,0.26179865,-0.22131102,4247000.06893775,0.11067118,0.14354189,0.07838508,-0.202264,0.19906728,0.0344223,0.53165174,0.09373628,0.01157889,0.36014417,-0.09375717,-0.18897551,-0.15777802,-0.20567068,-0.22624657,-0.05640017,-0.12378388,-0.24756585,0.11065007,-0.25960863,-0.37527233,0.27242896,-0.2179231,4248000.06816418,0.1125012,0.14453566,0.08506887,-0.20471206,0.20035481,0.03353107,0.53490454,0.09443541,0.00903905,0.36376625,-0.09723736,-0.19119401,-0.15480132,-0.20489967,-0.22835588,-0.05697611,-0.12007512,-0.24441309,0.11181819,-0.27038062,-0.37506253,0.269333,-0.2161473,4249000.06887873,0.11048345,0.14479117,0.08533881,-0.20834735,0.1989245,0.03201674,0.53340274,0.09124612,0.00540019,0.35459638,-0.10024083,-0.20161772,-0.15422477,-0.2043266,-0.22879113,-0.05739222,-0.11234193,-0.24195033,0.11117047,-0.26433566,-0.3752552,0.26807788,-0.21782859,4250000.07006249,0.11434437,0.14165802,0.08660888,-0.21106231,0.1988171,0.03293962,0.53661698,0.0918276,0.0049354,0.36111683,-0.09577489,-0.1956149,-0.15966444,-0.20936576,-0.2271616,-0.05620552,-0.11855567,-0.24599531,0.11730535,-0.2719467,-0.37528434,0.27137983,-0.21692856,4251000.06936125,0.11821169,0.14595972,0.08824656,-0.21583416,0.20245017,0.03102771,0.532561,0.09112126,0.00208884,0.35949585,-0.10244782,-0.20084728,-0.15662003,-0.20696048,-0.22738476,-0.05542796,-0.11557084,-0.24337405,0.11313757,-0.26726642,-0.37509927,0.2638863,-0.20997074,4252000.07294177,0.11933924,0.14806978,0.09185066,-0.21927765,0.20173182,0.02973633,0.53138089,0.09250028,-0.00045859,0.35954958,-0.10952611,-0.19702689,-0.15652364,-0.2103962,-0.22930518,-0.05755752,-0.13036634,-0.2472461,0.11377833,-0.25739393,-0.37517396,0.27070451,-0.21165878,4253000.07341193,0.12121054,0.14214763,0.09312394,-0.21913807,0.20706454,0.02920051,0.53139752,0.09467614,-0.00412878,0.36044386,-0.11114963,-0.19998163,-0.16655546,-0.2116725,-0.22813043,-0.05698466,-0.12042089,-0.24331316,0.103977,-0.26024193,-0.37358174,0.27379465,-0.2104736,4254000.0711002,0.11745555,0.14402793,0.08467798,-0.20288588,0.19769989,0.03479801,0.53275591,0.09361375,0.00487454,0.36274382,-0.10117946,-0.20354596,-0.15889604,-0.20987707,-0.22827232,-0.05526434,-0.12261491,-0.24623626,0.10655747,-0.262256,-0.37164742,0.27253398,-0.21360521,4255000.06851916,0.11225908,0.14337075,0.08216849,-0.19512054,0.19957855,0.04110231,0.53666615,0.09499762,0.01401404,0.3600294,-0.09432856,-0.20143411,-0.15173589,-0.20745799,-0.22497989,-0.04983107,-0.11735108,-0.24194048,0.11119573,-0.26459017,-0.36971304,0.27061918,-0.21119826,4256000.06878767,0.11498121,0.14670025,0.08687887,-0.20270099,0.19976948,0.03860385,0.53858602,0.09645509,0.00861712,0.36236861,-0.09857712,-0.19993742,-0.15493092,-0.20712708,-0.22496048,-0.04828785,-0.12078511,-0.23922235,0.11334218,-0.26965961,-0.3712537,0.25856861,-0.21657962,4257000.0691291,0.11485403,0.14333792,0.08744977,-0.20632324,0.1985244,0.03669936,0.53627831,0.0952981,0.00610524,0.36137295,-0.10565697,-0.19778055,-0.15107909,-0.2096087,-0.22407052,-0.05125112,-0.12299082,-0.24518,0.11392667,-0.25725514,-0.37215853,0.26227224,-0.20561843,4258000.07029948,0.11592158,0.14629993,0.08997356,-0.20456433,0.20023958,0.03430234,0.53695953,0.09625588,0.00530003,0.3604134,-0.10303223,-0.20250091,-0.14787951,-0.20791385,-0.22773086,-0.05462629,-0.13312088,-0.24309649,0.11085317,-0.26319063,-0.37296271,0.26984087,-0.20722656,4259000.07412761,0.11877477,0.15029445,0.09043776,-0.21291623,0.20157894,0.03564484,0.53521115,0.09439746,0.00202377,0.35890713,-0.10847708,-0.20914564,-0.15680504,-0.20881431,-0.2273856,-0.05175674,-0.12267601,-0.2453787,0.11278088,-0.26159188,-0.37271509,0.2733582,-0.21359016,4260000.07386324,0.11959519,0.15020882,0.09312181,-0.21368867,0.20205776,0.03355161,0.5331018,0.09395695,-0.00100687,0.35589945,-0.10962694,-0.19706063,-0.15948427,-0.20859279,-0.22759728,-0.05189678,-0.12406115,-0.24956378,0.10891014,-0.26171067,-0.37256026,0.26791731,-0.2110467,4261000.07414065,0.12135217,0.14949591,0.09425065,-0.2126784,0.20553994,0.03165389,0.53172654,0.09298223,-0.00292007,0.35622615,-0.1125847,-0.20036161,-0.16412909,-0.20970084,-0.22669002,-0.05090487,-0.12525703,-0.24355227,0.11143044,-0.26051089,-0.37243772,0.27437812,-0.21363579,4262000.07083052,0.11805505,0.14393905,0.08461175,-0.20239718,0.19977136,0.03657993,0.53179604,0.09351428,0.00510746,0.3466875,-0.10492318,-0.20725924,-0.15983352,-0.21098715,-0.22644997,-0.05043189,-0.13864636,-0.24235679,0.10611524,-0.26155651,-0.37015873,0.2719796,-0.20817098,4263000.06847367,0.11272983,0.14140092,0.08354128,-0.19859117,0.2022707,0.04352035,0.53379714,0.09662891,0.01270001,0.36259881,-0.09848593,-0.19577701,-0.15465267,-0.20840178,-0.22444949,-0.04351921,-0.11604811,-0.2425915,0.10947031,-0.26248431,-0.36819988,0.26316366,-0.21415457,4264000.07048135,0.11480309,0.14555793,0.08730825,-0.20244408,0.19966236,0.04402479,0.5341295,0.09635872,0.00784153,0.36330923,-0.10378664,-0.19995359,-0.15408771,-0.20919444,-0.22587904,-0.04593772,-0.10974368,-0.24382122,0.10815214,-0.26692393,-0.37128457,0.26860982,-0.2126309,4265000.06993961,0.11475208,0.14915158,0.08703827,-0.20325381,0.20254973,0.03921229,0.5358175,0.09498613,0.00366913,0.35115197,-0.10594144,-0.18491822,-0.15756379,-0.21390618,-0.22560589,-0.05201083,-0.11444099,-0.24170235,0.1080633,-0.26917046,-0.37272981,0.26538786,-0.21527739,4266000.07222641,0.116137,0.14584319,0.08856092,-0.20603846,0.20053247,0.0435424,0.53607529,0.09333479,0.0035323,0.35396978,-0.10498388,-0.20364842,-0.16204938,-0.21250162,-0.2251516,-0.05533803,-0.12778372,-0.24168323,0.11414126,-0.2584345,-0.37301192,0.26522982,-0.21530864,4267000.07186603,0.11629377,0.14638564,0.08935761,-0.21042915,0.1999467,0.03247176,0.53604144,0.09443,0.00113803,0.35444677,-0.11065071,-0.20810187,-0.16265276,-0.2174594,-0.22400542,-0.04952333,-0.11959526,-0.24372546,0.10808979,-0.26907045,-0.37478462,0.26424748,-0.21807893,4268000.07045433,0.12005442,0.14963757,0.09517071,-0.21045047,0.20136543,0.03638908,0.53350836,0.0946608,-0.0016229,0.34440568,-0.1122852,-0.20414135,-0.16342475,-0.21620728,-0.22541755,-0.05268144,-0.11832052,-0.24591467,0.10595039,-0.27027017,-0.37533098,0.2722218,-0.2144334,4269000.07334165,0.12026677,0.15075092,0.09537937,-0.20953345,0.20475364,0.03339005,0.53268063,0.09714129,-0.00320743,0.34664208,-0.11485151,-0.21341598,-0.16069466,-0.21380769,-0.22565401,-0.05025825,-0.12182648,-0.24612787,0.11501445,-0.25945821,-0.37526706,0.26341146,-0.21357769,4270000.07216951,0.114457,0.14741451,0.08684362,-0.19790076,0.20141926,0.03885266,0.53147894,0.09510837,0.00699559,0.35542431,-0.11030824,-0.21112823,-0.16232353,-0.21041563,-0.22333026,-0.05229693,-0.12456457,-0.23939626,0.11004118,-0.25017422,-0.37289301,0.27359438,-0.21635421,4271000.07035342,0.11582091,0.14504515,0.08634398,-0.19825682,0.19894515,0.04159419,0.53533703,0.09686375,0.00945981,0.35630766,-0.10654772,-0.19755726,-0.16264786,-0.20671153,-0.22461255,-0.04992303,-0.12032717,-0.2410598,0.10732723,-0.25998119,-0.37378857,0.26169646,-0.21637157,4272000.0708868,0.11654391,0.14627041,0.0877376,-0.20489012,0.20091198,0.04028115,0.53082412,0.09704498,0.00471038,0.35119566,-0.10974174,-0.19815128,-0.1595965,-0.21024379,-0.22532399,-0.05443809,-0.12477579,-0.24127029,0.10882437,-0.26476878,-0.37650803,0.26569301,-0.21801475,4273000.07136972,0.1129595,0.14088899,0.08838823,-0.20642424,0.20322216,0.04088526,0.53255546,0.09507607,0.00272196,0.34602138,-0.11269446,-0.20420331,-0.16380325,-0.21061049,-0.22728349,-0.04928279,-0.11848951,-0.24183892,0.10816544,-0.26207745,-0.37742448,0.26707184,-0.22079094,4274000.0718207,0.11592819,0.14541611,0.0903408,-0.20776543,0.20447394,0.04100434,0.53481084,0.09565748,0.00049393,0.35412809,-0.11526087,-0.20710258,-0.16419488,-0.21064116,-0.22486544,-0.05014921,-0.1258606,-0.24011734,0.11199459,-0.25781205,-0.3783569,0.27242067,-0.21827576,4275000.07249065,0.12062863,0.14664148,0.09158053,-0.2132341,0.2016048,0.03872153,0.53366154,0.09897366,-0.00110853,0.35462573,-0.11765918,-0.21262786,-0.16489606,-0.21482188,-0.22477685,-0.04946597,-0.12007805,-0.24326602,0.11813102,-0.25654179,-0.37793946,0.2688911,-0.21031424,4276000.07362506,0.12398615,0.1462142,0.09439317,-0.21301559,0.20031385,0.03707431,0.53307205,0.09704468,-0.00354377,0.35244644,-0.11549193,-0.21407698,-0.1626447,-0.21919122,-0.22461122,-0.04833479,-0.12256842,-0.2428433,0.11350371,-0.2670278,-0.3777568,0.27205476,-0.21472189,4277000.0737605,0.11797949,0.14302838,0.09188698,-0.20842688,0.2002427,0.03834904,0.52973461,0.09572689,0.00204786,0.34866077,-0.10997095,-0.21446317,-0.17299218,-0.21190898,-0.22565067,-0.04926286,-0.12582399,-0.24211465,0.10887292,-0.25952518,-0.37744504,0.27094576,-0.21903515,4278000.06976149,0.11695271,0.14319633,0.08439907,-0.19520597,0.19973125,0.04467774,0.52831787,0.09508619,0.01173686,0.33533016,-0.10866409,-0.2071135,-0.16220908,-0.20660101,-0.22512281,-0.04950783,-0.12183014,-0.24036366,0.11160249,-0.25355983,-0.37643558,0.26199871,-0.21532391,4279000.07231702,0.11859562,0.14495762,0.08717976,-0.20181246,0.19830631,0.04587181,0.53236902,0.09581695,0.00808098,0.34932593,-0.10845128,-0.21168403,-0.16046175,-0.20808099,-0.22603764,-0.05104303,-0.12303012,-0.24231973,0.11250377,-0.25254375,-0.37836435,0.27183744,-0.21914555,4280000.07372154,0.11795688,0.14168355,0.09063832,-0.20386755,0.20033841,0.03861704,0.53044653,0.09421553,0.00439846,0.35863897,-0.11283394,-0.21216196,-0.16154845,-0.2120138,-0.22550698,-0.05244963,-0.1351838,-0.24170464,0.10912623,-0.25932831,-0.38139471,0.27519295,-0.21537124,4281000.07390849,0.1190606,0.14125477,0.09005325,-0.20474733,0.20072629,0.0404021,0.53540194,0.09487896,0.00411577,0.35792363,-0.11134133,-0.20926681,-0.16063662,-0.20953813,-0.22689156,-0.04852768,-0.12262328,-0.24365918,0.11265592,-0.265939,-0.38084176,0.27493033,-0.22466679,4282000.0743598,0.11849324,0.14441694,0.09137286,-0.20686634,0.20237654,0.0384053,0.53432959,0.09395432,0.00155222,0.35389811,-0.10981949,-0.21684833,-0.15956929,-0.21371606,-0.22650716,-0.05199683,-0.1147913,-0.24060926,0.11375872,-0.26448548,-0.38040087,0.27043203,-0.21732956,4283000.07219435,0.12067336,0.1468423,0.09405804,-0.21176165,0.20392098,0.03445623,0.53264606,0.09534898,0.00080646,0.34478614,-0.11298302,-0.22454461,-0.16625382,-0.21314421,-0.2272573,-0.05058181,-0.11442576,-0.24348508,0.11180127,-0.26812872,-0.38038048,0.2693769,-0.21776809,4284000.07325127,0.1255323,0.14670025,0.09202926,-0.20975092,0.20506015,0.03775148,0.53097481,0.09365912,-0.00165461,0.33837974,-0.11041377,-0.20341282,-0.16102116,-0.2169175,-0.22724584,-0.04969457,-0.12690665,-0.24363624,0.11330099,-0.26702732,-0.38100323,0.27088991,-0.21178429,4285000.06988414,0.11558774,0.14399657,0.08309247,-0.19490001,0.2055185,0.04191718,0.53223354,0.09505457,0.00887301,0.34737283,-0.10661609,-0.20997298,-0.16406995,-0.21272103,-0.22604567,-0.05366336,-0.11757748,-0.24213284,0.11322632,-0.26060206,-0.38005608,0.27389678,-0.21509962,4286000.07223965,0.11612558,0.14185505,0.08013495,-0.19994482,0.19997963,0.04129605,0.53178138,0.09768276,0.01341833,0.34605244,-0.10502711,-0.20704572,-0.16346268,-0.21175124,-0.22449833,-0.05085164,-0.11788279,-0.24262266,0.11107759,-0.25843418,-0.38214079,0.26865545,-0.22059719,4287000.06942503,0.11825275,0.14224884,0.08283649,-0.20460041,0.19967464,0.03915494,0.5316847,0.09587058,0.00767523,0.34532022,-0.10825974,-0.2208993,-0.15974985,-0.20749642,-0.22587843,-0.05023956,-0.12316231,-0.24280852,0.10988288,-0.26748717,-0.38198417,0.26167518,-0.22274517,4288000.07048625,0.11527382,0.14116627,0.08416708,-0.20590921,0.19790615,0.03826896,0.53562349,0.09344327,0.00499975,0.34717757,-0.10994659,-0.21371782,-0.15908469,-0.21071029,-0.22789313,-0.05353661,-0.12309059,-0.24257742,0.1082718,-0.26856536,-0.38393924,0.26453435,-0.21912895,4289000.07012633,0.11249001,0.14355902,0.08827304,-0.20765255,0.20254219,0.03971906,0.53503376,0.0950183,0.00403129,0.3549729,-0.11427911,-0.21721667,-0.16716412,-0.21328206,-0.2293175,-0.05119763,-0.10236207,-0.24309151,0.11367236,-0.26845822,-0.38414726,0.27396882,-0.2151204,4290000.07113753,0.11882684,0.14250626,0.09021261,-0.21210667,0.20109767,0.04212303,0.53284961,0.0934267,0.00022661,0.34988877,-0.11756679,-0.21405387,-0.17051147,-0.2135306,-0.22972929,-0.05919143,-0.12490325,-0.24552363,0.11412921,-0.2715604,-0.3854259,0.26954955,-0.22012107,4291000.07442418,0.11807495,0.1429373,0.09196155,-0.21333973,0.20278172,0.0359858,0.53598464,0.09254993,-0.00194061,0.33912063,-0.11583629,-0.21698798,-0.17715245,-0.21223065,-0.23069094,-0.05637637,-0.12610045,-0.24584655,0.1088248,-0.26411033,-0.38531557,0.27215311,-0.22239558,4292000.0743276,0.11656474,0.14268415,0.08934731,-0.21275119,0.20047446,0.03087875,0.53081143,0.09174774,-0.00033092,0.337264,-0.11299752,-0.21089557,-0.1758981,-0.21783012,-0.2283517,-0.05650777,-0.13326631,-0.24344207,0.1104961,-0.26250666,-0.38491291,0.2733286,-0.2196274,4293000.06867844,0.1158718,0.14111599,0.0814091,-0.20332466,0.19908527,0.04337021,0.53179556,0.0948256,0.0122172,0.34995142,-0.10548544,-0.21718392,-0.16748583,-0.21405451,-0.22523108,-0.05915743,-0.1262078,-0.24583675,0.12119483,-0.27399528,-0.38350961,0.26443699,-0.21759216,4294000.06623923,0.11705413,0.14458223,0.08249893,-0.20192622,0.2029677,0.04165424,0.53497851,0.09509629,0.01019623,0.35011059,-0.10589661,-0.21875764,-0.16375305,-0.2123737,-0.22855763,-0.0566167,-0.11418425,-0.24353927,0.11401257,-0.26645026,-0.3853839,0.27052373,-0.22293665,4295000.06848203,0.11597244,0.14640705,0.08633342,-0.20678006,0.20276898,0.03738705,0.53347749,0.09418181,0.00512714,0.34846318,-0.11510106,-0.22346777,-0.17583865,-0.21361658,-0.23061101,-0.06185332,-0.12014421,-0.24649914,0.11945102,-0.26884517,-0.38639554,0.26504087,-0.22506894,4296000.0682636,0.11244884,0.14244562,0.08498305,-0.21192178,0.20677967,0.03481613,0.53496611,0.09254561,0.00275727,0.34616047,-0.11804714,-0.21956548,-0.17965032,-0.21363632,-0.23264349,-0.05885112,-0.11405461,-0.24611972,0.11458649,-0.26958275,-0.38763559,0.26604906,-0.22119185,4297000.0753333,0.11601158,0.14378138,0.0870023,-0.21440205,0.20197658,0.02971696,0.53511536,0.09269757,0.00115298,0.34838933,-0.12017744,-0.22103103,-0.17457357,-0.21261205,-0.23216529,-0.06281756,-0.11921959,-0.2456717,0.11354498,-0.2705954,-0.38839477,0.26890311,-0.2239466,4298000.0709556,0.11910836,0.14612146,0.08997356,-0.21534489,0.20307483,0.02864019,0.5330804,0.09304789,-0.00146091,0.35202673,-0.12005149,-0.22401299,-0.1838256,-0.21373875,-0.23337537,-0.06694524,-0.13181546,-0.24911661,0.11133592,-0.26820993,-0.38905427,0.27343717,-0.22516198,4299000.0719168,0.12034611,0.14880747,0.09292863,-0.22142467,0.20531337,0.03059557,0.53380126,0.09413794,-0.00409186,0.33911759,-0.11951698,-0.22751549,-0.17847109,-0.21119185,-0.23362899,-0.06805813,-0.13657635,-0.24666035,0.11427646,-0.27559504,-0.38774785,0.27292353,-0.22098912,4300000.0721302,0.11210407,0.14470392,0.08710928,-0.21345112,0.20410725,0.03295108,0.5328213,0.09254488,-0.00096423,0.3369202,-0.11699886,-0.22866067,-0.18144308,-0.21420553,-0.23439857,-0.06541491,-0.12356469,-0.24603984,0.11380753,-0.27257213,-0.38636088,0.26749033,-0.2172787,4301000.07066807,0.10965156,0.14455859,0.07742917,-0.20430139,0.20213708,0.0391886,0.53343731,0.09368861,0.0090155,0.34791088,-0.10847341,-0.22121955,-0.1752369,-0.21047032,-0.23011439,-0.07006633,-0.13043393,-0.24356747,0.10900576,-0.26507193,-0.38444248,0.262696,-0.22225286,4302000.0674536,0.11207815,0.14418304,0.08203905,-0.2117486,0.20236887,0.04183025,0.53245729,0.09286655,0.00601456,0.34940872,-0.1088085,-0.21432984,-0.17760716,-0.20942935,-0.23242635,-0.06819168,-0.12586726,-0.24708153,0.11167367,-0.27374166,-0.3873758,0.26581028,-0.22277807,4303000.07055005,0.11522261,0.14780545,0.08489104,-0.21336131,0.2077935,0.03097257,0.53814185,0.09168563,0.00211128,0.35492113,-0.11342297,-0.21549015,-0.18188418,-0.21360497,-0.23458757,-0.06758665,-0.1165668,-0.24850512,0.11335358,-0.26217991,-0.38960978,0.26873198,-0.22242925,4304000.06997151,0.11374713,0.14455198,0.0845597,-0.2171911,0.20510677,0.03425862,0.53617448,0.09078944,0.00126647,0.34746689,-0.11393027,-0.22726797,-0.18505496,-0.21709435,-0.23536462,-0.06823173,-0.12122664,-0.24907684,0.10853907,-0.27116826,-0.39069539,0.26333588,-0.22442959,4305000.06967549,0.11496779,0.14971973,0.08565768,-0.22134474,0.20299563,0.0257097,0.53622323,0.09252409,-0.00015245,0.34296554,-0.11949687,-0.24329287,-0.18160298,-0.21536896,-0.23709205,-0.07579779,-0.12781422,-0.24560252,0.10807489,-0.27421102,-0.38984674,0.26405132,-0.22340429,4306000.07285117,0.11350185,0.14900604,0.08784822,-0.22375542,0.20633297,0.02782858,0.53601843,0.09131535,-0.00276969,0.34427693,-0.12074143,-0.24102633,-0.18427196,-0.21444242,-0.2354189,-0.07536712,-0.12096709,-0.24781723,0.11955455,-0.27152613,-0.38987079,0.26624596,-0.22851439,4307000.07216228,0.11566414,0.14812358,0.08953427,-0.2240912,0.20819314,0.03315315,0.53136706,0.0919274,-0.00551151,0.34385103,-0.11877153,-0.22659743,-0.18439195,-0.21813831,-0.23598662,-0.07795341,-0.13552572,-0.24718952,0.11633922,-0.26993668,-0.38967812,0.27004617,-0.22759052,4308000.07122831,0.11227415,0.14094198,0.07946233,-0.21364805,0.20013601,0.03894931,0.53192592,0.09461919,0.00392665,0.35026529,-0.11239666,-0.21844777,-0.19434513,-0.21372363,-0.23508339,-0.07156895,-0.14503987,-0.24585758,0.11367247,-0.27346835,-0.38769579,0.26820299,-0.23375827,4309000.07035853,0.11032186,0.14421323,0.07993789,-0.21660753,0.2019639,0.03599087,0.53429085,0.09428164,0.00792514,0.34450418,-0.10974813,-0.22786584,-0.19051953,-0.21222599,-0.23605499,-0.07437103,-0.13783495,-0.24658212,0.10994325,-0.27109417,-0.38672912,0.25876176,-0.2277679,4310000.06807694,0.11065728,0.14780366,0.0834308,-0.2189773,0.2064864,0.03358904,0.53680187,0.09299137,0.00296293,0.34608772,-0.11363908,-0.23110461,-0.18483151,-0.21095844,-0.23670748,-0.07555785,-0.129412,-0.25146094,0.1072316,-0.27977115,-0.38817608,0.26540396,-0.22720088,4311000.07150256,0.10942676,0.1468364,0.08241916,-0.21785538,0.20528005,0.03244542,0.53264928,0.08888882,0.00226573,0.35044619,-0.11234929,-0.23366278,-0.1803733,-0.21457106,-0.23846924,-0.0777081,-0.12565091,-0.24939422,0.10955475,-0.2749148,-0.38792908,0.26202312,-0.2271075,4312000.07069131,0.11059763,0.14603759,0.08627187,-0.22356331,0.20316148,0.03605157,0.53747833,0.09015468,0.00102318,0.35148066,-0.11122909,-0.22470455,-0.18373232,-0.21433127,-0.23771915,-0.0742565,-0.13812667,-0.24816696,0.10574064,-0.27531174,-0.38913459,0.26609614,-0.22892912,4313000.06937951,0.10841769,0.14526901,0.08873357,-0.22562267,0.20390786,0.02520406,0.53343958,0.09193163,-0.00118745,0.34978485,-0.1177616,-0.22493103,-0.19452196,-0.21427357,-0.23868772,-0.07563694,-0.13513227,-0.25114384,0.10569611,-0.27204308,-0.38838294,0.26623344,-0.23085336,4314000.0704224,0.11534663,0.14835022,0.08938869,-0.2292493,0.20563278,0.02335014,0.5314486,0.09160067,-0.00426443,0.34595057,-0.11936557,-0.22586156,-0.19261259,-0.2201927,-0.23885231,-0.08190154,-0.13197134,-0.25351465,0.11118124,-0.26748157,-0.3861486,0.26687962,-0.2258708,4315000.07269069,0.11026706,0.14558753,0.08606565,-0.22031945,0.20133957,0.02885762,0.53255451,0.09380719,0.00005963,0.34500685,-0.11330692,-0.22290139,-0.19209577,-0.21744828,-0.23760955,-0.07827185,-0.14675148,-0.24452852,0.10987602,-0.26921216,-0.38487446,0.26265505,-0.22561689,4316000.07010794,0.11040065,0.14251077,0.0792352,-0.21070786,0.20073406,0.03441791,0.53401834,0.09312727,0.01043653,0.35092202,-0.10584719,-0.2298824,-0.18715155,-0.21485691,-0.23494551,-0.07888731,-0.13578402,-0.24633969,0.10488539,-0.26491854,-0.38254499,0.26377946,-0.22231953,4317000.07001702,0.10849161,0.14233205,0.08056843,-0.21846572,0.1985244,0.03629496,0.53415465,0.09134913,0.0071678,0.36128566,-0.10649771,-0.21875861,-0.18734881,-0.21349913,-0.23640881,-0.08009079,-0.13016739,-0.24714012,0.1113587,-0.27329397,-0.38437817,0.26411414,-0.23622371,4318000.07134284,0.11067118,0.13914299,0.08309975,-0.21787655,0.19950138,0.02846593,0.53604406,0.09081351,0.00379144,0.35398197,-0.10965456,-0.23652689,-0.19240795,-0.21403538,-0.23882607,-0.0793701,-0.12460899,-0.24863593,0.10639484,-0.27353811,-0.38551164,0.26229531,-0.23999023,4319000.0695662,0.11001129,0.14518318,0.08360892,-0.22031523,0.19888288,0.02402927,0.53434598,0.09228479,0.00374309,0.34472388,-0.1110315,-0.22967139,-0.19305468,-0.21729903,-0.23916218,-0.08298544,-0.12178811,-0.2503022,0.10323836,-0.27423903,-0.38565138,0.26569974,-0.23409221,4320000.0706041,0.11645503,0.14344297,0.08581709,-0.22472681,0.19902323,0.02744017,0.53453451,0.09185051,0.0001534,0.34704822,-0.10982133,-0.22766007,-0.19134949,-0.21470843,-0.23834051,-0.07862784,-0.13511656,-0.24792428,0.10979922,-0.27961776,-0.38495037,0.27263191,-0.23124462,4321000.06936125,0.1143399,0.14387217,0.08732606,-0.23151164,0.19954281,0.02557608,0.53402758,0.09026493,-0.00173114,0.35154596,-0.11238349,-0.23265401,-0.19299231,-0.21530938,-0.23912609,-0.08166353,-0.12991965,-0.25247148,0.11237492,-0.2754721,-0.3845275,0.27011591,-0.21999982,4322000.06957981,0.11544532,0.14567325,0.09026459,-0.23253396,0.20205051,0.02642065,0.53508818,0.09039026,-0.0031916,0.35059428,-0.11606713,-0.23180453,-0.19453529,-0.22256589,-0.24004179,-0.08497927,-0.1332074,-0.24896131,0.10931517,-0.27160466,-0.38381615,0.27339745,-0.22346915,4323000.06924704,0.110662,0.1427698,0.08285387,-0.21494757,0.20544593,0.03692119,0.53572518,0.09152044,0.00502295,0.35105795,-0.10698405,-0.23488888,-0.19658145,-0.21638964,-0.23850925,-0.0836227,-0.13701643,-0.24891533,0.10719004,-0.27029261,-0.38094375,0.26646146,-0.22724909,4324000.06625329,0.10450172,0.14196365,0.07943659,-0.21485844,0.20323521,0.03609963,0.53398156,0.09174705,0.01060334,0.34999758,-0.10544426,-0.22842281,-0.19390203,-0.21185018,-0.23715712,-0.0878216,-0.13487913,-0.25004235,0.10906564,-0.27696612,-0.380914,0.26524961,-0.22527649,4325000.06643977,0.10488338,0.14079531,0.07919747,-0.22061548,0.1991338,0.03289798,0.53210604,0.09435663,0.00618803,0.34863284,-0.10731616,-0.23200004,-0.19912557,-0.21482456,-0.2388503,-0.08155193,-0.12616484,-0.244892,0.10703871,-0.28064582,-0.38248974,0.26461515,-0.22396471,4326000.06772745,0.11242371,0.14184737,0.08163537,-0.22366096,0.19875421,0.03038377,0.53467011,0.09172121,0.00339921,0.35413125,-0.11318196,-0.23655555,-0.2004413,-0.21239041,-0.24145396,-0.08265416,-0.13886803,-0.24880312,0.10814333,-0.2797963,-0.38338292,0.26428595,-0.22626378,4327000.06953876,0.11318716,0.14287227,0.08470082,-0.22607538,0.20134927,0.02884369,0.53448832,0.09020188,0.00042496,0.35057443,-0.1117705,-0.22388914,-0.19392249,-0.21189149,-0.24080431,-0.08391336,-0.14490856,-0.2534197,0.10660785,-0.27514073,-0.38323009,0.26270083,-0.22986531,4328000.07190339,0.11026829,0.14167845,0.08630807,-0.22830582,0.1989695,0.02800823,0.53422117,0.08981154,-0.00194551,0.34604818,-0.1194725,-0.22926354,-0.19576076,-0.21315999,-0.24193746,-0.08744777,-0.13314755,-0.25024202,0.10661235,-0.27775216,-0.38278762,0.2641618,-0.22998415,4329000.07196218,0.11527798,0.14530069,0.0911027,-0.23412195,0.20571315,0.02759912,0.53784311,0.08925009,-0.00422205,0.34341708,-0.11626361,-0.22936557,-0.20017721,-0.21336778,-0.2415463,-0.09008874,-0.14396632,-0.25156635,0.1087363,-0.27686584,-0.38250399,0.26805586,-0.23334847,4330000.07007599,0.11308392,0.1497784,0.09137589,-0.23351856,0.20456055,0.01980591,0.5324682,0.09140494,-0.00627275,0.34550622,-0.11421803,-0.23354764,-0.20050789,-0.21833237,-0.24298753,-0.09068836,-0.14052503,-0.25348935,0.10877047,-0.27763477,-0.38169432,0.27159807,-0.22541712,4331000.07022537,0.11121234,0.14909498,0.08763878,-0.22771181,0.20199133,0.0267794,0.53530425,0.08978292,-0.00338232,0.35214037,-0.11306076,-0.23583966,-0.20344919,-0.21489444,-0.24072434,-0.09066699,-0.14622918,-0.25278994,0.10713919,-0.27013621,-0.37923795,0.27055418,-0.21875781,4332000.06716355,0.10944068,0.14476161,0.0795484,-0.21309993,0.19948474,0.0292429,0.53580213,0.0929062,0.00862125,0.34786004,-0.10536468,-0.2306364,-0.19758913,-0.21334636,-0.23949116,-0.08465098,-0.13968061,-0.24948771,0.10775801,-0.2698729,-0.37778541,0.26797637,-0.2204071,4333000.06970265,0.11176038,0.14572607,0.08147597,-0.2212933,0.19943553,0.03238635,0.53554469,0.09356569,0.00696569,0.35366806,-0.10377321,-0.22402234,-0.19420335,-0.21269745,-0.24156411,-0.08945318,-0.13391232,-0.24995102,0.10874218,-0.27740461,-0.37947279,0.26649252,-0.22036266,4334000.06869212,0.11206925,0.14883284,0.08425911,-0.22383179,0.19970755,0.02890855,0.5346247,0.09228984,-0.00010979,0.357393,-0.10868853,-0.22771414,-0.19569652,-0.21286467,-0.24405654,-0.08605143,-0.13803075,-0.2514286,0.10758791,-0.27210587,-0.38213506,0.26203787,-0.22899871,4335000.06856921,0.11199359,0.14446607,0.08368867,-0.22579743,0.20230269,0.02831067,0.53770447,0.09320128,0.00057548,0.35498029,-0.11143104,-0.22684772,-0.20119594,-0.21303929,-0.24269468,-0.0833177,-0.13657692,-0.24949816,0.10666583,-0.27649048,-0.38251543,0.26839444,-0.22642784,4336000.07177535,0.11193129,0.14906368,0.08225437,-0.22566812,0.19999164,0.02521281,0.53478992,0.09434405,-0.00174254,0.34659582,-0.11509148,-0.22616121,-0.19790715,-0.21394365,-0.24190728,-0.09223106,-0.13915947,-0.25142118,0.10950945,-0.28005478,-0.38261434,0.26336348,-0.22760774,4337000.07319289,0.11528888,0.14763542,0.08736148,-0.23337033,0.20003334,0.02160813,0.53525501,0.09187023,-0.00381466,0.35295188,-0.11583882,-0.2244679,-0.19554512,-0.2176891,-0.24151981,-0.08820894,-0.1437092,-0.25125986,0.11133277,-0.27486694,-0.38282299,0.26807788,-0.23433907,4338000.07347032,0.11484673,0.15097778,0.08988699,-0.23569648,0.20473373,0.02319434,0.53577447,0.09312287,-0.00605157,0.35607496,-0.11714068,-0.22909667,-0.19987753,-0.21838105,-0.242321,-0.09205005,-0.13820328,-0.24914977,0.11700447,-0.28227639,-0.38211933,0.27045134,-0.23190422,4339000.0723111,0.11351542,0.1476678,0.08760764,-0.23021886,0.20555198,0.02747748,0.53539729,0.09297545,-0.00521001,0.34235811,-0.11409639,-0.23420326,-0.19796434,-0.2150179,-0.24284151,-0.09319307,-0.14473423,-0.25301072,0.11951228,-0.27517655,-0.3809886,0.27258819,-0.22097814,4340000.06982541,0.10794654,0.14416157,0.07878985,-0.22121577,0.20379464,0.03033481,0.53608978,0.09394652,0.00719509,0.35764974,-0.10916927,-0.23125716,-0.19316332,-0.21447311,-0.23920171,-0.087869,-0.13414298,-0.25025222,0.11105645,-0.2740621,-0.37838838,0.26533145,-0.22202554,4341000.07085481,0.11317601,0.14464021,0.08150097,-0.22203173,0.2016836,0.02724411,0.53629839,0.09413753,0.00649851,0.3557215,-0.1054882,-0.22631876,-0.19077618,-0.21452831,-0.24012269,-0.08666438,-0.13773605,-0.25000703,0.1085963,-0.28417033,-0.3806434,0.26709431,-0.2260581,4342000.07256804,0.11323925,0.15192026,0.08403702,-0.22735581,0.20435406,0.02737562,0.53470498,0.09281213,0.0008583,0.34380296,-0.10868132,-0.21784756,-0.19067413,-0.21664877,-0.24144931,-0.0804875,-0.14250971,-0.24984047,0.10706406,-0.28275183,-0.38270646,0.26286957,-0.2340205,4343000.07102815,0.11881611,0.1496926,0.08622477,-0.22773844,0.203062,0.02590768,0.53472465,0.09354158,0.00016342,0.34579703,-0.11094473,-0.23010539,-0.19605158,-0.20973274,-0.24123211,-0.08615939,-0.13370863,-0.25182548,0.10731771,-0.28123042,-0.3823171,0.25959691,-0.22990105,4344000.07238118,0.11489355,0.14324817,0.0867951,-0.22958542,0.20314108,0.02796007,0.53519922,0.09430867,-0.00123879,0.34035614,-0.11280396,-0.23034765,-0.19378918,-0.21803227,-0.24193007,-0.08962867,-0.14409894,-0.25284693,0.10643131,-0.28050372,-0.38241696,0.25874361,-0.22948991,4345000.07307746,0.1153147,0.14704068,0.08862069,-0.23330125,0.20380113,0.02797255,0.5379535,0.09589113,-0.00442657,0.35113028,-0.11551501,-0.23151015,-0.1974683,-0.21648242,-0.24063499,-0.08702419,-0.14408155,-0.25308567,0.10087197,-0.28109264,-0.3827948,0.2627466,-0.22389063,4346000.07259431,0.1170191,0.15000869,0.09230106,-0.236609,0.20489337,0.02575419,0.53800911,0.09367464,-0.00568619,0.34536761,-0.1154546,-0.23632114,-0.19507354,-0.21948186,-0.24393871,-0.08494707,-0.14500596,-0.25312221,0.11204766,-0.27849147,-0.38153014,0.26613218,-0.22311632,4347000.07002544,0.11834211,0.14598902,0.08731005,-0.22660685,0.20249027,0.02367711,0.53740662,0.09512082,-0.00057966,0.34858075,-0.1121516,-0.23120899,-0.19094977,-0.21724907,-0.24216947,-0.08526276,-0.1461252,-0.24961907,0.10431636,-0.2714211,-0.38022026,0.26310709,-0.23107472,4348000.06898797,0.11284517,0.14675771,0.08075362,-0.21786986,0.2020376,0.02793564,0.53744882,0.09528892,0.00874978,0.34656951,-0.10329779,-0.22719881,-0.18388547,-0.21647853,-0.24025264,-0.08571368,-0.15038946,-0.25011531,0.10177765,-0.28382823,-0.378461,0.26033297,-0.22656026,4349000.06866025,0.11405062,0.15220679,0.08408579,-0.22389962,0.20444714,0.02950841,0.53592598,0.09632051,0.00662949,0.343835,-0.10611425,-0.23049574,-0.18417083,-0.21393014,-0.24048506,-0.08377563,-0.13723636,-0.25113323,0.10843184,-0.28998235,-0.38038427,0.25843924,-0.22797596,4350000.07006249,0.1180084,0.14632657,0.08540264,-0.22626363,0.20521978,0.03234633,0.53711838,0.09632883,0.00145971,0.35492188,-0.10806764,-0.22843693,-0.1878112,-0.21831298,-0.24153845,-0.0840693,-0.13142146,-0.24969658,0.10745671,-0.28143442,-0.38098413,0.26493624,-0.23310915,4351000.07178865,0.11524767,0.14763838,0.08765262,-0.23117907,0.20466708,0.02887048,0.53545785,0.09639739,0.00125126,0.3441335,-0.10965126,-0.23263025,-0.1855486,-0.21923298,-0.24087165,-0.08541867,-0.13492259,-0.25061068,0.11001124,-0.27467206,-0.38279977,0.26336709,-0.22798461,4352000.07234324,0.11991367,0.14772636,0.09041236,-0.22766529,0.20284955,0.03189045,0.53449744,0.09626783,-0.00029143,0.35137188,-0.11288462,-0.23785506,-0.18073323,-0.21758971,-0.23942159,-0.08485768,-0.12999538,-0.25177759,0.10860183,-0.28017014,-0.38176322,0.26826569,-0.2282401,4353000.07156982,0.12232956,0.15089373,0.0927613,-0.22896717,0.20684378,0.0259307,0.53706753,0.09491561,-0.00260098,0.35648665,-0.11126577,-0.22955875,-0.17741601,-0.22222297,-0.24072194,-0.08311199,-0.13577762,-0.25126597,0.10992985,-0.27689561,-0.38199839,0.26730457,-0.2279468,4354000.07426935,0.12136345,0.15000938,0.09176432,-0.22937644,0.2039068,0.02834685,0.53661227,0.09600049,-0.00414878,0.35610288,-0.10779174,-0.23118478,-0.18448041,-0.22033623,-0.23989592,-0.08014686,-0.137955,-0.25394318,0.11143513,-0.27003935,-0.3793976,0.26855269,-0.22674097,4355000.07194427,0.12004504,0.14428356,0.08308818,-0.21351255,0.20533663,0.03313677,0.53538388,0.09889308,0.0079295,0.34142733,-0.10116138,-0.22789472,-0.18408564,-0.21957305,-0.23788185,-0.07836777,-0.13041502,-0.25169504,0.10232337,-0.2671814,-0.37738809,0.26135981,-0.23017517,4356000.07436621,0.11801705,0.14029393,0.08496488,-0.21378665,0.20372796,0.03533484,0.53610927,0.10084166,0.01074432,0.35415617,-0.10318468,-0.22439753,-0.17415835,-0.21506797,-0.23817879,-0.07310203,-0.14041123,-0.24549651,0.10695056,-0.26842421,-0.37991381,0.26164132,-0.22599344,4357000.07309044,0.11660073,0.14487535,0.08591076,-0.22043322,0.20269653,0.03352902,0.53661042,0.09959754,0.00652513,0.34461078,-0.10277495,-0.22324084,-0.1737376,-0.21052502,-0.23810168,-0.07521012,-0.13616185,-0.24344097,0.11150991,-0.26689395,-0.38082385,0.26981571,-0.22947158,4358000.07405693,0.11626783,0.14219792,0.08679893,-0.22345851,0.20293605,0.03000477,0.53573424,0.09968114,0.00404177,0.36484846,-0.10433561,-0.23104745,-0.17806932,-0.21336739,-0.23861811,-0.0733481,-0.12544769,-0.24887751,0.10605189,-0.27417693,-0.38324308,0.26464245,-0.23169927,4359000.07334165,0.11849771,0.14570272,0.08938153,-0.22161864,0.20361483,0.03236899,0.53670263,0.09767896,0.00376728,0.34950605,-0.09839931,-0.22145851,-0.1692895,-0.21708298,-0.23743559,-0.07621617,-0.13705941,-0.24985623,0.10989711,-0.27605408,-0.38370419,0.2677463,-0.23602302,4360000.07513346,0.12014332,0.14906786,0.0912865,-0.229138,0.20344853,0.03424461,0.53622764,0.09911563,0.00198978,0.33701831,-0.10329689,-0.22852811,-0.17333515,-0.21532905,-0.23764317,-0.07778361,-0.1293536,-0.24496897,0.10555416,-0.27557543,-0.38244435,0.27446178,-0.23000737,4361000.07490726,0.12149054,0.14468005,0.09565077,-0.23128054,0.20524511,0.03445503,0.53633034,0.10087895,-0.00080581,0.35152414,-0.10468443,-0.21912469,-0.17059071,-0.21856868,-0.23685862,-0.07640646,-0.12539253,-0.24243906,0.10916688,-0.27589431,-0.38289243,0.27193105,-0.22772643,4362000.07392099,0.12016863,0.14536452,0.08932535,-0.22029433,0.20289533,0.03531491,0.53378421,0.09966938,0.00326437,0.35120711,-0.09416013,-0.22441152,-0.17064941,-0.21702568,-0.23617728,-0.07528206,-0.14489403,-0.24623646,0.10664453,-0.26841238,-0.38162059,0.27466881,-0.22790277,4363000.07067594,0.11693671,0.14228921,0.0838781,-0.2126296,0.20065486,0.03918135,0.5340783,0.10313201,0.01365987,0.35164261,-0.09243958,-0.22461656,-0.16861725,-0.21331301,-0.23261949,-0.06981215,-0.13703233,-0.24439864,0.10753287,-0.26929548,-0.38132855,0.26361519,-0.22771505,4364000.07372827,0.1178796,0.14251077,0.086989,-0.22007981,0.20220333,0.03882426,0.53515524,0.10299948,0.01142448,0.3403489,-0.09434139,-0.21043611,-0.1714205,-0.21357149,-0.23316817,-0.06980097,-0.12582265,-0.2477053,0.10192736,-0.26936063,-0.3825568,0.26543248,-0.22972447,4365000.07443074,0.11717736,0.14450447,0.08879374,-0.22291429,0.20210394,0.03494611,0.5330078,0.10353028,0.00688398,0.34317538,-0.09753066,-0.22450323,-0.16863659,-0.21690625,-0.23372015,-0.06826704,-0.11844548,-0.24386705,0.10536879,-0.27077633,-0.38466358,0.26183277,-0.23235784,4366000.07494649,0.12067416,0.1427937,0.08961715,-0.22263354,0.20139854,0.03632624,0.53326929,0.10519456,0.00529695,0.34514216,-0.10094773,-0.22941433,-0.17053758,-0.2216603,-0.23233077,-0.07189201,-0.13818035,-0.24307898,0.10746963,-0.27101636,-0.38512859,0.26844931,-0.23378398,4367000.07420501,0.11899893,0.14721213,0.09066526,-0.22668435,0.2015513,0.03362932,0.53334641,0.10309967,0.00453727,0.34486568,-0.10223513,-0.21698003,-0.17201298,-0.21813899,-0.23403297,-0.07210274,-0.13363394,-0.24288282,0.11326914,-0.27727148,-0.38531476,0.27140996,-0.22967632,4368000.07392152,0.12413897,0.14755388,0.09457017,-0.22807306,0.20637235,0.03011446,0.53478211,0.10093482,0.00189385,0.33656403,-0.10178464,-0.23134783,-0.16819583,-0.21959741,-0.2345484,-0.07562775,-0.12818636,-0.24748413,0.10961369,-0.27727318,-0.38498652,0.26783648,-0.22635114,4369000.07595878,0.12316147,0.14906667,0.0967624,-0.2286846,0.20644492,0.03940089,0.5346182,0.10310848,-0.00095698,0.34983528,-0.10019431,-0.22500242,-0.17373212,-0.21955176,-0.23352247,-0.07556734,-0.1330235,-0.24476665,0.11087913,-0.27319372,-0.38488749,0.27523822,-0.22865668,4370000.07419207,0.12098058,0.14556196,0.08914821,-0.2162692,0.2056101,0.03926576,0.53196454,0.10181814,0.00821343,0.34623098,-0.09331201,-0.22561723,-0.16658978,-0.21894115,-0.23082995,-0.07639015,-0.13120861,-0.243662,0.10527783,-0.26749927,-0.38265282,0.26655838,-0.22527529,4371000.07237537,0.11922061,0.14456046,0.08841331,-0.2171424,0.20768431,0.04413766,0.53453833,0.10591725,0.01434101,0.3553783,-0.08977072,-0.22196005,-0.15604973,-0.21549326,-0.22806115,-0.07092931,-0.12033835,-0.24577223,0.10521686,-0.26820993,-0.38347885,0.27289352,-0.22597967,4372000.07456595,0.12354789,0.14452864,0.08896677,-0.21905543,0.20759253,0.04429018,0.53560549,0.10466643,0.00909754,0.35267118,-0.0893172,-0.21665542,-0.15608032,-0.21885078,-0.23177782,-0.0707131,-0.1244026,-0.24566978,0.10764685,-0.26886702,-0.386805,0.26745576,-0.23155913,4373000.07166592,0.1186164,0.14492774,0.08799824,-0.22348335,0.20745286,0.04232363,0.53446287,0.10306928,0.00821566,0.34656012,-0.08930635,-0.22389533,-0.15609275,-0.21866728,-0.23041457,-0.06910326,-0.12621935,-0.24606022,0.10787482,-0.27473488,-0.38735858,0.26002848,-0.23132937,4374000.07260013,0.11942663,0.14529888,0.08998062,-0.22729108,0.20679326,0.03535881,0.5339216,0.1050623,0.0057186,0.34761441,-0.09533037,-0.23385061,-0.16153137,-0.21512523,-0.23186406,-0.07028269,-0.12284055,-0.24559407,0.10516639,-0.27357662,-0.38739097,0.26700255,-0.22836858,4375000.07506263,0.12151197,0.14835151,0.09142669,-0.22917466,0.20583314,0.0401034,0.53595573,0.10500392,0.00374576,0.34094325,-0.09882948,-0.22715729,-0.16337883,-0.21576814,-0.23152858,-0.07403905,-0.12324548,-0.24573594,0.10739075,-0.27021292,-0.3883754,0.26686606,-0.23338346,4376000.07582366,0.12135377,0.15109257,0.09512645,-0.23081808,0.20663197,0.0329018,0.53643101,0.10516142,0.00075076,0.33310926,-0.09675896,-0.21975507,-0.1562842,-0.22149688,-0.22907621,-0.07108084,-0.13300867,-0.24701828,0.10749394,-0.26444626,-0.38819155,0.26598349,-0.23645715,4377000.07561708,0.12393244,0.14766893,0.09455551,-0.22691482,0.20661241,0.03838109,0.53330863,0.10636504,0.00219709,0.34428427,-0.09181233,-0.2212723,-0.15776385,-0.21939637,-0.23060109,-0.07339901,-0.12499792,-0.24435313,0.11059846,-0.26687399,-0.38491154,0.26078472,-0.23320623,4378000.07455972,0.1146088,0.14755593,0.08501333,-0.21476866,0.20928486,0.03694079,0.53470498,0.10666196,0.01225342,0.34199417,-0.08834913,-0.20974162,-0.15396352,-0.21766634,-0.22928913,-0.07252616,-0.12530547,-0.24392334,0.10541876,-0.26608866,-0.38347,0.25866798,-0.22962795,4379000.07146572,0.11658331,0.14623915,0.08391371,-0.21930337,0.21279375,0.04386688,0.53574687,0.10844497,0.01294424,0.34580207,-0.09072758,-0.22673169,-0.1526358,-0.21734299,-0.22768132,-0.06896842,-0.12700062,-0.24525094,0.10192982,-0.26108757,-0.38598004,0.26495877,-0.23194581,4380000.07230917,0.11862757,0.14566821,0.08736918,-0.22661243,0.20721269,0.03824274,0.53310382,0.10636485,0.00909496,0.34076232,-0.09377403,-0.22834255,-0.14898556,-0.21663016,-0.22917953,-0.07086281,-0.11533378,-0.24170464,0.10110978,-0.26712868,-0.38764939,0.26442802,-0.23731059,4381000.07506875,0.11961941,0.14623728,0.08998355,-0.22385022,0.20860666,0.04288255,0.53356862,0.10822622,0.00853584,0.33975339,-0.09190597,-0.22652411,-0.15118152,-0.22002709,-0.2285796,-0.07199567,-0.12172129,-0.24567625,0.11130712,-0.27617624,-0.38817281,0.25938597,-0.23563424,4382000.07106498,0.12120058,0.14826572,0.0895235,-0.22860774,0.20559971,0.03604522,0.53347152,0.10802089,0.00751081,0.33415589,-0.09390447,-0.22494423,-0.14993991,-0.21947801,-0.22874732,-0.06601381,-0.12477443,-0.24218804,0.10411716,-0.27154285,-0.38856062,0.26475504,-0.23064093,4383000.06981666,0.12115934,0.15072174,0.09271331,-0.22728901,0.2076202,0.03913754,0.5319379,0.10691711,0.00453848,0.33690709,-0.09387089,-0.22233683,-0.15192685,-0.22082461,-0.22693495,-0.06893066,-0.13263202,-0.24782069,0.10439294,-0.27620074,-0.38773781,0.26397595,-0.2282925,4384000.07305127,0.12351806,0.14701122,0.09644477,-0.22635111,0.20777968,0.03765175,0.53166199,0.10851145,0.00271544,0.3453545,-0.09829212,-0.22552525,-0.15004589,-0.22210379,-0.22829913,-0.07201017,-0.12678668,-0.24596305,0.10240887,-0.26598525,-0.38751256,0.26765227,-0.23177953,4385000.07169795,0.12017661,0.14450447,0.08791138,-0.21664456,0.20405415,0.04538824,0.53023189,0.108394,0.01009747,0.33657628,-0.08925387,-0.21799767,-0.14823467,-0.22172178,-0.22684771,-0.06892218,-0.11932008,-0.24250624,0.10450832,-0.26403779,-0.38427851,0.2655423,-0.23181005,4386000.06823186,0.1180613,0.14367491,0.08559266,-0.21273069,0.20547324,0.04686821,0.5317719,0.11026235,0.01711826,0.33947825,-0.08146164,-0.20900755,-0.14598125,-0.22135957,-0.22558394,-0.06675508,-0.12434366,-0.24603206,0.10193823,-0.26258069,-0.38424334,0.262701,-0.23517203,4387000.074791,0.11900315,0.14649484,0.08723744,-0.22144872,0.20637989,0.03873597,0.53498352,0.11078966,0.01388257,0.33813062,-0.08514831,-0.21580075,-0.14465092,-0.22081605,-0.22571291,-0.07029478,-0.12771213,-0.24382439,0.10612761,-0.27182555,-0.38591725,0.25977775,-0.23423363,4388000.07449431,0.11926764,0.14495355,0.08948923,-0.22086705,0.20475364,0.04450901,0.5329473,0.10880586,0.0111585,0.34017462,-0.09413664,-0.22734523,-0.14339016,-0.22146308,-0.22625822,-0.06586823,-0.12665948,-0.24283113,0.10841946,-0.26167595,-0.38436201,0.26103017,-0.23794575,4389000.07008527,0.12037109,0.14464237,0.09167721,-0.22589517,0.20579323,0.04007984,0.53369957,0.10628153,0.01066207,0.33791327,-0.09129779,-0.2245108,-0.14127535,-0.22271366,-0.22801544,-0.06963232,-0.12687182,-0.24195084,0.10892569,-0.26991099,-0.384058,0.2680881,-0.22362432,4390000.07199421,0.12135155,0.14703782,0.09098078,-0.22887659,0.20629323,0.04151227,0.53167814,0.10613959,0.00884177,0.32842034,-0.09520243,-0.22464272,-0.13880968,-0.2256368,-0.22621372,-0.07050831,-0.12399736,-0.24170491,0.11485066,-0.27094778,-0.38463357,0.26691228,-0.22944345,4391000.073612,0.12287481,0.14795202,0.0936491,-0.23077983,0.20437405,0.03740219,0.53066957,0.10540627,0.00601342,0.33797443,-0.09725349,-0.21597297,-0.14217927,-0.22110589,-0.22575682,-0.06839146,-0.12413868,-0.24332075,0.11414178,-0.27392349,-0.38313326,0.26746321,-0.22775561,4392000.0751785,0.12132721,0.14932376,0.09190542,-0.22154315,0.20589235,0.03709566,0.53037518,0.10664999,0.00677352,0.33851424,-0.09423098,-0.22857708,-0.14588234,-0.22384173,-0.22691873,-0.06463383,-0.13075027,-0.2420482,0.10560232,-0.26478627,-0.38204491,0.27046856,-0.22220786,4393000.07486914,0.11754972,0.13986291,0.08315898,-0.21341541,0.20406768,0.04610127,0.53129625,0.10996442,0.01843411,0.34067741,-0.08402222,-0.21937385,-0.13871115,-0.22261447,-0.22318809,-0.06302392,-0.12638713,-0.24331479,0.10910376,-0.26758435,-0.38180569,0.2723648,-0.22510917,4394000.07423718,0.1162148,0.14418536,0.08393941,-0.21775469,0.20379372,0.0433124,0.52882767,0.10948188,0.0186954,0.33463389,-0.08244152,-0.21705218,-0.14244197,-0.21988289,-0.224832,-0.05964763,-0.12818751,-0.24257787,0.11275778,-0.26518974,-0.38285011,0.26342267,-0.23252214,4395000.07289649,0.11407699,0.14657882,0.08509254,-0.22148304,0.19825514,0.04042908,0.52797967,0.10940265,0.01354018,0.3362489,-0.09444562,-0.23042744,-0.14334072,-0.22684297,-0.22415744,-0.06307843,-0.12281876,-0.24275067,0.10643804,-0.26085398,-0.38417876,0.26547715,-0.23116124,4396000.07202623,0.11774343,0.14632314,0.08672441,-0.22298874,0.20090358,0.04482101,0.53255147,0.10499408,0.01313072,0.34308088,-0.09476098,-0.2290201,-0.14712822,-0.22012527,-0.22620021,-0.06837772,-0.12617666,-0.2456264,0.10712442,-0.26355204,-0.3854048,0.26995727,-0.22874805,4397000.07152967,0.12119375,0.14726393,0.08938869,-0.22700655,0.20155567,0.03732862,0.53105313,0.10283884,0.01094616,0.33964831,-0.09660712,-0.22304063,-0.14189292,-0.22468968,-0.22456671,-0.06741363,-0.13101536,-0.24274927,0.10750672,-0.26931617,-0.38445425,0.2689833,-0.23120309,4398000.07330241,0.11884209,0.14412738,0.09158053,-0.22904807,0.20152266,0.04026339,0.53141743,0.10379118,0.00930269,0.33084613,-0.10237682,-0.22142273,-0.139607,-0.22267957,-0.22520009,-0.06304953,-0.12889676,-0.24577264,0.10638059,-0.27698591,-0.3840932,0.26952586,-0.23094043,4399000.07725568,0.11968134,0.14852306,0.09482253,-0.23001488,0.20435406,0.03887926,0.53403795,0.10382541,0.00570802,0.3323822,-0.09887534,-0.21968852,-0.14286894,-0.22484179,-0.2240247,-0.06313387,-0.12394247,-0.2483899,0.10627878,-0.26956296,-0.38336289,0.26684552,-0.22737481,4400000.07528813,0.11942553,0.14983732,0.0913807,-0.22544342,0.20492674,0.04293866,0.53052229,0.10374364,0.00722752,0.33480975,-0.09578285,-0.22013131,-0.14448597,-0.22498465,-0.22529238,-0.06802408,-0.13386637,-0.24448352,0.10436913,-0.26409692,-0.38137534,0.27546117,-0.2293258,4401000.07059069,0.11384819,0.1408008,0.08070479,-0.21180546,0.2035151,0.04624644,0.52726591,0.10474153,0.01947434,0.33638537,-0.08894862,-0.22907306,-0.14230233,-0.22249594,-0.22400542,-0.06800984,-0.12676573,-0.24343318,0.11216091,-0.27392963,-0.37956199,0.26512742,-0.23096758,4402000.07180737,0.11344633,0.14250106,0.08469424,-0.21728545,0.20025171,0.04244607,0.52822477,0.10522073,0.01903295,0.3328892,-0.09260197,-0.22033139,-0.13107532,-0.21751453,-0.22396056,-0.06177257,-0.12252324,-0.24201807,0.10795472,-0.26779488,-0.38407758,0.26539406,-0.22902901,4403000.0697711,0.11612399,0.14440797,0.08457807,-0.22478819,0.20406657,0.03839828,0.53126091,0.10356393,0.01353881,0.33293849,-0.09635936,-0.22211672,-0.13737899,-0.21954317,-0.22409485,-0.06426335,-0.13414307,-0.24091323,0.11116672,-0.26755959,-0.38610262,0.25922391,-0.22910601,4404000.07198083,0.11208896,0.14574766,0.08444928,-0.22592747,0.20291407,0.03884893,0.53215331,0.10264198,0.0127138,0.33144072,-0.10227671,-0.23108058,-0.14278142,-0.22089517,-0.22597301,-0.06528989,-0.1223277,-0.24429913,0.10610281,-0.2699953,-0.38615704,0.26243386,-0.23070505,4405000.07215427,0.11291976,0.14794745,0.08743185,-0.22860475,0.20160076,0.034455,0.53072214,0.09947291,0.01117934,0.3343721,-0.10917912,-0.23759776,-0.14335288,-0.21894202,-0.22758687,-0.06774799,-0.12219813,-0.24760364,0.11110517,-0.26906434,-0.38722518,0.26902893,-0.23204395,4406000.07286993,0.11740936,0.14546436,0.0905275,-0.23225309,0.20611289,0.03557802,0.53035378,0.09867905,0.00767859,0.33095068,-0.10847166,-0.22751923,-0.14405246,-0.22173467,-0.22709529,-0.0690584,-0.13403414,-0.24665774,0.10887481,-0.26735768,-0.38710582,0.26656213,-0.22626197,4407000.07290197,0.11675211,0.15057702,0.09400981,-0.23215872,0.20740706,0.03596966,0.52961946,0.10012196,0.00541782,0.32987851,-0.10571904,-0.23241186,-0.14193459,-0.22633778,-0.22954522,-0.06655397,-0.12024984,-0.247638,0.11308111,-0.2584154,-0.38651982,0.26958206,-0.22753567,4408000.07588825,0.11656474,0.14840788,0.09166288,-0.23003738,0.20734031,0.03336401,0.53015465,0.10099417,0.00458296,0.3320384,-0.10684609,-0.22552525,-0.14260642,-0.22731122,-0.22962058,-0.06929348,-0.13408282,-0.2478532,0.11152886,-0.25929525,-0.38528636,0.26853958,-0.23720774,4409000.07178865,0.11274403,0.14285158,0.08242538,-0.22021309,0.20311542,0.03728195,0.53165007,0.09987567,0.01393072,0.34591821,-0.10227435,-0.2356509,-0.14850485,-0.22091672,-0.22600842,-0.06797221,-0.13195485,-0.24457422,0.10721623,-0.26449376,-0.38373712,0.26457483,-0.22716786,4410000.07205825,0.11248739,0.14429906,0.08296529,-0.21911995,0.20406657,0.03933784,0.52925158,0.10135607,0.01972944,0.32977673,-0.10239705,-0.23012984,-0.14426756,-0.2171676,-0.22568554,-0.06148385,-0.11602853,-0.24590044,0.10841426,-0.26250821,-0.38527179,0.26405132,-0.22494212,4411000.07359111,0.11412205,0.14546199,0.08408735,-0.22681583,0.20611289,0.03307179,0.53159565,0.09849901,0.01456146,0.32390943,-0.10585368,-0.23232917,-0.15016514,-0.22074312,-0.22773394,-0.0605828,-0.10885598,-0.24678905,0.10515261,-0.26877201,-0.38738653,0.26808864,-0.23817033,4412000.07313958,0.11227814,0.14531788,0.08490939,-0.22611836,0.20645984,0.03400894,0.53067911,0.09984273,0.01250018,0.33296382,-0.10639068,-0.23614301,-0.14361788,-0.21846518,-0.22927392,-0.06587067,-0.12640013,-0.24821551,0.1071819,-0.26666042,-0.38910285,0.26610914,-0.22796088,4413000.07042702,0.11468774,0.14986067,0.08403829,-0.22905263,0.20373213,0.03494873,0.52838027,0.09798922,0.0120501,0.33535004,-0.11104538,-0.23373207,-0.14711665,-0.21993461,-0.23040228,-0.06411957,-0.12936831,-0.24869965,0.10576554,-0.27150065,-0.38951865,0.26905173,-0.22826533,4414000.07243201,0.11425632,0.15251908,0.08557797,-0.23275372,0.20548503,0.03524197,0.53204876,0.09665588,0.01015234,0.3350662,-0.11247205,-0.23780429,-0.14950795,-0.22147109,-0.23174202,-0.06429023,-0.11008137,-0.24945343,0.11156422,-0.26651868,-0.38986015,0.26479915,-0.23215793,4415000.07610761,0.11482348,0.15089014,0.09142127,-0.23359424,0.21061164,0.03153117,0.53322756,0.10082972,0.006197,0.3347058,-0.11172187,-0.23578307,-0.14956149,-0.21997753,-0.2310036,-0.06521434,-0.12653466,-0.24932703,0.10919142,-0.26769403,-0.38943338,0.27201596,-0.23092073,4416000.07492077,0.11484165,0.1521492,0.09150375,-0.23463546,0.20573266,0.03286694,0.52955729,0.09930939,0.00635997,0.32648227,-0.10663676,-0.23895536,-0.14590351,-0.22076967,-0.23006515,-0.06414842,-0.13460638,-0.24861199,0.10635364,-0.26837656,-0.38907534,0.26907176,-0.22923242,4417000.07342508,0.10962066,0.15043615,0.08286661,-0.22181424,0.20288874,0.03696799,0.53313875,0.09716266,0.01641577,0.32001659,-0.10215696,-0.2389067,-0.1471059,-0.22150867,-0.22948222,-0.06916014,-0.13386704,-0.2483678,0.10655794,-0.26717648,-0.38651103,0.26533127,-0.22875534,4418000.07112405,0.10706258,0.14418304,0.08304499,-0.22187765,0.20391358,0.03889636,0.53257787,0.09756787,0.02012494,0.33452645,-0.10090572,-0.24377526,-0.14571732,-0.21832339,-0.22873877,-0.05916676,-0.11364476,-0.24867189,0.11432073,-0.26753116,-0.38742423,0.26473933,-0.2343803,4419000.0744622,0.11259949,0.14700219,0.08532622,-0.22630362,0.2053192,0.03871258,0.53087848,0.09574263,0.01576071,0.32971534,-0.10543699,-0.23825546,-0.152164,-0.22150022,-0.22984615,-0.06026132,-0.12556799,-0.25510442,0.1096213,-0.26460585,-0.39033347,0.26497394,-0.22693831,4420000.07196737,0.11103579,0.14963253,0.08695856,-0.22626153,0.20735367,0.0328546,0.53172392,0.09635872,0.01403395,0.32650307,-0.10487444,-0.23133428,-0.15069106,-0.21765144,-0.23221901,-0.05886317,-0.12736207,-0.25592077,0.10612136,-0.27094331,-0.39140603,0.26041156,-0.23408487,4421000.07567531,0.11168772,0.14552237,0.08695856,-0.2301138,0.20635292,0.03864882,0.53113985,0.09641738,0.01362978,0.331714,-0.10592486,-0.24624763,-0.15312716,-0.21977217,-0.23154186,-0.05981946,-0.12503472,-0.25166571,0.10770785,-0.27267063,-0.39260739,0.26750028,-0.23794869,4422000.07274705,0.11524647,0.14669266,0.08999103,-0.23238611,0.20479338,0.03012457,0.53150225,0.09470727,0.01115051,0.3315331,-0.11183242,-0.23167904,-0.15202481,-0.22055663,-0.2316824,-0.06160047,-0.12411217,-0.25281143,0.1067979,-0.26784125,-0.3925527,0.2616466,-0.23349918,4423000.07433366,0.1165748,0.15117694,0.09375638,-0.2315484,0.20360759,0.0370645,0.52880371,0.0957261,0.00925418,0.33223966,-0.10981841,-0.22621417,-0.14962162,-0.22384173,-0.23403341,-0.06001001,-0.12431801,-0.25461036,0.11082464,-0.27186212,-0.39034554,0.26678911,-0.23629874,4424000.0754173,0.11432125,0.15043548,0.09285389,-0.23261289,0.20555328,0.03121277,0.52740818,0.09529531,0.00864663,0.33360526,-0.11364327,-0.23547865,-0.15405692,-0.22057837,-0.23544747,-0.06356867,-0.14086503,-0.25119764,0.11472034,-0.26990423,-0.39133832,0.26918635,-0.2282925,4425000.07220756,0.10760205,0.14704187,0.08394456,-0.22273573,0.20659275,0.03819998,0.52770287,0.09682991,0.02016899,0.33113843,-0.1021452,-0.23582388,-0.14589979,-0.21785988,-0.2314416,-0.05881573,-0.12602973,-0.25270498,0.10868566,-0.26847813,-0.38884142,0.26622406,-0.23888321,4426000.07286438,0.11179182,0.14475395,0.08277526,-0.21669368,0.20630652,0.04027274,0.53398156,0.09795068,0.02372335,0.33348107,-0.10281374,-0.22689706,-0.14411089,-0.21739565,-0.23021227,-0.05768474,-0.11186346,-0.2492322,0.10192399,-0.27053007,-0.38958979,0.26259133,-0.23861828,4427000.07255479,0.11569109,0.14783168,0.08776372,-0.22323552,0.20573983,0.03629889,0.53446794,0.09612427,0.01908364,0.33953202,-0.10472534,-0.23035128,-0.14177564,-0.21712625,-0.23133056,-0.0565202,-0.12638713,-0.24971157,0.10800822,-0.27770546,-0.39327484,0.26514557,-0.23309761,4428000.07280581,0.10992964,0.14631905,0.08737006,-0.22427584,0.20286041,0.03501425,0.53680873,0.09393943,0.01754087,0.33193207,-0.10310734,-0.24177374,-0.15167609,-0.21431924,-0.23361163,-0.05513223,-0.12902984,-0.25100723,0.11153837,-0.27420303,-0.39480931,0.25839901,-0.24197091,4429000.07290197,0.11416719,0.1482348,0.08733916,-0.22643921,0.20504613,0.0365443,0.53376502,0.09612323,0.01716322,0.34332854,-0.10600468,-0.23794594,-0.15388693,-0.21732427,-0.23367058,-0.05966916,-0.12096709,-0.25284529,0.10934286,-0.27343863,-0.39366835,0.26753405,-0.23445976,4430000.07418582,0.11562752,0.14897905,0.09148371,-0.22824527,0.20797424,0.03208148,0.53360528,0.09623426,0.0147275,0.32675758,-0.10861285,-0.23013932,-0.1494623,-0.21648544,-0.23345399,-0.05915128,-0.11167602,-0.25204286,0.11711328,-0.26949719,-0.39473251,0.26849705,-0.23675935,4431000.07602346,0.11752366,0.15189232,0.0943765,-0.22831899,0.20568642,0.03668828,0.53329724,0.09477548,0.01134681,0.33517113,-0.11186035,-0.23114826,-0.15738146,-0.21647818,-0.23383488,-0.05445389,-0.12821911,-0.25410309,0.11503267,-0.26877195,-0.39447227,0.26842895,-0.23581296,4432000.07600375,0.1160019,0.14538644,0.09434676,-0.22793156,0.2060665,0.03682024,0.53001279,0.0947346,0.01041194,0.34039539,-0.10657664,-0.23624785,-0.1576003,-0.22084044,-0.23241574,-0.05179866,-0.1244086,-0.2527042,0.10388869,-0.2689721,-0.39268246,0.27612743,-0.24233106,4433000.07676435,0.11165181,0.14635751,0.08311034,-0.21301028,0.20361483,0.04226833,0.53247976,0.09596463,0.02134032,0.33921438,-0.10379455,-0.23250145,-0.15649399,-0.21767788,-0.22983031,-0.05196888,-0.10907838,-0.24638063,0.10860962,-0.25315285,-0.39261723,0.2679767,-0.23761342,4434000.07528813,0.1100985,0.14700975,0.08205225,-0.21378648,0.202435,0.038047,0.53565609,0.09593432,0.02691357,0.33945403,-0.09943617,-0.22522418,-0.14991207,-0.21140726,-0.23344043,-0.04989238,-0.11723255,-0.25072077,0.11357027,-0.26336613,-0.39220741,0.26627752,-0.23481004,4435000.07588144,0.1094289,0.14811924,0.08806952,-0.21702771,0.20527826,0.03835835,0.53676903,0.09334764,0.02100846,0.34555787,-0.10007603,-0.22688092,-0.15184908,-0.21306381,-0.23491672,-0.05045921,-0.11179594,-0.25152868,0.11564323,-0.25939578,-0.3962594,0.25877881,-0.24089377,4436000.077837,0.11298149,0.14677659,0.08686588,-0.22322224,0.20378584,0.0382865,0.53499854,0.09246955,0.01860012,0.34256074,-0.103397,-0.24289052,-0.15826167,-0.21175739,-0.23354326,-0.04983854,-0.11815685,-0.24861318,0.11101612,-0.26610705,-0.39828455,0.26917526,-0.2335618,4437000.07403108,0.11172425,0.14766349,0.08650327,-0.22224587,0.20058042,0.03540203,0.53414363,0.09527989,0.01740545,0.33401957,-0.10540992,-0.22787073,-0.15403198,-0.21586481,-0.23430754,-0.0554743,-0.11822816,-0.25251502,0.11160204,-0.26497087,-0.39838326,0.26736519,-0.23931952,4438000.07673934,0.11720581,0.14586784,0.09029227,-0.22624318,0.20317833,0.03983278,0.53449911,0.09418163,0.01603093,0.34102142,-0.1055045,-0.22580555,-0.15419877,-0.21325998,-0.235789,-0.05357766,-0.11253991,-0.25664195,0.10760859,-0.26470524,-0.39865234,0.27052379,-0.23375072,4439000.07775222,0.1178051,0.14960773,0.09131041,-0.22388998,0.20661317,0.03330026,0.53123897,0.09346634,0.01242665,0.34684381,-0.10881593,-0.22636366,-0.15760842,-0.21559282,-0.23609452,-0.04964293,-0.12341965,-0.25359097,0.11193811,-0.26672217,-0.39884707,0.27137065,-0.23778635,4440000.07725568,0.12131852,0.15512183,0.0942042,-0.22601387,0.20914048,0.03672132,0.52996647,0.09568238,0.00996311,0.33523485,-0.10748251,-0.22557077,-0.15159845,-0.21532239,-0.23481454,-0.0512229,-0.115412,-0.24996156,0.11950335,-0.26231351,-0.39865243,0.26711661,-0.23566025,4441000.07457259,0.11463653,0.14649948,0.08798786,-0.21515849,0.20525315,0.04111623,0.53649944,0.09595383,0.01995988,0.34270304,-0.10071578,-0.22458699,-0.1567906,-0.21490715,-0.23249874,-0.05169068,-0.11641519,-0.2459314,0.1124612,-0.26335493,-0.39636052,0.26819044,-0.2435876,4442000.07401805,0.11131003,0.14720784,0.08416022,-0.21050684,0.20568642,0.04136105,0.53534245,0.0973123,0.02686104,0.34783754,-0.0953926,-0.22255829,-0.16175552,-0.21263841,-0.23340766,-0.04874016,-0.10220029,-0.24753763,0.11241482,-0.26193833,-0.3952716,0.25947788,-0.23658638,4443000.07314758,0.11224249,0.15014656,0.0859148,-0.21547946,0.20828775,0.03909122,0.53701127,0.09485678,0.021739,0.35054958,-0.09628021,-0.21166457,-0.15473111,-0.21270895,-0.23499604,-0.04830095,-0.11049972,-0.25031635,0.11991396,-0.27058649,-0.39979205,0.25896746,-0.24026844,4444000.0754882,0.11526009,0.14857675,0.08693239,-0.22080676,0.20901477,0.03363266,0.53490734,0.09570669,0.01822404,0.34459469,-0.09862516,-0.2174653,-0.14997667,-0.21430579,-0.23498584,-0.04751696,-0.10741862,-0.25460312,0.11667181,-0.2651242,-0.40065044,0.26435667,-0.23697208,4445000.07402388,0.1153374,0.15054774,0.08844087,-0.22207856,0.20735367,0.0351578,0.53786576,0.09762211,0.01855032,0.34632879,-0.10037441,-0.22007215,-0.15475425,-0.2160361,-0.23382246,-0.04677739,-0.11956023,-0.25165224,0.11303668,-0.2702519,-0.40238798,0.26205212,-0.23179381,4446000.07430151,0.11801705,0.15143442,0.09177377,-0.22371571,0.2071135,0.03375382,0.53574353,0.09574255,0.01752451,0.35199293,-0.10507652,-0.21390203,-0.15497872,-0.21233827,-0.23621218,-0.04886025,-0.11399472,-0.25317675,0.11185263,-0.26974505,-0.40216514,0.26699278,-0.24566786,4447000.07690117,0.12174183,0.15263502,0.09568115,-0.22532234,0.21459055,0.03812645,0.53552461,0.09515125,0.0128589,0.34495443,-0.10154781,-0.22486775,-0.16066578,-0.21525271,-0.23359178,-0.04678823,-0.10467322,-0.25484878,0.11201173,-0.27171749,-0.40095952,0.26537672,-0.24378933,4448000.07755259,0.12141553,0.15492195,0.09746153,-0.22519048,0.21265848,0.03680416,0.53559339,0.09530148,0.01047554,0.34112304,-0.10301201,-0.21890724,-0.15570097,-0.21380244,-0.23484404,-0.04954293,-0.11011828,-0.25464141,0.11227623,-0.26436633,-0.40094,0.26541018,-0.2371373,4449000.07300011,0.11496371,0.15035136,0.08778647,-0.21457894,0.20576638,0.03944134,0.53526312,0.09631748,0.02042871,0.34098062,-0.09542461,-0.21988541,-0.15331401,-0.21398664,-0.23258993,-0.0454569,-0.10419361,-0.25118831,0.1113411,-0.26535425,-0.40010941,0.26439407,-0.23606922,4450000.0747982,0.11450941,0.14738238,0.08412146,-0.20805566,0.2047269,0.04386879,0.53520089,0.09630817,0.0275099,0.34779948,-0.08846671,-0.2185943,-0.15078647,-0.21059893,-0.23301283,-0.04253016,-0.10396416,-0.24861391,0.1095601,-0.26665732,-0.39862984,0.26720762,-0.2416696,4451000.07408236,0.11644427,0.15223385,0.08810889,-0.21438834,0.21027038,0.04013056,0.54010218,0.09456358,0.02257372,0.35517371,-0.08976295,-0.20721804,-0.16270831,-0.21310206,-0.23589118,-0.04100962,-0.10377468,-0.25060138,0.11191929,-0.27079362,-0.40245298,0.26492336,-0.24458969,4452000.07224512,0.11884874,0.14595173,0.08907748,-0.21461931,0.20885514,0.03945095,0.53651834,0.09429102,0.01995992,0.35193592,-0.0912675,-0.21548596,-0.15631676,-0.21481027,-0.23476794,-0.04434713,-0.1137491,-0.25369313,0.11465988,-0.26880169,-0.40229094,0.26545399,-0.24447682,4453000.07835366,0.12230895,0.15003482,0.0889356,-0.2150438,0.20766722,0.04067229,0.53545785,0.09695575,0.0197497,0.34691775,-0.08803685,-0.21694878,-0.15160982,-0.21213675,-0.23503476,-0.04319436,-0.11229789,-0.25559109,0.10812818,-0.26387537,-0.4031477,0.26466426,-0.24404991,4454000.0763652,0.11817517,0.15183499,0.09020511,-0.21993469,0.20732678,0.03603262,0.53883642,0.09656242,0.01828518,0.3530741,-0.09192573,-0.22182164,-0.14998253,-0.21486452,-0.23569071,-0.03985127,-0.10586063,-0.25454101,0.11297784,-0.26187721,-0.40238664,0.26946953,-0.23528732,4455000.07647492,0.12203466,0.14903757,0.09387237,-0.21864852,0.20996787,0.04042577,0.53838593,0.09710441,0.01584262,0.35602349,-0.09278459,-0.20925312,-0.15208016,-0.21622436,-0.23422892,-0.03851942,-0.12206925,-0.25143883,0.11441313,-0.26640749,-0.4021036,0.27166355,-0.24536839,4456000.07532044,0.11881888,0.14955242,0.09577765,-0.21576166,0.20705912,0.04432472,0.53755343,0.09632102,0.01408549,0.34509614,-0.09174015,-0.21235201,-0.15862954,-0.21433704,-0.2337295,-0.03788005,-0.11313878,-0.25134504,0.11092145,-0.26599118,-0.40185028,0.26866069,-0.23584872,4457000.0731739,0.11523261,0.1457884,0.08663236,-0.20344694,0.20396116,0.04137237,0.53507036,0.09922231,0.02678191,0.35983822,-0.0850575,-0.21978796,-0.15750042,-0.2122737,-0.23248899,-0.03787282,-0.10637046,-0.24861804,0.11138142,-0.2628853,-0.39808163,0.2676245,-0.23933063,4458000.07459195,0.11685195,0.14504339,0.08675049,-0.20429681,0.20434701,0.04304142,0.53659916,0.09746881,0.02945787,0.35977536,-0.08068304,-0.20903614,-0.15266837,-0.21599814,-0.23059006,-0.0350865,-0.11272703,-0.24636309,0.11482781,-0.26083267,-0.39864528,0.26006883,-0.23221427,4459000.07406921,0.11709294,0.1512336,0.08963424,-0.20786044,0.20359983,0.04145517,0.53716451,0.09711727,0.02580445,0.35315034,-0.08116391,-0.21093467,-0.14900804,-0.21163763,-0.23488219,-0.03373275,-0.1139452,-0.25008625,0.10784948,-0.2614584,-0.40069199,0.26820299,-0.24287525,4460000.07450158,0.1160361,0.14986201,0.09172795,-0.20683967,0.20291407,0.03766425,0.53874308,0.09851551,0.02539587,0.3453517,-0.08277165,-0.21372305,-0.14716482,-0.21017523,-0.23473284,-0.03342994,-0.10697823,-0.25082153,0.10866034,-0.26463449,-0.40206745,0.26550022,-0.24137589,4461000.07750763,0.11762449,0.14703782,0.09207739,-0.21093312,0.20813414,0.04601635,0.53736603,0.09815488,0.02424736,0.3545166,-0.08532143,-0.20878032,-0.1506543,-0.2092571,-0.23585396,-0.03836221,-0.10209491,-0.25109613,0.11600059,-0.26255926,-0.40358776,0.26382878,-0.24431804,4462000.07735796,0.12673618,0.149865,0.09334761,-0.21505544,0.20509967,0.04180475,0.53777087,0.09783619,0.02089819,0.35593301,-0.08315596,-0.20530266,-0.15241557,-0.21127999,-0.23618516,-0.0380734,-0.1014059,-0.25352973,0.11849493,-0.26494807,-0.4026753,0.27066919,-0.24370101,4463000.07893226,0.12757993,0.15240684,0.09533311,-0.21677971,0.21038164,0.04012163,0.53684795,0.10162508,0.01752024,0.3596184,-0.08249378,-0.20250973,-0.14953059,-0.214494,-0.23467779,-0.03477912,-0.10679872,-0.24996528,0.10912062,-0.26174608,-0.40324205,0.26941115,-0.24440946,4464000.07788675,0.12511052,0.14835437,0.09247757,-0.20835796,0.21273006,0.04079952,0.53659701,0.09813412,0.02086833,0.36412376,-0.08016513,-0.19951849,-0.15038763,-0.21321814,-0.23361455,-0.03287098,-0.12579994,-0.2476164,0.11775612,-0.26394469,-0.40091908,0.27128527,-0.23271546,4465000.07470772,0.11854426,0.14507316,0.086374,-0.20048177,0.20653959,0.04964604,0.53525299,0.10028598,0.03294848,0.36057591,-0.0721662,-0.19697917,-0.15093276,-0.21055821,-0.23154812,-0.02812632,-0.10617412,-0.24487625,0.11379604,-0.25713828,-0.39879805,0.26692495,-0.23399957,4466000.07577176,0.11835495,0.1453528,0.08977623,-0.20265774,0.20602615,0.04906203,0.5393523,0.09959099,0.03329959,0.36710712,-0.07422011,-0.20095436,-0.15127115,-0.20810224,-0.23184304,-0.02663436,-0.11155047,-0.25087586,0.11127239,-0.26577485,-0.40164217,0.264548,-0.23811407,4467000.07401805,0.11885073,0.14549448,0.09015684,-0.20500502,0.20585263,0.04233821,0.54023147,0.09642627,0.02871473,0.35778248,-0.07462405,-0.19321454,-0.14059305,-0.20605156,-0.23281702,-0.02789784,-0.11180789,-0.2504136,0.10988818,-0.25827831,-0.40340981,0.25743365,-0.24180385,4468000.07784954,0.120008,0.14512306,0.09125074,-0.20252728,0.20774731,0.04147391,0.53982455,0.09764355,0.02694262,0.36750445,-0.07177169,-0.20219809,-0.14126581,-0.20524882,-0.23293717,-0.02918147,-0.10000535,-0.25145134,0.11250374,-0.26440328,-0.40299925,0.26537383,-0.23681577,4469000.07653963,0.11763591,0.15149115,0.09361599,-0.20894307,0.20077507,0.04563527,0.54109573,0.09826978,0.02637709,0.35963431,-0.07527322,-0.20878696,-0.14423369,-0.21302694,-0.23358645,-0.02801545,-0.10784599,-0.25240001,0.11344127,-0.26223525,-0.40524223,0.26500109,-0.23452829,4470000.07719086,0.12065244,0.14529888,0.09752498,-0.20800844,0.20628639,0.038774,0.53931075,0.09773663,0.0234393,0.36245486,-0.07862724,-0.20030919,-0.14030208,-0.21229687,-0.23236114,-0.0306812,-0.09704198,-0.24916884,0.11009069,-0.26654586,-0.40471992,0.2724711,-0.2411733,4471000.07700376,0.12766823,0.14812358,0.09711198,-0.21536832,0.20669304,0.03900947,0.53799343,0.10057557,0.01970314,0.34982824,-0.0781176,-0.19870993,-0.14310363,-0.21135503,-0.23197536,-0.0323697,-0.11617396,-0.24979894,0.11769429,-0.26055291,-0.40356272,0.27498147,-0.23520568,4472000.07315479,0.12206026,0.14772415,0.0916207,-0.20014903,0.20435406,0.04270958,0.53905708,0.10124994,0.02653617,0.36291134,-0.07202794,-0.20032011,-0.15314786,-0.21456277,-0.23149839,-0.02918677,-0.11163548,-0.24814604,0.11527214,-0.25552306,-0.40167016,0.27334145,-0.23601598,4473000.07506263,0.11993583,0.14569414,0.0861318,-0.19497256,0.20898126,0.0464904,0.54011887,0.09940474,0.03496339,0.36453083,-0.06832848,-0.19694464,-0.13968249,-0.21113555,-0.22866094,-0.02678537,-0.10830373,-0.2468408,0.10721048,-0.26116675,-0.40141895,0.26278657,-0.23380406,4474000.07170302,0.11877563,0.14880134,0.08913615,-0.20680839,0.20808089,0.04175943,0.54032207,0.09978857,0.03071745,0.36501485,-0.07112415,-0.18455611,-0.13403434,-0.20710975,-0.23190737,-0.03209333,-0.09389648,-0.24930555,0.10970788,-0.26320076,-0.40494701,0.27293792,-0.24336159,4475000.07404269,0.11950144,0.14785761,0.09010538,-0.20460816,0.20750709,0.04216993,0.54058248,0.09758966,0.02563323,0.36148429,-0.07313945,-0.19658223,-0.14433521,-0.2073217,-0.23000611,-0.02761173,-0.10201567,-0.24825236,0.1152362,-0.25900528,-0.40581819,0.27289313,-0.24484867,4476000.07422975,0.11888841,0.15082984,0.08958271,-0.20925745,0.20796742,0.04649368,0.53926021,0.09931923,0.02591641,0.36788663,-0.07249897,-0.20429574,-0.14526883,-0.20884085,-0.231904,-0.03135611,-0.0911923,-0.24772067,0.11434613,-0.2663717,-0.40682444,0.26655984,-0.23557985,4477000.07435261,0.12346946,0.14905921,0.09278893,-0.21190087,0.20926274,0.04408765,0.53863233,0.09961572,0.02401724,0.36340809,-0.07779448,-0.21098539,-0.13708994,-0.20659429,-0.23246469,-0.03053733,-0.1184784,-0.25117618,0.10954715,-0.26311809,-0.40719759,0.2669352,-0.24464139,4478000.07654644,0.12540685,0.15105954,0.09539451,-0.21445504,0.21377674,0.04238184,0.54081893,0.09907947,0.02178822,0.35534978,-0.07916124,-0.20979571,-0.13512132,-0.2095325,-0.23280591,-0.03176238,-0.11476275,-0.24969035,0.1112205,-0.26630908,-0.4062072,0.27292606,-0.2367163,4479000.07668846,0.12552872,0.15503609,0.0973185,-0.21292153,0.2130347,0.03717383,0.53785074,0.09915908,0.01938017,0.36605185,-0.0738785,-0.21060494,-0.13773431,-0.21062224,-0.23233254,-0.03172338,-0.11065266,-0.24676639,0.11737453,-0.2663523,-0.4056288,0.26968452,-0.24375618,4480000.07453377,0.11862757,0.14874847,0.08973321,-0.20059019,0.20483364,0.04392737,0.54097903,0.0987789,0.02783221,0.35724375,-0.06910136,-0.21090202,-0.14451617,-0.20766409,-0.23013195,-0.02804611,-0.11478513,-0.24917664,0.11331508,-0.25768059,-0.40416273,0.26200876,-0.24145941,4481000.07334001,0.11862265,0.14845744,0.08652543,-0.20070729,0.20492622,0.04782038,0.53869832,0.09940474,0.03317843,0.35867944,-0.06732129,-0.20444816,-0.14061996,-0.20497401,-0.23006149,-0.03273576,-0.10272273,-0.24704497,0.10938726,-0.26176512,-0.40457672,0.26246727,-0.24228416,4482000.07206793,0.12004974,0.14619786,0.08879033,-0.20301816,0.21055841,0.04700951,0.54119259,0.10122542,0.02856675,0.35734516,-0.07263738,-0.20319614,-0.14606974,-0.20929261,-0.23193914,-0.02889021,-0.0975389,-0.25273475,0.11293484,-0.26532474,-0.40674242,0.26565251,-0.24260792,4483000.07289349,0.11817597,0.1513709,0.09037539,-0.2065399,0.21004371,0.04752264,0.53781569,0.0964912,0.0260113,0.36072949,-0.07218074,-0.20779669,-0.14109015,-0.21153815,-0.2319289,-0.03168303,-0.09956203,-0.25338075,0.11171494,-0.26732162,-0.40864691,0.27081788,-0.24806534,4484000.07225492,0.12013422,0.15125673,0.09118544,-0.2085434,0.20831464,0.04270891,0.53765166,0.09772708,0.02558418,0.35751417,-0.07180826,-0.2039977,-0.14065997,-0.21508625,-0.23198739,-0.03242794,-0.09764147,-0.24903418,0.1129986,-0.27259082,-0.40967026,0.27305201,-0.24087808,4485000.07259212,0.1227373,0.14831342,0.0921691,-0.21274658,0.20800762,0.04534018,0.54115397,0.10095848,0.0225575,0.34931442,-0.07467788,-0.20799249,-0.14150134,-0.21367398,-0.23253056,-0.0324022,-0.10886462,-0.25120598,0.11184353,-0.27624506,-0.4092654,0.27683052,-0.24395743,4486000.07317967,0.1253802,0.15205759,0.09615733,-0.21200167,0.2116717,0.0433997,0.53888315,0.09930222,0.01949761,0.36206827,-0.07735252,-0.19387136,-0.14200127,-0.21742226,-0.23350212,-0.03215941,-0.10497741,-0.25538155,0.11299555,-0.26427585,-0.40763238,0.2732217,-0.24204013,4487000.07411451,0.12447689,0.14640272,0.09106278,-0.20947057,0.20563993,0.03995958,0.53957045,0.09841067,0.02362481,0.35855967,-0.07295434,-0.20224956,-0.14880896,-0.213315,-0.23181248,-0.03562893,-0.10109463,-0.25245661,0.10988986,-0.26239645,-0.40794721,0.26611954,-0.2428392,4488000.07112879,0.11767975,0.14371742,0.08368788,-0.2013454,0.20511991,0.04950455,0.53751332,0.10049361,0.03539517,0.35867944,-0.06386976,-0.19880529,-0.14712173,-0.2093647,-0.23010866,-0.03571333,-0.10379941,-0.24939111,0.11330941,-0.25971991,-0.40665781,0.26669019,-0.24612223,4489000.06903182,0.12114786,0.149279,0.0881669,-0.20482627,0.20731334,0.04327353,0.54152173,0.10169753,0.03123758,0.35232127,-0.07021832,-0.20089728,-0.14248963,-0.21254291,-0.23191638,-0.0339716,-0.10735221,-0.24961704,0.11892775,-0.26598212,-0.40836403,0.26817334,-0.24169493,4490000.06962032,0.12462906,0.14804785,0.08897687,-0.20718551,0.20476542,0.04735686,0.53934032,0.09918565,0.02804969,0.35846335,-0.06838731,-0.20905226,-0.14295433,-0.21111064,-0.2344268,-0.02909473,-0.10542236,-0.24784975,0.11126328,-0.27020335,-0.40954077,0.27014592,-0.25200221,4491000.07412018,0.12406471,0.14638899,0.0933099,-0.20438008,0.20595226,0.04593664,0.53844368,0.09857827,0.02832307,0.36024377,-0.07059292,-0.20909005,-0.14712389,-0.21209919,-0.2341135,-0.02986389,-0.10980856,-0.25091854,0.1058547,-0.27515411,-0.40896225,0.27302891,-0.25103119,4492000.07334001,0.12331782,0.14353879,0.09251614,-0.20838715,0.2046043,0.04557312,0.53798479,0.10020768,0.02733454,0.34549394,-0.07281316,-0.21154052,-0.14181842,-0.21035539,-0.23436165,-0.03345458,-0.10759215,-0.25255814,0.10740978,-0.26753327,-0.41017282,0.27031744,-0.23925434,4493000.07372732,0.12847452,0.14742517,0.09604484,-0.20885693,0.20462494,0.04551904,0.54065329,0.10183726,0.02362273,0.35883722,-0.07307743,-0.21231402,-0.1485201,-0.21575537,-0.23358417,-0.03127098,-0.10348199,-0.25647387,0.11789277,-0.26789445,-0.41055074,0.2700578,-0.23420426,4494000.0719168,0.12917264,0.15071411,0.09663463,-0.21311615,0.20589311,0.04289903,0.53567606,0.09943186,0.02207324,0.34925342,-0.06732358,-0.21129443,-0.14657761,-0.21380769,-0.23468465,-0.03406552,-0.1141316,-0.25441372,0.11171627,-0.2721341,-0.40938127,0.26899382,-0.23787752,4495000.06871443,0.12241737,0.14454392,0.08836491,-0.19627333,0.20366107,0.03945133,0.53652084,0.10326765,0.03320624,0.34849387,-0.06156739,-0.20457569,-0.15038922,-0.212587,-0.23442619,-0.038388,-0.11110801,-0.25145853,0.1143809,-0.26953602,-0.40494335,0.26616889,-0.23574184,4496000.07229571,0.12343423,0.14316683,0.08618466,-0.19617906,0.20354617,0.05217643,0.53685409,0.10290479,0.03809246,0.3547323,-0.06123674,-0.2083772,-0.13789976,-0.20848882,-0.23331717,-0.03395241,-0.10259812,-0.25177944,0.11617576,-0.27401873,-0.40797359,0.26076734,-0.24697235,4497000.0726881,0.12114803,0.14372753,0.0881492,-0.2031081,0.20298377,0.05175413,0.53884423,0.10342294,0.03325471,0.35469747,-0.06124425,-0.21064587,-0.14134039,-0.21117325,-0.23549579,-0.03527827,-0.11014768,-0.25571567,0.11590683,-0.27541798,-0.41159454,0.27055877,-0.2528452,4498000.07263757,0.11914483,0.14758928,0.0887823,-0.20191544,0.20314837,0.04510836,0.53537387,0.10247119,0.03066502,0.35182852,-0.06402349,-0.21188295,-0.14674246,-0.21336877,-0.23474313,-0.03818008,-0.11125034,-0.25341058,0.11179332,-0.2750513,-0.4129532,0.26237929,-0.24517865,4499000.07380477,0.12380299,0.14715837,0.09140056,-0.20379454,0.20190838,0.04892635,0.53546143,0.10427166,0.02887523,0.35297,-0.06431912,-0.21482968,-0.15067941,-0.21620445,-0.23314612,-0.03920403,-0.11213455,-0.25390911,0.11402629,-0.28438932,-0.41294956,0.2672419,-0.24749213,4500000.07252809,0.128213,0.141021,0.09484998,-0.20977351,0.20641182,0.05107027,0.53457922,0.1033157,0.02742609,0.34924564,-0.06561597,-0.21586581,-0.15102339,-0.21373323,-0.23644243,-0.04027377,-0.1109668,-0.25353524,0.11044459,-0.27827829,-0.41260895,0.26675147,-0.24065134,4501000.07385009,0.1280043,0.1454753,0.09661721,-0.21202435,0.20472418,0.04688761,0.53817087,0.10159528,0.02552024,0.35048652,-0.06356306,-0.21852101,-0.15122908,-0.21590151,-0.2372621,-0.04174367,-0.11995421,-0.25297168,0.11347962,-0.28013676,-0.41213095,0.27091715,-0.24124673,4502000.07456595,0.12706435,0.14799482,0.09604618,-0.20447363,0.20521958,0.05147814,0.53764403,0.103754,0.02606107,0.34391567,-0.06527098,-0.21259448,-0.15661606,-0.21618162,-0.23672508,-0.03940674,-0.12376505,-0.25103629,0.11526163,-0.27560157,-0.41096058,0.26968125,-0.24161707,4503000.07405021,0.1232549,0.14465462,0.08669796,-0.19201751,0.20230269,0.05697216,0.53362882,0.10804828,0.03813683,0.3461436,-0.05824669,-0.21762037,-0.15398404,-0.21312459,-0.23577167,-0.04065951,-0.11635057,-0.25515187,0.10754912,-0.27549127,-0.40949064,0.26613867,-0.23774679,4504000.0713748,0.12456972,0.14350404,0.08543669,-0.19315501,0.20366971,0.05876585,0.53517568,0.10654546,0.03900585,0.35161719,-0.05769291,-0.21070442,-0.14959762,-0.21532513,-0.23549163,-0.04348359,-0.12495002,-0.25102282,0.10273095,-0.28002831,-0.41175222,0.27027029,-0.24795227,4505000.07008527,0.12409762,0.14846697,0.08730325,-0.2020034,0.20260549,0.05277824,0.53779727,0.10572662,0.03460452,0.35903734,-0.06281048,-0.22380161,-0.15334049,-0.21338044,-0.23495825,-0.04340553,-0.12327596,-0.25374776,0.11034071,-0.27513823,-0.41386682,0.26715019,-0.24697335,4506000.07225492,0.12087695,0.14575094,0.08852534,-0.20262454,0.20560907,0.04987069,0.53786421,0.10682159,0.03219825,0.3488088,-0.06558093,-0.22236511,-0.15256934,-0.21195239,-0.23736766,-0.04501804,-0.11508806,-0.25370127,0.1051973,-0.27641556,-0.41592526,0.26614508,-0.24823272,4507000.07019866,0.12824404,0.14301018,0.08817542,-0.20372665,0.20057148,0.05276638,0.537413,0.10410412,0.03162726,0.3454743,-0.06406771,-0.22277908,-0.1581258,-0.21618588,-0.24034555,-0.04599537,-0.11402714,-0.25757363,0.1076525,-0.28424466,-0.41716436,0.27000535,-0.24858448,4508000.0731125,0.12671341,0.14729668,0.09219418,-0.20601723,0.20169169,0.0505651,0.53637415,0.10540841,0.02919803,0.34071621,-0.0697649,-0.22600095,-0.15808991,-0.21737908,-0.24035716,-0.04727325,-0.12177373,-0.25808823,0.11413068,-0.28677028,-0.41712314,0.26805487,-0.2433082,4509000.07066783,0.12975243,0.14609952,0.09524839,-0.20791094,0.20447579,0.04889572,0.53695881,0.10694052,0.02569965,0.35369059,-0.06639974,-0.22613877,-0.16248518,-0.21945156,-0.23976123,-0.04538861,-0.12243512,-0.25419775,0.11281282,-0.28895059,-0.41639557,0.27018496,-0.24265669,4510000.07251945,0.12985958,0.15073638,0.09402663,-0.2093294,0.20224419,0.04555681,0.5358175,0.10514178,0.02530772,0.346293,-0.07262091,-0.22505683,-0.16570491,-0.21901456,-0.24117309,-0.04487183,-0.12334299,-0.25378379,0.11211946,-0.28035384,-0.41539979,0.26543248,-0.24037561,4511000.07281108,0.12410549,0.14619786,0.08753823,-0.19687301,0.20020984,0.05476681,0.53455883,0.10586893,0.03378874,0.34657627,-0.06390791,-0.22897039,-0.1644271,-0.21556176,-0.23903841,-0.04716765,-0.12077483,-0.25326121,0.11115935,-0.28476766,-0.41381502,0.26372921,-0.24156825,4512000.07039943,0.1182413,0.14330035,0.08478649,-0.19349541,0.2021784,0.06012608,0.53452599,0.11307274,0.04076682,0.34253874,-0.05589101,-0.21998228,-0.16163205,-0.21829771,-0.23943122,-0.05014796,-0.12068293,-0.25687617,0.11177802,-0.27786717,-0.41398257,0.26536056,-0.24288496,4513000.07032576,0.12359626,0.14402868,0.08597105,-0.19773798,0.20390941,0.05525739,0.53770816,0.11014319,0.03685981,0.34962708,-0.0565814,-0.22525305,-0.16443704,-0.21288681,-0.24072576,-0.04981517,-0.13495018,-0.25403395,0.10166645,-0.28065935,-0.41592506,0.26195621,-0.24817017,4514000.07157473,0.12386751,0.14314681,0.08822425,-0.20381032,0.20051657,0.04978144,0.53457129,0.10375101,0.03430689,0.34931746,-0.06681932,-0.22799215,-0.16217439,-0.21242477,-0.24274302,-0.04909763,-0.11641549,-0.2562117,0.10390972,-0.29153061,-0.41831028,0.26242673,-0.25227016,4515000.07118291,0.12380454,0.14451931,0.08809566,-0.20010686,0.20235448,0.05466137,0.53327346,0.1063634,0.03424418,0.34656399,-0.06911295,-0.23290908,-0.16555358,-0.21846092,-0.24385859,-0.05153602,-0.12092596,-0.26268581,0.11281437,-0.28719157,-0.41844001,0.26661962,-0.25273022,4516000.0711013,0.12629613,0.14640631,0.08990732,-0.20394945,0.20288761,0.05037104,0.53691489,0.10916857,0.0326136,0.34697652,-0.06812107,-0.22917435,-0.16561811,-0.22157997,-0.24319644,-0.05304808,-0.11658867,-0.26166478,0.1068816,-0.28032979,-0.41846338,0.27054387,-0.24836275,4517000.07359111,0.13032024,0.15044509,0.09413531,-0.20875712,0.21010448,0.05375214,0.53848261,0.10666496,0.02913789,0.3502005,-0.06926598,-0.23380071,-0.17039452,-0.22117735,-0.24388161,-0.05126022,-0.12489323,-0.2616412,0.10336272,-0.28637555,-0.41874027,0.2695429,-0.24894504,4518000.074791,0.12661144,0.151794,0.09467824,-0.21356712,0.21258202,0.04888847,0.53809679,0.10497859,0.02648381,0.34090692,-0.06818652,-0.24460343,-0.17302126,-0.22043985,-0.24698576,-0.05390803,-0.1302713,-0.26042274,0.10442463,-0.29154563,-0.41707286,0.2678909,-0.24680462,4519000.07433366,0.12857257,0.15119505,0.09349009,-0.21050514,0.20684002,0.05398597,0.53650934,0.10783234,0.02750975,0.34228027,-0.0700152,-0.23713787,-0.16857122,-0.22102231,-0.24368829,-0.0550695,-0.13125187,-0.25492564,0.10807223,-0.27928206,-0.41649011,0.26718765,-0.25039572,4520000.07132929,0.11948909,0.14599515,0.08450132,-0.19544923,0.20509967,0.05459004,0.5382368,0.11057535,0.04104621,0.34407711,-0.0640954,-0.24198689,-0.16252911,-0.22171016,-0.2425933,-0.05292263,-0.13488068,-0.25214913,0.10494646,-0.28842434,-0.41320923,0.26180965,-0.25059491,4521000.07142507,0.12109274,0.14395486,0.08753406,-0.19710094,0.20752023,0.05551993,0.53678739,0.10794769,0.04202083,0.35191801,-0.0626568,-0.2324091,-0.16059871,-0.21749221,-0.24371772,-0.05238605,-0.12251984,-0.25834191,0.10090311,-0.28824434,-0.41693354,0.2648305,-0.25642508,4522000.07152079,0.12167093,0.14472711,0.08772432,-0.20196831,0.2080007,0.05297922,0.53745544,0.10785057,0.0376167,0.35795495,-0.06596969,-0.23552136,-0.16352953,-0.21694565,-0.24462715,-0.05341948,-0.12072566,-0.25582308,0.10245007,-0.28756201,-0.41951099,0.26532748,-0.25642544,4523000.07117882,0.12285922,0.14798653,0.08881758,-0.20268494,0.20783408,0.05968614,0.53678238,0.10639848,0.03749003,0.35214332,-0.06573524,-0.23882037,-0.16328371,-0.22143809,-0.24535091,-0.05813438,-0.11987055,-0.25830334,0.10518891,-0.28861937,-0.4198409,0.26406839,-0.25897375,4524000.06913748,0.12696995,0.14736144,0.08995993,-0.20292549,0.20357078,0.05301484,0.53355694,0.10623109,0.03565462,0.35006142,-0.0678934,-0.2295602,-0.16737665,-0.22439456,-0.2452302,-0.05947024,-0.12582661,-0.25999543,0.10219193,-0.28478622,-0.41868263,0.26104811,-0.25617197,4525000.07433366,0.12717515,0.14727528,0.09262975,-0.20640326,0.20209157,0.05136085,0.53447652,0.10795668,0.03333791,0.35251656,-0.0728722,-0.23642372,-0.17091553,-0.22526389,-0.24496882,-0.05723212,-0.12519515,-0.25788417,0.10544862,-0.2880061,-0.41989157,0.26785263,-0.25123137,4526000.07555924,0.12776509,0.14836454,0.09631646,-0.2102295,0.2090483,0.05464369,0.53609324,0.10815146,0.0308377,0.35000986,-0.07018409,-0.23233768,-0.17118974,-0.22846521,-0.24760051,-0.05157452,-0.12729232,-0.25974292,0.10893685,-0.28984541,-0.41893938,0.27102095,-0.24632996,4527000.07169795,0.12609801,0.14876936,0.09588874,-0.21047556,0.21036236,0.05120684,0.53509551,0.10735314,0.02961587,0.35777801,-0.06757767,-0.24018626,-0.1688419,-0.22486643,-0.24678878,-0.05052965,-0.13326128,-0.25966904,0.11061271,-0.28292125,-0.41604796,0.26967341,-0.2451314,4528000.06995318,0.12231981,0.14488511,0.08778371,-0.19559959,0.20553994,0.05648999,0.53660601,0.10803913,0.04183229,0.3560572,-0.06152071,-0.23125759,-0.1660915,-0.22413181,-0.24467939,-0.05148561,-0.13253316,-0.2561928,0.10659292,-0.28353146,-0.41540697,0.26745054,-0.24580476,4529000.07104662,0.1220411,0.14250512,0.08823694,-0.19302838,0.20882167,0.06127344,0.53756708,0.11171688,0.0471077,0.35144055,-0.0562169,-0.23025255,-0.16302243,-0.22414559,-0.24434391,-0.04753272,-0.1289482,-0.25629711,0.10906971,-0.28952536,-0.4165253,0.26042086,-0.24777983,4530000.0727096,0.12526147,0.14724754,0.09123376,-0.2025346,0.2070529,0.05603687,0.54078108,0.10982921,0.04244398,0.35123292,-0.06330775,-0.229588,-0.16779548,-0.22144949,-0.2444669,-0.05029358,-0.13724868,-0.25995398,0.11188415,-0.2983906,-0.41848952,0.2638782,-0.2635712,4531000.07168454,0.12293556,0.14724754,0.08921936,-0.19973628,0.20653945,0.0590761,0.53693116,0.10913334,0.03939224,0.35249618,-0.06118142,-0.23766799,-0.16923667,-0.22291444,-0.24610391,-0.05050021,-0.133113,-0.25470144,0.1131807,-0.29128987,-0.41883609,0.26688468,-0.25169644,4532000.07163908,0.12539773,0.14516161,0.09240787,-0.20428853,0.20895548,0.0581514,0.53596473,0.10927404,0.04002292,0.36271226,-0.06411754,-0.23525858,-0.17167558,-0.22166911,-0.24371104,-0.05093645,-0.13615167,-0.25539246,0.10794495,-0.28685573,-0.41890827,0.26130581,-0.25266883,4533000.07425022,0.13036573,0.15034008,0.0962532,-0.20268773,0.20885514,0.05324987,0.53779227,0.10926563,0.03753741,0.35731801,-0.06150103,-0.23326501,-0.1652451,-0.22668877,-0.24665707,-0.04860659,-0.13361773,-0.26067755,0.11147292,-0.2929152,-0.41826102,0.265017,-0.25308082,4534000.07773975,0.13169786,0.14994174,0.09808146,-0.205404,0.2060332,0.0568002,0.5393374,0.10781043,0.0343396,0.35386315,-0.06225346,-0.23008238,-0.16593935,-0.22896434,-0.24781728,-0.05048122,-0.1290729,-0.25824833,0.11131058,-0.28845194,-0.41839927,0.27119181,-0.24878493,4535000.07683646,0.13632496,0.14908898,0.09838321,-0.20429124,0.20738003,0.05061173,0.53775698,0.10657626,0.03209069,0.35383776,-0.06623019,-0.22028959,-0.17464927,-0.22504044,-0.24656264,-0.0519756,-0.1409705,-0.25669762,0.1085335,-0.28959018,-0.4165954,0.27536479,-0.25647038,4536000.0760487,0.12767638,0.14700811,0.0929853,-0.19647974,0.2073912,0.05491057,0.53866249,0.10740346,0.03794611,0.34650332,-0.05930815,-0.22284998,-0.1711947,-0.22251575,-0.24843271,-0.05008011,-0.12725472,-0.25967857,0.11226065,-0.2905418,-0.41535157,0.27274486,-0.24708585,4537000.07582934,0.12529929,0.14828934,0.0901136,-0.18521073,0.20750596,0.06101625,0.53846973,0.10969771,0.050832,0.35779312,-0.05078058,-0.21834145,-0.16232677,-0.2236041,-0.24669561,-0.04897396,-0.13028835,-0.25588554,0.10315142,-0.28585485,-0.41270861,0.26632664,-0.25078624,4538000.0722131,0.12647696,0.14631429,0.09209199,-0.19115719,0.21068442,0.0600554,0.53572625,0.11060583,0.04937596,0.35809818,-0.05212881,-0.21684496,-0.16725655,-0.22438855,-0.24670233,-0.0468262,-0.12319175,-0.25259146,0.11089136,-0.29354629,-0.41633934,0.26554161,-0.25727838,4539000.07451457,0.12357433,0.14919741,0.09328301,-0.19443484,0.20809437,0.05396676,0.53688025,0.10984024,0.04411773,0.35309097,-0.0532681,-0.22640723,-0.16352245,-0.22086124,-0.24602236,-0.04641955,-0.13236971,-0.25523201,0.10726124,-0.29031837,-0.41906545,0.26346353,-0.25868756,4540000.074953,0.12627028,0.15074044,0.0944263,-0.1926226,0.20603906,0.05936115,0.53685439,0.10970638,0.04274808,0.35898644,-0.05586625,-0.22095376,-0.15834504,-0.22165738,-0.24712154,-0.04587935,-0.12800628,-0.2534686,0.10738447,-0.28833106,-0.42003495,0.26978222,-0.25027999,4541000.0748756,0.12947585,0.15014184,0.09660298,-0.19677523,0.20986396,0.05438741,0.53824449,0.10892945,0.04150419,0.35264543,-0.05883256,-0.23275074,-0.16130108,-0.22470368,-0.24784285,-0.04435391,-0.13643837,-0.25904679,0.11297193,-0.2898958,-0.41999725,0.27687907,-0.25253755,4542000.0756494,0.13335185,0.15374787,0.09844715,-0.19984248,0.20811431,0.05600848,0.53856421,0.10838256,0.03900453,0.35042235,-0.0609277,-0.23152201,-0.16252387,-0.22391403,-0.24789484,-0.04787711,-0.12892145,-0.25645241,0.11033285,-0.28681961,-0.41897753,0.27241686,-0.25700006,4543000.07639757,0.13258013,0.1518904,0.1024233,-0.20390171,0.20760646,0.0503634,0.53593528,0.10761298,0.03552295,0.36431384,-0.06649721,-0.22164285,-0.16101134,-0.22564101,-0.24636152,-0.04551096,-0.12568225,-0.25204444,0.11078925,-0.29601535,-0.41934651,0.2729497,-0.25084382,4544000.07583642,0.13385913,0.1518337,0.10196014,-0.20072724,0.2085925,0.05649276,0.53749126,0.10853038,0.03528159,0.35907975,-0.06121068,-0.22486873,-0.16023113,-0.22676228,-0.24605431,-0.04276299,-0.13975638,-0.25596681,0.11059326,-0.28995836,-0.41793752,0.26683384,-0.24911097,4545000.0751265,0.13012533,0.15240557,0.0928111,-0.18762305,0.20842434,0.0612225,0.53890014,0.11113068,0.04679339,0.36590299,-0.05475994,-0.22560307,-0.16167276,-0.22402452,-0.24422963,-0.04179026,-0.13625588,-0.254742,0.1063771,-0.27710485,-0.41501316,0.26730603,-0.24959795,4546000.0735607,0.12846069,0.15054375,0.09344354,-0.18399084,0.20819314,0.05976477,0.54017192,0.11138279,0.05156217,0.36469227,-0.05270291,-0.22828507,-0.16396859,-0.22251596,-0.24391447,-0.03774902,-0.13706805,-0.25743872,0.11065684,-0.28509179,-0.41561788,0.26460531,-0.24927458,4547000.07378583,0.12870306,0.15162738,0.09506121,-0.19081597,0.20645984,0.0526306,0.54139596,0.11142696,0.04759258,0.36496258,-0.05065605,-0.22406836,-0.15580557,-0.22260544,-0.24554393,-0.0359301,-0.12203313,-0.2561684,0.10953663,-0.30031753,-0.41859844,0.27187049,-0.25904623,4548000.07475297,0.13045326,0.14774145,0.09580748,-0.19504863,0.20974997,0.05799348,0.54134977,0.10851952,0.04436966,0.37816188,-0.05492932,-0.22640428,-0.16118255,-0.22445913,-0.24690209,-0.03837195,-0.12963152,-0.25661767,0.11037485,-0.28759795,-0.42042783,0.26372057,-0.25963154,4549000.07517838,0.1324434,0.15491904,0.09580748,-0.19580133,0.20778063,0.06070764,0.54333168,0.10953528,0.04384647,0.3650735,-0.0574731,-0.22251008,-0.15712021,-0.22229199,-0.24527502,-0.03820875,-0.11912587,-0.25347751,0.10803948,-0.2889272,-0.42111629,0.26393569,-0.25490296,4550000.07746957,0.13273118,0.1524581,0.09811306,-0.19853948,0.20892206,0.0573738,0.54028583,0.10840852,0.04068546,0.35645473,-0.06260522,-0.22743021,-0.16033234,-0.22524974,-0.24634829,-0.03805066,-0.12783986,-0.25558102,0.11443513,-0.29269695,-0.42101747,0.26360285,-0.24975674,4551000.07334769,0.13721935,0.15163037,0.10398582,-0.196008,0.20873494,0.05411961,0.54121315,0.10841418,0.03624406,0.35923159,-0.05943355,-0.22061563,-0.15522388,-0.22747689,-0.24567226,-0.03489085,-0.12075561,-0.25771767,0.1054566,-0.28526595,-0.42084971,0.26518896,-0.24577802,4552000.07725568,0.13635853,0.15503609,0.10631035,-0.20265113,0.21260126,0.05695369,0.54030216,0.10966336,0.03351546,0.36118624,-0.06028894,-0.21822076,-0.15756306,-0.22418773,-0.24419251,-0.03453553,-0.12483026,-0.25479025,0.10839305,-0.28375098,-0.41928279,0.26773843,-0.24778201,4553000.07691894,0.13273698,0.15180452,0.10250073,-0.19567536,0.21523088,0.05901384,0.5380401,0.11151447,0.03566469,0.36047974,-0.05675631,-0.22593729,-0.15758945,-0.22372922,-0.24495934,-0.0342595,-0.12765798,-0.25243816,0.1051027,-0.28950971,-0.41850609,0.26532978,-0.25110915,4554000.07421803,0.12975547,0.14768973,0.09492039,-0.18487011,0.21174785,0.05973838,0.53988022,0.11319776,0.05038864,0.3630605,-0.04837605,-0.21767943,-0.14249329,-0.22737317,-0.24327175,-0.03351209,-0.12015846,-0.25269082,0.10737732,-0.28562525,-0.41565099,0.27563924,-0.24542511,4555000.0746946,0.12998044,0.15234239,0.09590342,-0.18732476,0.21458678,0.05814369,0.54412866,0.11282885,0.05023239,0.36941397,-0.04976465,-0.21092345,-0.15232059,-0.22309984,-0.2435485,-0.02913791,-0.11566618,-0.24995525,0.10569696,-0.28722048,-0.41635048,0.26669019,-0.25450498,4556000.07481733,0.12653498,0.15036605,0.09792222,-0.19002475,0.21256268,0.05924435,0.54306316,0.11210673,0.04565333,0.37345344,-0.05348539,-0.21901569,-0.15761654,-0.22270431,-0.24438427,-0.03329067,-0.11997285,-0.25340614,0.10600361,-0.28272158,-0.41932884,0.27153015,-0.25510982,4557000.0772177,0.13230136,0.15260056,0.09755608,-0.19070764,0.21283729,0.05888947,0.5445351,0.11200543,0.04592468,0.36597604,-0.05250458,-0.20741002,-0.14678207,-0.22454719,-0.24438864,-0.02981628,-0.13204148,-0.25375101,0.10828914,-0.28951621,-0.41921791,0.26697239,-0.25506508,4558000.07517225,0.13536645,0.1509705,0.0984152,-0.19580036,0.21465451,0.05562311,0.54680043,0.11121249,0.04313648,0.36122623,-0.05255275,-0.21695492,-0.14445804,-0.22624017,-0.24422996,-0.03816042,-0.13652478,-0.25435814,0.10538845,-0.29485425,-0.42071453,0.27113491,-0.25573248,4559000.07754002,0.13661779,0.15431774,0.10197978,-0.19634263,0.21858042,0.05576001,0.54465985,0.11194458,0.04012937,0.35383156,-0.05519268,-0.22170551,-0.14437091,-0.22602434,-0.24322179,-0.03125975,-0.13764304,-0.25072029,0.10915454,-0.27871343,-0.41961619,0.26797479,-0.25285733,4560000.07706856,0.13771006,0.15572232,0.10549822,-0.19897819,0.21747164,0.05852905,0.54179603,0.11176902,0.03659393,0.36752033,-0.05486704,-0.2252689,-0.14598921,-0.22483839,-0.24416417,-0.02745452,-0.13550882,-0.25407693,0.10822801,-0.27872577,-0.41951665,0.27795273,-0.24782902,4561000.07812651,0.1360739,0.15320471,0.10364892,-0.19448043,0.21602584,0.05709825,0.54148149,0.11105091,0.0378621,0.36235702,-0.05328721,-0.22476609,-0.14716285,-0.22477283,-0.24268918,-0.0264452,-0.1240373,-0.25247797,0.10396557,-0.28954351,-0.4189235,0.27080709,-0.24857481,4562000.07459812,0.12833862,0.15025924,0.09431648,-0.18152733,0.21324934,0.06622425,0.54276657,0.11289839,0.05127854,0.35595578,-0.04806774,-0.22481915,-0.14159602,-0.22343111,-0.23898749,-0.02704542,-0.12200411,-0.24940522,0.10566594,-0.28399003,-0.41616949,0.26275215,-0.2474117,4563000.07354566,0.13598838,0.15148337,0.09857386,-0.18706918,0.21187381,0.05864026,0.53998834,0.11360272,0.05135049,0.35635328,-0.04497618,-0.21151307,-0.14077272,-0.22425881,-0.24000406,-0.02748661,-0.12648967,-0.24722889,0.11078776,-0.28900889,-0.41617575,0.26949945,-0.24533166,4564000.07748904,0.13422479,0.153687,0.09970354,-0.18897094,0.21245085,0.05556281,0.54341447,0.1108669,0.04702489,0.36177951,-0.04920257,-0.20728426,-0.13996054,-0.22264285,-0.24067508,-0.02321192,-0.12592623,-0.25001305,0.10772677,-0.28865978,-0.41861343,0.27206275,-0.2514748,4565000.07553342,0.12820795,0.15543345,0.10049952,-0.19415984,0.21637748,0.05813041,0.54493248,0.11073195,0.0459431,0.37211838,-0.05234507,-0.22127301,-0.13876761,-0.223322,-0.24046367,-0.02711915,-0.11141022,-0.24987099,0.10499918,-0.28120649,-0.41981572,0.26770404,-0.25348052,4566000.07699818,0.13108538,0.15234239,0.09968781,-0.19571055,0.21087192,0.05581198,0.54254091,0.11145148,0.0438277,0.36243153,-0.05513104,-0.22056106,-0.13957901,-0.21978748,-0.23967572,-0.02699442,-0.1258821,-0.24972062,0.11001566,-0.28341684,-0.41938516,0.2704758,-0.25158134,4567000.07640443,0.13764893,0.1547763,0.10272866,-0.19541128,0.21296266,0.05607169,0.5415113,0.1102899,0.04079251,0.36012942,-0.05470102,-0.20986579,-0.14070868,-0.22582537,-0.23900899,-0.02364858,-0.12804763,-0.25413367,0.10950945,-0.28350669,-0.41953355,0.27243897,-0.25551799,4568000.08242236,0.14424525,0.15663867,0.10878655,-0.19805905,0.21657369,0.05206381,0.54671973,0.10974378,0.03723511,0.36376467,-0.04966029,-0.21449539,-0.13972221,-0.22538376,-0.23871274,-0.01818611,-0.12423295,-0.25140342,0.10967331,-0.289805,-0.41798943,0.27633277,-0.2532894,4569000.07972182,0.13591708,0.15154569,0.10361874,-0.18879022,0.21464321,0.05607919,0.54332256,0.10985264,0.04042634,0.35637268,-0.04734423,-0.21041062,-0.14521696,-0.22410709,-0.23880351,-0.02731624,-0.12895136,-0.2491622,0.10919243,-0.28551999,-0.41663712,0.2774463,-0.25518963,4570000.07355357,0.12881844,0.15031204,0.09620529,-0.18385376,0.2141234,0.06665716,0.54188687,0.11175899,0.05439239,0.36520591,-0.04277855,-0.21553826,-0.13225612,-0.22391804,-0.23603536,-0.02587154,-0.11570882,-0.24947938,0.10688516,-0.27848858,-0.41551009,0.27107555,-0.25384715,4571000.07404269,0.13339533,0.15185001,0.09973457,-0.1863357,0.2159963,0.06180692,0.54339582,0.11354581,0.05303143,0.36749682,-0.03990028,-0.20601282,-0.13131067,-0.22489181,-0.23693039,-0.01927204,-0.10470295,-0.24652143,0.11040993,-0.28533366,-0.41827127,0.26892453,-0.2554374,4572000.07501024,0.13628975,0.15253745,0.10166178,-0.191475,0.21621849,0.06204598,0.54016489,0.11198433,0.04756732,0.36205366,-0.04556721,-0.20896763,-0.13644391,-0.22386789,-0.23689565,-0.01994142,-0.12355601,-0.2493332,0.10739985,-0.28568819,-0.42084914,0.27498811,-0.25149435,4573000.07763112,0.137227,0.15273787,0.1020443,-0.19183758,0.21310645,0.06005226,0.54313737,0.10837052,0.04680244,0.36340821,-0.04866935,-0.21100645,-0.13097753,-0.22742797,-0.23733222,-0.02017207,-0.11488052,-0.24868695,0.10361445,-0.2780436,-0.42049855,0.27531907,-0.25812542,4574000.07915509,0.13803247,0.15362595,0.10335137,-0.19916902,0.21089321,0.05804279,0.54316401,0.11099222,0.04381169,0.36309651,-0.04598137,-0.20744686,-0.13371563,-0.22471796,-0.23584932,-0.02287984,-0.1225023,-0.24996938,0.10783631,-0.28474858,-0.42145893,0.27438721,-0.25636086,4575000.07782438,0.13741392,0.15356965,0.10545625,-0.19762106,0.21068598,0.05400769,0.54013515,0.10970895,0.04191265,0.35938317,-0.04940641,-0.20806938,-0.13518432,-0.22103649,-0.23741829,-0.02362611,-0.11828148,-0.24910024,0.11293484,-0.28215739,-0.42066652,0.26981121,-0.25085956,4576000.0776568,0.13528904,0.15299977,0.10800822,-0.20093364,0.2156343,0.05038226,0.54149681,0.11059661,0.0392196,0.35869494,-0.05264999,-0.2005793,-0.13797876,-0.22341041,-0.23642345,-0.01743397,-0.12357282,-0.25483048,0.10915434,-0.28144622,-0.42079419,0.26926026,-0.2556099,4577000.07905776,0.13569427,0.15263015,0.1018207,-0.19343731,0.21669441,0.05975587,0.54215431,0.10928043,0.04326816,0.35969055,-0.04463125,-0.20452571,-0.13387211,-0.22699402,-0.23492983,-0.02041177,-0.1186038,-0.24912833,0.10860822,-0.2847521,-0.41943818,0.26879576,-0.24993475,4578000.07490062,0.13177146,0.14353153,0.09609125,-0.18336247,0.21078517,0.06302413,0.54026967,0.11042763,0.05457407,0.36609793,-0.04205101,-0.20739543,-0.12633203,-0.21992086,-0.23398325,-0.01716251,-0.12859653,-0.24752568,0.10865597,-0.28570929,-0.41921562,0.26785538,-0.25670737,4579000.07570027,0.13187629,0.15123844,0.09664264,-0.1921681,0.21246463,0.06344625,0.54180199,0.11118829,0.05201809,0.37911457,-0.03983213,-0.204491,-0.12544619,-0.21933204,-0.23246248,-0.01944811,-0.11574268,-0.25087631,0.10467537,-0.28519091,-0.42174491,0.27156764,-0.25857431,4580000.07521624,0.13228561,0.15470739,0.09772357,-0.1905506,0.21244474,0.0620646,0.54165924,0.11194748,0.04737017,0.36502892,-0.04686813,-0.21961513,-0.13097651,-0.2199091,-0.23567306,-0.01876543,-0.10833041,-0.25144699,0.10576492,-0.29354095,-0.42329776,0.2697311,-0.26079553,4581000.07677837,0.13386485,0.15035322,0.09898182,-0.1945163,0.21297354,0.05340821,0.54300368,0.10892353,0.04636977,0.36781508,-0.04523422,-0.22259039,-0.13202222,-0.22323731,-0.23556526,-0.02215076,-0.11607076,-0.24685359,0.10262439,-0.29051685,-0.42426363,0.26986349,-0.26587006,4582000.07835459,0.13261561,0.15104085,0.10020909,-0.19844064,0.21325451,0.05671493,0.5416261,0.11054972,0.04475513,0.36906794,-0.05011008,-0.2147802,-0.13262852,-0.22344385,-0.23511928,-0.02050738,-0.12098379,-0.25075963,0.10828175,-0.29593563,-0.42436153,0.27173412,-0.25906506,4583000.08013172,0.13273342,0.15158652,0.10065646,-0.20441176,0.2129066,0.0531781,0.54171133,0.10827426,0.04088371,0.35828489,-0.05204486,-0.21530361,-0.1354183,-0.22392134,-0.23672032,-0.02224053,-0.12716745,-0.25070906,0.11232646,-0.28700793,-0.42425358,0.27125165,-0.26215765,4584000.07836751,0.13554461,0.15038671,0.1040853,-0.20736831,0.2084202,0.05127299,0.54169536,0.10798183,0.03858941,0.35961443,-0.05512791,-0.22234367,-0.13428307,-0.22809857,-0.2368464,-0.02380553,-0.11889303,-0.25174341,0.11050344,-0.29013839,-0.42484257,0.27929065,-0.25960621,4585000.07818016,0.1371844,0.15179183,0.10261823,-0.20014139,0.21324655,0.05350495,0.54005349,0.1071039,0.03978167,0.36141711,-0.0512602,-0.21526256,-0.13479641,-0.22615068,-0.23616326,-0.02797168,-0.12551335,-0.24957132,0.10431087,-0.29044384,-0.42305928,0.27318242,-0.2572155,4586000.07385565,0.12974586,0.15129976,0.09414662,-0.1911291,0.21194941,0.05648156,0.53917927,0.10827858,0.05104293,0.35737386,-0.04623968,-0.21919113,-0.13192414,-0.22393854,-0.23284951,-0.02581061,-0.11796968,-0.24916272,0.10961715,-0.29280558,-0.42110685,0.26481101,-0.26410472,4587000.07526705,0.13357241,0.14985235,0.09418393,-0.19327085,0.210692,0.05544659,0.54185575,0.10645178,0.04984527,0.36447775,-0.04639557,-0.21663375,-0.12773485,-0.22340153,-0.23340315,-0.02408817,-0.12514988,-0.24891038,0.11123921,-0.29167771,-0.42374134,0.26759303,-0.25904623,4588000.07584744,0.13002643,0.14990748,0.09515249,-0.20061474,0.2085862,0.05625181,0.53969955,0.10720289,0.04617466,0.36660987,-0.05711015,-0.20790748,-0.13640215,-0.22077039,-0.23452061,-0.02580241,-0.11655011,-0.24852397,0.10884062,-0.28924403,-0.42754832,0.26322249,-0.2674126,4589000.07489755,0.12943554,0.15145366,0.09580576,-0.20051613,0.20849076,0.05449544,0.5434218,0.10771658,0.04469823,0.36700946,-0.06101369,-0.21450342,-0.13696642,-0.22213969,-0.23768425,-0.01997833,-0.12269121,-0.24883923,0.1052559,-0.29593498,-0.42843395,0.26833969,-0.26179394,4590000.0770999,0.13172239,0.15093815,0.09797137,-0.20491393,0.20868912,0.05045057,0.54323316,0.10720693,0.04407433,0.36059332,-0.06118209,-0.22369848,-0.13101919,-0.22115973,-0.23693341,-0.02108678,-0.1316869,-0.25408611,0.10871963,-0.29806039,-0.42999333,0.27191633,-0.26657811,4591000.07714541,0.13301466,0.15025347,0.10025313,-0.21251886,0.21126531,0.05388792,0.54399866,0.10800844,0.04025489,0.36257625,-0.06375661,-0.22384855,-0.12880082,-0.22961842,-0.23555776,-0.02851165,-0.12943037,-0.24879764,0.09894363,-0.29335618,-0.429566,0.2697973,-0.26472375,4592000.07906528,0.13338503,0.1542426,0.10226422,-0.21463649,0.21281271,0.05220364,0.54161865,0.10614707,0.03636143,0.35469308,-0.0643784,-0.22990924,-0.13303968,-0.22582167,-0.23542777,-0.03168396,-0.13075995,-0.25162604,0.10153463,-0.29657397,-0.42914906,0.26765549,-0.26062521,4593000.07960847,0.13614173,0.15562274,0.10296798,-0.20814547,0.21657574,0.05326007,0.54440546,0.10728873,0.03512588,0.36068314,-0.06247954,-0.22281431,-0.13299456,-0.22903134,-0.23600435,-0.02663467,-0.12934317,-0.250799,0.10895158,-0.28709751,-0.4264515,0.26939109,-0.26480144,4594000.07645484,0.12681139,0.15478911,0.09563926,-0.19814099,0.21189605,0.05152946,0.5379132,0.10692387,0.04472195,0.35879844,-0.05787775,-0.21655646,-0.13283557,-0.22710763,-0.23549566,-0.02738551,-0.12877463,-0.2501255,0.10189941,-0.29325709,-0.42557663,0.2661047,-0.26798394,4595000.07390583,0.12825035,0.15147755,0.09171502,-0.19697,0.21062537,0.05710316,0.53977102,0.10734321,0.05166427,0.35786021,-0.05663289,-0.21547027,-0.13505502,-0.22579493,-0.23342423,-0.02834455,-0.11622646,-0.24869247,0.09959505,-0.29972482,-0.42593804,0.26670301,-0.26273468,4596000.07042971,0.12897126,0.15325366,0.09487682,-0.20511608,0.21123208,0.0503477,0.53990459,0.10774779,0.0456015,0.35987616,-0.06291805,-0.22269343,-0.12893189,-0.22133602,-0.23701547,-0.02938001,-0.12283188,-0.24918266,0.1032616,-0.2945869,-0.427598,0.26908666,-0.26552907,4597000.07359824,0.13055283,0.15363114,0.09702881,-0.20976877,0.20921192,0.05087867,0.54205501,0.1074356,0.04492691,0.35232532,-0.06509054,-0.21540301,-0.13463032,-0.22237676,-0.23672998,-0.02687054,-0.12369654,-0.25192034,0.11130229,-0.3004013,-0.43027592,0.26649341,-0.26558316,4598000.07345694,0.12942384,0.15486446,0.0952591,-0.20579931,0.21197502,0.04942169,0.54155803,0.10445007,0.04449587,0.35081577,-0.06296167,-0.21197061,-0.12883553,-0.22382416,-0.23743559,-0.02901818,-0.12179636,-0.25090536,0.10323296,-0.29851407,-0.42979681,0.26653224,-0.26329523,4599000.07474669,0.12764378,0.15294203,0.09822524,-0.21219286,0.21192895,0.05468952,0.53928626,0.10423924,0.04078263,0.35662422,-0.06674003,-0.22764173,-0.13524935,-0.22532976,-0.23576324,-0.02975551,-0.13073997,-0.25076148,0.09759785,-0.29351163,-0.42975429,0.27049407,-0.27394649,4600000.07366887,0.13355887,0.15555684,0.1014816,-0.21669745,0.21125272,0.04627202,0.53944427,0.10365621,0.03975583,0.35410836,-0.06646167,-0.21971546,-0.13740391,-0.22847763,-0.23566967,-0.03132533,-0.13817629,-0.25040123,0.10308365,-0.29354218,-0.42880017,0.27005416,-0.26649871,4601000.07490207,0.13302165,0.15447134,0.10236073,-0.22013085,0.21555148,0.04695707,0.53987086,0.10449383,0.03743219,0.34918422,-0.07082633,-0.22945639,-0.14069529,-0.23067532,-0.23613365,-0.03082054,-0.13199732,-0.25246334,0.10515799,-0.29255417,-0.42781463,0.2665436,-0.26548597,4602000.07228086,0.12948896,0.14736441,0.09606661,-0.20296101,0.20745918,0.05179168,0.53923523,0.10763273,0.04490327,0.35613504,-0.06669768,-0.22215328,-0.13378775,-0.23096314,-0.23504072,-0.02944562,-0.13220941,-0.2473464,0.10370012,-0.29248589,-0.42419258,0.26936522,-0.26651439,4603000.0709279,0.12731332,0.1501867,0.0913642,-0.20478684,0.20905437,0.05804092,0.53912067,0.10840402,0.05185568,0.36562157,-0.06300959,-0.21170111,-0.12166464,-0.22688098,-0.23553818,-0.02798282,-0.13882756,-0.24924913,0.10010295,-0.29612538,-0.42437479,0.26693183,-0.26934394,4604000.07464109,0.12926933,0.15356524,0.09148766,-0.20986934,0.21199556,0.05467398,0.54053086,0.10753397,0.04755795,0.36147019,-0.06443409,-0.20950098,-0.13321283,-0.22638325,-0.23578018,-0.03246838,-0.13071816,-0.24764928,0.10303894,-0.2949428,-0.42704451,0.26675442,-0.27071041,4605000.07081853,0.12805118,0.15155625,0.09419244,-0.21088223,0.2079892,0.05345117,0.53891385,0.10705743,0.04441548,0.3621459,-0.06816601,-0.22345743,-0.12751773,-0.22536564,-0.23461643,-0.02944033,-0.11697508,-0.2515268,0.10437467,-0.29619205,-0.42855507,0.27241203,-0.26248807,4606000.07159878,0.12525788,0.15319471,0.09355729,-0.21335696,0.21229021,0.04879683,0.54256338,0.10621694,0.04530161,0.35848176,-0.06918457,-0.22125505,-0.12564498,-0.23028642,-0.23508663,-0.02832975,-0.1335184,-0.25268757,0.09765601,-0.29470575,-0.42622921,0.26738375,-0.26742384,4607000.07389176,0.13268213,0.15047397,0.09556583,-0.21413052,0.20782381,0.05300692,0.5391438,0.10423791,0.0431899,0.34665397,-0.07166126,-0.21839346,-0.12858067,-0.22984587,-0.23589382,-0.02974263,-0.14548713,-0.24727897,0.10261201,-0.293309,-0.4255071,0.26438716,-0.26252255,4608000.07677575,0.13414803,0.15644468,0.0996305,-0.21988155,0.20771588,0.04468947,0.53878891,0.10611349,0.03947826,0.35569388,-0.07212072,-0.22626191,-0.13313077,-0.22905686,-0.23457813,-0.02973716,-0.12415226,-0.25089315,0.10833061,-0.29428199,-0.42497021,0.26588482,-0.26615772,4609000.0771909,0.13419825,0.15880616,0.09889946,-0.21764067,0.20773679,0.04788382,0.53865033,0.10427252,0.0369344,0.35110393,-0.07507078,-0.2271253,-0.12673688,-0.23178665,-0.23569417,-0.02711668,-0.13870554,-0.24769492,0.10342721,-0.29547989,-0.42074847,0.26828524,-0.26526588,4610000.07529376,0.12750292,0.15272601,0.09234598,-0.20502421,0.20681763,0.05001493,0.53972656,0.10461818,0.0467007,0.35399017,-0.06508276,-0.22223118,-0.12615843,-0.22762145,-0.23349956,-0.02948039,-0.13649979,-0.24589026,0.10114626,-0.29527476,-0.41823295,0.27707881,-0.25948343,4611000.07391573,0.12962008,0.15101703,0.09126592,-0.19949344,0.20634113,0.05222113,0.54098362,0.10517445,0.05193595,0.36432955,-0.06442913,-0.21929078,-0.12392366,-0.2260655,-0.23266998,-0.03045895,-0.12734766,-0.24682194,0.10619958,-0.29628563,-0.41910049,0.26204023,-0.25900561,4612000.07349946,0.12826078,0.15371086,0.09318808,-0.20818125,0.20923278,0.05012403,0.54044294,0.10682159,0.04801086,0.35038671,-0.06687267,-0.22815713,-0.13566408,-0.22883148,-0.23556639,-0.03250132,-0.13416091,-0.2459337,0.0985246,-0.30051798,-0.42115536,0.25973076,-0.26446936,4613000.07290597,0.12963834,0.14932495,0.09261505,-0.20965958,0.20672491,0.052768,0.53907365,0.10507262,0.04543916,0.36512879,-0.07594188,-0.22610088,-0.13714759,-0.22861038,-0.23439732,-0.02833453,-0.12427206,-0.24669734,0.10053962,-0.29966599,-0.42083606,0.26218674,-0.26538059,4614000.07200182,0.12692097,0.14800747,0.09392133,-0.21161804,0.20409849,0.04974646,0.54120201,0.10588587,0.04453658,0.36068064,-0.07955034,-0.21427956,-0.13072334,-0.22997703,-0.23352902,-0.03307746,-0.12546152,-0.24776201,0.1023929,-0.30056131,-0.42013639,0.26373529,-0.25880095,4615000.07571072,0.12755403,0.1525404,0.09827395,-0.21112967,0.20865607,0.05339396,0.54051828,0.10567229,0.04116087,0.35655129,-0.07750753,-0.22182016,-0.13118337,-0.22898643,-0.2326671,-0.02829428,-0.12608196,-0.24977162,0.10348891,-0.30112955,-0.41896117,0.27198589,-0.26361442,4616000.07755237,0.13564266,0.1540917,0.09987039,-0.2145794,0.2079021,0.05017553,0.53884262,0.1046579,0.03813083,0.34590882,-0.08363724,-0.22605324,-0.13279773,-0.22740118,-0.23282745,-0.02940273,-0.12177836,-0.24597643,0.09726221,-0.29333463,-0.41918069,0.26754746,-0.25728324,4617000.07915591,0.13388437,0.15318021,0.09971303,-0.21922044,0.20531785,0.04707589,0.54107195,0.10581993,0.03574732,0.35692757,-0.08617862,-0.22037038,-0.13207662,-0.23378502,-0.23218359,-0.03355314,-0.12151533,-0.24567021,0.10197166,-0.28853077,-0.41538855,0.27112707,-0.24947116,4618000.07766964,0.13525818,0.15103163,0.09344209,-0.20898338,0.20937622,0.05064166,0.54144198,0.1043519,0.04340639,0.35931903,-0.08106297,-0.22329655,-0.13330981,-0.22942856,-0.23307642,-0.03005678,-0.13710564,-0.24499613,0.10335398,-0.2926473,-0.41351283,0.26933983,-0.24778882,4619000.07145127,0.12781964,0.14893223,0.0864062,-0.20317265,0.20576206,0.05601446,0.54064733,0.10623149,0.05289553,0.36099574,-0.07815465,-0.21627305,-0.12905999,-0.22982183,-0.23298647,-0.02877652,-0.13908978,-0.24152741,0.09683358,-0.29639208,-0.41219553,0.26710662,-0.25627106,4620000.07223494,0.13095522,0.14983141,0.09121061,-0.20891213,0.20952716,0.05514726,0.5409618,0.10676215,0.04902357,0.35612035,-0.07992793,-0.22739853,-0.13197562,-0.22686511,-0.23312402,-0.03198437,-0.12958783,-0.24222003,0.09412251,-0.30737695,-0.4141517,0.26406258,-0.25655958,4621000.0724998,0.13016151,0.1499774,0.093552,-0.21079765,0.21196227,0.05055052,0.54125297,0.10703236,0.04500733,0.36022326,-0.0830339,-0.22496822,-0.14333682,-0.22968414,-0.23355238,-0.03354309,-0.12913108,-0.24772911,0.10147939,-0.30366266,-0.41618761,0.26910347,-0.25380269,4622000.07517131,0.13278554,0.15204051,0.09369395,-0.21346883,0.21077134,0.0557467,0.54100525,0.10503737,0.04353171,0.35404056,-0.08862113,-0.230049,-0.13189124,-0.22980069,-0.23493901,-0.03500073,-0.13572046,-0.24705777,0.0968805,-0.30481502,-0.41555077,0.26876774,-0.2584039,4623000.07692222,0.13327667,0.15212719,0.09728247,-0.21584851,0.21119885,0.05367557,0.53575611,0.1029857,0.04052208,0.35627353,-0.09632582,-0.2276164,-0.13212088,-0.23141146,-0.23391724,-0.03786965,-0.1371077,-0.24656853,0.10375265,-0.29989028,-0.41391537,0.2707915,-0.25096127,4624000.07581124,0.13082382,0.15301758,0.09977023,-0.21687275,0.21087103,0.05031974,0.54100394,0.10489537,0.03750207,0.35690048,-0.09069911,-0.23197807,-0.13451928,-0.23223332,-0.23569098,-0.03571507,-0.12660342,-0.24484316,0.10290609,-0.30216113,-0.41200697,0.26790056,-0.25734943,4625000.07788705,0.13849287,0.15325716,0.1023739,-0.21777722,0.21245134,0.04925424,0.54055512,0.10639257,0.03479807,0.35104081,-0.09578962,-0.24433774,-0.13794951,-0.23092939,-0.23496073,-0.03644835,-0.13385041,-0.24504852,0.10038035,-0.30190015,-0.41044953,0.26526865,-0.25250101,4626000.0768804,0.13518743,0.15268581,0.0949168,-0.21243978,0.21218389,0.04803778,0.54017192,0.10560336,0.03882366,0.34508231,-0.0923955,-0.23072684,-0.13094515,-0.23161542,-0.23356913,-0.03253808,-0.13678828,-0.24505624,0.09756269,-0.29017392,-0.40645441,0.26594928,-0.25431043,4627000.07271877,0.12978069,0.15195793,0.09018243,-0.20474032,0.20645751,0.0577638,0.54010952,0.1064948,0.04927606,0.3565914,-0.08943302,-0.22264186,-0.1315802,-0.23386684,-0.23154454,-0.03253506,-0.13989486,-0.24448371,0.1004826,-0.29425591,-0.40694457,0.26017034,-0.25845024,4628000.07604867,0.13136235,0.15183088,0.09168488,-0.21236786,0.2127459,0.05787713,0.53988504,0.10694255,0.04658607,0.34937349,-0.09307274,-0.23108058,-0.1381603,-0.22861017,-0.23351504,-0.03419671,-0.13966684,-0.24440619,0.09330786,-0.30047837,-0.41054741,0.26818293,-0.25686902,4629000.07479657,0.13069902,0.15470487,0.09133998,-0.21313834,0.21042298,0.05108458,0.53887457,0.10397456,0.04189911,0.35631374,-0.09857953,-0.23942491,-0.13613532,-0.23277691,-0.23341554,-0.03561027,-0.14106879,-0.2466563,0.09335347,-0.30461457,-0.41121244,0.26174974,-0.24469869,4630000.07573351,0.13162684,0.15554091,0.09272017,-0.21640494,0.20746659,0.05205558,0.54109573,0.10373319,0.04033681,0.34684411,-0.1020835,-0.23347218,-0.14074415,-0.22994807,-0.23435855,-0.04204505,-0.13736135,-0.2478223,0.09258539,-0.30459478,-0.41088289,0.26039368,-0.24340063,4631000.076561,0.13371374,0.15531205,0.09380496,-0.22023775,0.21227723,0.04963558,0.53855723,0.1037427,0.03887882,0.34335294,-0.1034587,-0.22566667,-0.14544968,-0.22936419,-0.23378807,-0.0408233,-0.14521462,-0.24798149,0.09611004,-0.30529517,-0.40939492,0.26322579,-0.25102362,4632000.07769954,0.13570285,0.15508674,0.09945,-0.22253715,0.21397763,0.05097653,0.53886068,0.10530783,0.0358365,0.33557454,-0.10679419,-0.23837458,-0.13960044,-0.23658931,-0.23470682,-0.0386004,-0.14458424,-0.25030342,0.09023868,-0.31086078,-0.40848494,0.27236688,-0.24974836,4633000.07850858,0.13733891,0.15646976,0.10084185,-0.22230443,0.2145469,0.04925042,0.5417484,0.10366879,0.03259751,0.34858879,-0.10888178,-0.23168561,-0.14037274,-0.2358676,-0.23493244,-0.0416382,-0.14754565,-0.24938816,0.09514878,-0.30647853,-0.40802044,0.26962444,-0.25072387,4634000.07643295,0.13480486,0.15492319,0.0925634,-0.21213408,0.20985721,0.04964862,0.53680336,0.1025428,0.03915635,0.34085575,-0.10575193,-0.24024557,-0.14052892,-0.23640344,-0.2336214,-0.03766718,-0.15119061,-0.24893086,0.10023631,-0.30308458,-0.40360624,0.26708883,-0.25265455,4635000.07433006,0.12979589,0.15397075,0.08867489,-0.21129724,0.21002389,0.05272643,0.53891969,0.10593159,0.0466528,0.34771177,-0.10848577,-0.23986052,-0.13885032,-0.23421608,-0.2330268,-0.0374956,-0.1461934,-0.2441344,0.09538867,-0.30823308,-0.40476456,0.25795248,-0.25585458,4636000.07600281,0.13312963,0.15430652,0.09199291,-0.21586174,0.21051797,0.05046839,0.53865033,0.10319999,0.04383716,0.34723824,-0.10587184,-0.23581783,-0.14121088,-0.23226397,-0.23492157,-0.04486191,-0.1371963,-0.24617785,0.09054934,-0.31000116,-0.40805817,0.26455474,-0.25825655,4637000.0748781,0.13012171,0.15631793,0.09350285,-0.21613762,0.20928669,0.04435878,0.54064548,0.10424472,0.04058608,0.35078442,-0.10833072,-0.23315623,-0.14386854,-0.23588242,-0.23685037,-0.04479943,-0.16132325,-0.24780695,0.09007613,-0.30405107,-0.40705389,0.26551643,-0.2549727,4638000.07609452,0.12998462,0.15540226,0.09426731,-0.22216809,0.21259204,0.04785233,0.53734821,0.10489418,0.03827168,0.35039657,-0.1113366,-0.23929641,-0.14584504,-0.23868743,-0.23800798,-0.04143208,-0.14948216,-0.24715686,0.09694964,-0.30754623,-0.40620452,0.26320642,-0.25318915,4639000.07760824,0.12864161,0.15477127,0.09661084,-0.22785272,0.21662368,0.04930746,0.53562087,0.10218043,0.03637402,0.34550512,-0.1136831,-0.24633008,-0.14420244,-0.23582545,-0.23541692,-0.04427336,-0.14638954,-0.24651112,0.09220216,-0.30874696,-0.40542138,0.26359358,-0.24600281,4640000.08099888,0.13312097,0.15963309,0.09897322,-0.2268789,0.2149483,0.04855484,0.53520614,0.10283606,0.0338648,0.34092295,-0.11710178,-0.2470708,-0.14655404,-0.23635405,-0.23586968,-0.04633066,-0.14667192,-0.24546865,0.09436628,-0.31019223,-0.40559924,0.2653068,-0.24803495,4641000.08042973,0.13843553,0.15814017,0.09908786,-0.22366937,0.21356873,0.04828607,0.535312,0.10415061,0.03337583,0.34588596,-0.11837278,-0.24818361,-0.13719532,-0.24043912,-0.23661019,-0.04636589,-0.15070628,-0.24399707,0.09616967,-0.2990762,-0.4033823,0.2706733,-0.25356111,4642000.07243622,0.13176772,0.15185148,0.09020092,-0.21215673,0.20873466,0.0530412,0.53690052,0.10485049,0.04484099,0.34555817,-0.11563475,-0.23881701,-0.14295281,-0.23724712,-0.23559822,-0.04744149,-0.14528079,-0.24469097,0.09837675,-0.3032338,-0.40243077,0.26946571,-0.24978217,4643000.07532678,0.13014589,0.15241067,0.09176499,-0.21512938,0.21407822,0.05039905,0.53842592,0.1033654,0.04640977,0.34971043,-0.11436384,-0.23899806,-0.14150251,-0.23157705,-0.23713326,-0.047633,-0.1518133,-0.24858545,0.08975346,-0.30958822,-0.40282696,0.26243383,-0.25891128,4644000.07699997,0.12593843,0.15674818,0.09254141,-0.21967128,0.20964742,0.04625301,0.5380221,0.10437103,0.04050809,0.35419619,-0.11984964,-0.23860367,-0.13749211,-0.23765162,-0.23619147,-0.04846573,-0.15298215,-0.24870427,0.09203815,-0.31351891,-0.40546808,0.26363882,-0.2565529,4645000.07765863,0.12545305,0.15793101,0.09392861,-0.22000867,0.20810933,0.04940442,0.5387395,0.10425933,0.03935688,0.34565431,-0.1210404,-0.2409012,-0.1433032,-0.24057278,-0.23753881,-0.04697964,-0.15658839,-0.24945232,0.09160894,-0.3204841,-0.40659767,0.26753333,-0.25763741,4646000.07876576,0.13108875,0.15574889,0.09657504,-0.22878985,0.21542481,0.04691013,0.54097831,0.10268407,0.03765656,0.33497214,-0.12132483,-0.24858712,-0.14396743,-0.23803189,-0.23900488,-0.04998984,-0.14899054,-0.24646725,0.09249406,-0.31339756,-0.4084388,0.2654244,-0.25647691,4647000.07927769,0.1321591,0.15618205,0.0986355,-0.22811067,0.21532403,0.04972274,0.53955495,0.10079887,0.03469155,0.34593076,-0.12342329,-0.244581,-0.14655866,-0.23900807,-0.23908785,-0.05220089,-0.1471495,-0.24808815,0.09624707,-0.30860469,-0.40697944,0.26921663,-0.25302929,4648000.07712343,0.1305671,0.15742216,0.09917849,-0.23017131,0.21744044,0.04138331,0.53972,0.10224435,0.03131111,0.34653494,-0.12211256,-0.24043123,-0.14928381,-0.24559812,-0.23969635,-0.05326597,-0.15722051,-0.24809012,0.09441213,-0.31035224,-0.40534025,0.27038488,-0.25131384,4649000.07588444,0.12714779,0.1562157,0.09336628,-0.21895474,0.21163535,0.04764047,0.53593445,0.10252122,0.03923065,0.33797693,-0.11939991,-0.25268567,-0.14794983,-0.24160978,-0.23739208,-0.05515441,-0.15114705,-0.24552591,0.09848884,-0.30994344,-0.40388241,0.26069403,-0.24848151,4650000.07705936,0.12628268,0.15457366,0.08932518,-0.21597099,0.2085655,0.053672,0.53783959,0.10342305,0.04628062,0.34191892,-0.11939452,-0.24898949,-0.14960785,-0.23397911,-0.2381734,-0.0486737,-0.15878725,-0.24748547,0.09023481,-0.31668255,-0.40474355,0.26015264,-0.25423959,4651000.07651524,0.12479988,0.15487838,0.09038328,-0.22494236,0.2129796,0.04991939,0.54240155,0.10468588,0.04203618,0.34649906,-0.12099054,-0.24965179,-0.14815629,-0.2404296,-0.23942438,-0.04936111,-0.15805808,-0.24696673,0.10036863,-0.31459859,-0.40830302,0.26021922,-0.25582686,4652000.07626808,0.12686829,0.1551386,0.09200392,-0.22509551,0.21441987,0.04827791,0.53840184,0.10300769,0.03790114,0.33624005,-0.12701559,-0.25286832,-0.15515423,-0.24223365,-0.24165247,-0.04918249,-0.16403288,-0.24762037,0.09761925,-0.31305283,-0.41017377,0.26296934,-0.25347173,4653000.07686259,0.12724738,0.15867458,0.09278046,-0.22880656,0.21111174,0.04373565,0.53869522,0.10055733,0.03579134,0.33702818,-0.12513208,-0.25782302,-0.15898453,-0.23538879,-0.24156599,-0.04762461,-0.16008332,-0.24957263,0.09412973,-0.3224571,-0.41039604,0.26899943,-0.25502947,4654000.07573754,0.12598799,0.16230388,0.09634204,-0.23034912,0.21181323,0.04084949,0.54116249,0.10190037,0.033301,0.33287179,-0.12918349,-0.25893599,-0.15180254,-0.2419426,-0.24350068,-0.0533166,-0.16265172,-0.25155145,0.09499725,-0.3274731,-0.41023195,0.26373491,-0.26267776,4655000.07810222,0.1272734,0.16426373,0.10060523,-0.23746333,0.21439973,0.04663168,0.54077166,0.10470011,0.03030286,0.33077264,-0.1348794,-0.25522104,-0.16135211,-0.24048495,-0.24371801,-0.05319531,-0.15831223,-0.24989212,0.09420947,-0.32018968,-0.40948042,0.26474792,-0.25650886,4656000.08009814,0.12913719,0.15968694,0.09784772,-0.23420335,0.21215682,0.04723269,0.53669494,0.10046807,0.03010523,0.33719873,-0.13200602,-0.2588526,-0.16233042,-0.24225554,-0.2437533,-0.05758763,-0.16614789,-0.24827854,0.09088934,-0.31953794,-0.40925848,0.26779369,-0.25008434,4657000.07454926,0.12329306,0.15531558,0.08716789,-0.22200806,0.21136034,0.04967587,0.53606629,0.10100851,0.0400211,0.33550811,-0.12743053,-0.25011551,-0.15694973,-0.2382964,-0.24147442,-0.06062853,-0.14769749,-0.24832292,0.09027401,-0.31459084,-0.40836206,0.25950766,-0.25443158,4658000.0760242,0.12059573,0.15541491,0.08797426,-0.22589982,0.21358208,0.04878838,0.53856993,0.1036841,0.04029282,0.34184757,-0.12731366,-0.24283333,-0.15188825,-0.24002564,-0.24458866,-0.05653365,-0.16765228,-0.25571924,0.09710681,-0.32771432,-0.41091046,0.26341167,-0.26183176,4659000.07588268,0.12209904,0.15690716,0.09032834,-0.23149967,0.21321283,0.04271731,0.54050803,0.10115857,0.03478222,0.34344012,-0.13506028,-0.24999303,-0.1638602,-0.24071759,-0.24504927,-0.06342438,-0.16456102,-0.25300512,0.08954478,-0.33157516,-0.41499823,0.2642777,-0.26872486,4660000.07661884,0.12151966,0.15814725,0.09139537,-0.23290972,0.21077545,0.04066511,0.54206258,0.10156424,0.03186312,0.3340047,-0.1397641,-0.26264089,-0.16009781,-0.24109401,-0.24775761,-0.06012932,-0.16507335,-0.25792381,0.08232098,-0.32873124,-0.41512665,0.26641175,-0.26188082,4661000.07852764,0.11880805,0.15639381,0.09248213,-0.23897631,0.21345384,0.03705398,0.54031062,0.098038,0.03110961,0.33074188,-0.13959149,-0.26504922,-0.16199347,-0.24059647,-0.24904503,-0.06707203,-0.16205613,-0.25611192,0.09286403,-0.33660257,-0.41523311,0.26727855,-0.26490939,4662000.07599238,0.12460679,0.15915802,0.09476707,-0.23957609,0.21633005,0.04188807,0.54051322,0.09975044,0.02718716,0.33266079,-0.14081594,-0.26366827,-0.16987109,-0.24401355,-0.24795444,-0.06583226,-0.16136689,-0.25632721,0.09546693,-0.33487955,-0.41607079,0.2632494,-0.26764989,4663000.07913238,0.12449147,0.15933163,0.09531064,-0.24137194,0.22195388,0.03661711,0.5407092,0.0988834,0.02410994,0.33334804,-0.1457293,-0.26324514,-0.16494937,-0.24549146,-0.24915113,-0.06928609,-0.165253,-0.25636408,0.09140085,-0.33054325,-0.41620946,0.26224965,-0.2691665,4664000.07691251,0.1231683,0.15887597,0.08985209,-0.23735176,0.21402469,0.04374357,0.53598148,0.09915108,0.02952426,0.33445117,-0.13709506,-0.25782812,-0.17221077,-0.24385346,-0.24793835,-0.07264454,-0.17381769,-0.25513896,0.09096243,-0.32915249,-0.41358364,0.2597841,-0.25987408,4665000.07316557,0.11698469,0.15743196,0.08530101,-0.23235866,0.21133982,0.04244724,0.54113364,0.09920538,0.03830681,0.33333284,-0.13391773,-0.2541697,-0.17097348,-0.24386436,-0.24739644,-0.07305125,-0.16676344,-0.25638601,0.087407,-0.32357314,-0.41516688,0.25750983,-0.26454061,4666000.07758901,0.11976866,0.16013144,0.0894938,-0.24035434,0.21459274,0.04077498,0.54534912,0.09976999,0.0333544,0.3340916,-0.14328803,-0.24971168,-0.17463353,-0.24569242,-0.24932306,-0.07130592,-0.16724369,-0.25614628,0.08751953,-0.32939345,-0.41716006,0.26517582,-0.26670763,4667000.07802825,0.12115624,0.15947096,0.08943316,-0.24317443,0.21747051,0.03613075,0.53947252,0.09717835,0.02859874,0.3299129,-0.14381807,-0.25992084,-0.17886215,-0.24349944,-0.25116292,-0.07354327,-0.17995745,-0.26128396,0.08799774,-0.33877131,-0.41862443,0.26174372,-0.2651509,4668000.07680647,0.11953031,0.15877947,0.09091286,-0.24403915,0.21390267,0.03671322,0.54237741,0.09585255,0.02844154,0.33603683,-0.14790815,-0.26100606,-0.17069611,-0.24504741,-0.25318003,-0.07354447,-0.17302145,-0.25842589,0.08909418,-0.33358744,-0.41783705,0.25584698,-0.26460332,4669000.07909095,0.11894125,0.15915473,0.09185833,-0.24821797,0.21380268,0.0365234,0.53992957,0.09697989,0.02559731,0.33165288,-0.15085013,-0.26536879,-0.17643367,-0.24644032,-0.25242159,-0.07513184,-0.17658424,-0.25591019,0.08984024,-0.33554688,-0.41781253,0.26074937,-0.26860791,4670000.07874736,0.11634181,0.1618066,0.09488996,-0.24841265,0.21548527,0.03420332,0.54280013,0.09533437,0.0221763,0.33548644,-0.15315394,-0.26999372,-0.17339775,-0.24892089,-0.25491974,-0.07439996,-0.17914362,-0.25840399,0.09218159,-0.33308616,-0.41648862,0.26161134,-0.25927043,4671000.07869732,0.11844364,0.1606891,0.09286075,-0.24758419,0.21409166,0.03385996,0.53822166,0.09463273,0.02231364,0.33222353,-0.1523172,-0.26166064,-0.17777559,-0.24653243,-0.25372726,-0.0755553,-0.17009494,-0.2575019,0.09331979,-0.33506876,-0.41597286,0.26398325,-0.26291361,4672000.07328971,0.11391824,0.15786591,0.08551198,-0.23793474,0.20807628,0.03815316,0.53823978,0.09462176,0.03270581,0.32059315,-0.14220339,-0.25805414,-0.17230538,-0.24602267,-0.25026438,-0.07779711,-0.1768185,-0.25987828,0.08867099,-0.32760671,-0.41412461,0.26238415,-0.26846504,4673000.07404197,0.11616539,0.16292748,0.08521974,-0.24683042,0.21181323,0.03159305,0.54307032,0.09762601,0.03304386,0.32876375,-0.14127596,-0.25519806,-0.17442702,-0.24334791,-0.25175139,-0.07595018,-0.16765606,-0.25835872,0.08516946,-0.3275035,-0.41683868,0.25800648,-0.26526901,4674000.07687017,0.11501501,0.15563957,0.08743164,-0.24849989,0.21045043,0.03309163,0.54386264,0.09652102,0.02830441,0.32204437,-0.14336917,-0.25774577,-0.18475674,-0.24405788,-0.25397533,-0.07971101,-0.17661175,-0.26189694,0.08950391,-0.34175953,-0.41757664,0.26180696,-0.26417434,4675000.07676043,0.1120046,0.15782359,0.08764289,-0.25033528,0.20949987,0.03088337,0.54584575,0.09321485,0.02694998,0.32109773,-0.1456186,-0.26103103,-0.18057498,-0.24691372,-0.25621516,-0.07994679,-0.17190999,-0.26112211,0.09691571,-0.34410906,-0.41868395,0.25803933,-0.26652569,4676000.07705784,0.11721354,0.15944314,0.09041952,-0.25164449,0.21102826,0.0306373,0.54303151,0.09278785,0.0255408,0.33240721,-0.15307285,-0.26643053,-0.18276368,-0.2455681,-0.25636819,-0.07819047,-0.18225324,-0.2602973,0.09066205,-0.33471307,-0.41787085,0.25868446,-0.26964152,4677000.07700823,0.11730647,0.16172245,0.0922908,-0.25557932,0.21429764,0.03444723,0.54343289,0.09257016,0.02278107,0.32774064,-0.15100473,-0.26427099,-0.18193388,-0.24802265,-0.25514355,-0.08053002,-0.18613055,-0.26062077,0.08817215,-0.33849499,-0.41746509,0.26238084,-0.26170191,4678000.07908659,0.11982948,0.16261822,0.09631755,-0.25690806,0.21433876,0.02974029,0.54490042,0.09306485,0.01997829,0.31525075,-0.15172713,-0.27186111,-0.18194157,-0.25160989,-0.25537768,-0.08037819,-0.1796965,-0.26216716,0.09431691,-0.33110192,-0.41398001,0.26865342,-0.26503736,4679000.07883479,0.11691453,0.15870544,0.09007365,-0.25015032,0.21302025,0.0296502,0.54071426,0.09106588,0.02605076,0.31385416,-0.14291771,-0.27173015,-0.17983718,-0.24658461,-0.25503191,-0.08066337,-0.17913465,-0.25988489,0.09521284,-0.32702672,-0.41248611,0.26915145,-0.26352769,4680000.07475756,0.11778338,0.15545046,0.08377451,-0.2423768,0.20829557,0.03641737,0.54217023,0.09374859,0.0344801,0.32414195,-0.13943821,-0.26797411,-0.1851861,-0.24849992,-0.25266883,-0.08078746,-0.18540305,-0.25919619,0.09211659,-0.33231449,-0.41205764,0.26644373,-0.26298577,4681000.07657278,0.11105411,0.15607801,0.08597393,-0.24673285,0.21251497,0.03026387,0.54737705,0.09377061,0.03150281,0.32378674,-0.14106256,-0.26374298,-0.17459506,-0.25000709,-0.25428918,-0.08074169,-0.17817478,-0.26307333,0.08548575,-0.33906344,-0.41579166,0.25945881,-0.26613963,4682000.07397866,0.11207681,0.15757427,0.08711997,-0.25423706,0.21391529,0.03483634,0.54755896,0.09208643,0.02739035,0.33671942,-0.14045294,-0.25615245,-0.17796849,-0.24970807,-0.25632364,-0.08808962,-0.17871732,-0.2617012,0.08830015,-0.33448115,-0.41641447,0.26357305,-0.26747721,4683000.07697993,0.11316789,0.15774432,0.08656705,-0.25234744,0.21074533,0.02645718,0.54938626,0.09256843,0.02598551,0.3302038,-0.14271966,-0.2677699,-0.18742034,-0.24960348,-0.25709412,-0.08541819,-0.17878392,-0.26379868,0.08309817,-0.32912803,-0.41584086,0.26697993,-0.26510048,4684000.07755711,0.10903476,0.16120438,0.08961365,-0.25604096,0.20579927,0.02445723,0.5521974,0.09050868,0.02391472,0.31946069,-0.14945357,-0.27323279,-0.18542174,-0.25269511,-0.25786048,-0.08803729,-0.18194042,-0.25989494,0.08633796,-0.33720496,-0.41604748,0.26443052,-0.26973233,4685000.07970023,0.11519699,0.16440709,0.09036735,-0.25776771,0.21302575,0.0279501,0.55316794,0.08909782,0.0215634,0.33633137,-0.14970423,-0.26570287,-0.18168968,-0.2541135,-0.2592597,-0.08703095,-0.18185744,-0.26351234,0.08724014,-0.33293903,-0.41426829,0.2689485,-0.25679851,4686000.07894908,0.11546484,0.16380368,0.09463197,-0.26201564,0.2170947,0.02521217,0.55085093,0.08986792,0.01950053,0.32687923,-0.14544733,-0.26278508,-0.18386549,-0.25236508,-0.25798568,-0.08954688,-0.18587385,-0.26335359,0.09320686,-0.33111095,-0.4135316,0.2716282,-0.25800323,4687000.07737945,0.11115655,0.1567854,0.08656508,-0.24899793,0.21123996,0.03152889,0.55146706,0.09088217,0.02730801,0.32678607,-0.13905385,-0.25824189,-0.17790736,-0.25161725,-0.25616333,-0.09078911,-0.17197625,-0.25909352,0.09096755,-0.32807019,-0.41116631,0.26587874,-0.25409228,4688000.07319471,0.1113684,0.15921998,0.08223934,-0.24752539,0.21198761,0.03091715,0.55207509,0.09147469,0.03297255,0.33484858,-0.13104656,-0.2627756,-0.17918445,-0.25047264,-0.25716928,-0.08397215,-0.17181551,-0.26036879,0.09056729,-0.32834128,-0.41053027,0.26106536,-0.25685704,4689000.07471416,0.11007041,0.16027731,0.0856325,-0.25330573,0.21527021,0.0346898,0.55610019,0.09273019,0.02934675,0.33288395,-0.13639787,-0.26118031,-0.17587876,-0.25080562,-0.25983429,-0.08613717,-0.17976338,-0.26065689,0.08784242,-0.33509675,-0.41405755,0.26206139,-0.26209295,4690000.07460454,0.10951935,0.15935628,0.08618511,-0.25457957,0.21317136,0.03063067,0.55584633,0.09113013,0.02459653,0.32990301,-0.14158742,-0.25077891,-0.17980821,-0.25429568,-0.25954702,-0.08898443,-0.16650286,-0.26798213,0.08814549,-0.33488747,-0.41620708,0.25967854,-0.25683504,4691000.0737449,0.11315832,0.16045101,0.08851708,-0.25700736,0.2128181,0.02947754,0.55471122,0.09001897,0.02477526,0.32677069,-0.14064118,-0.25132781,-0.17779104,-0.25045785,-0.25997767,-0.09017128,-0.17297603,-0.26675972,0.09199931,-0.33996177,-0.41634652,0.25547627,-0.26075307,4692000.07558858,0.11429877,0.1638263,0.08858676,-0.25821942,0.21534435,0.02532934,0.55462801,0.09048516,0.02234905,0.32554859,-0.13908717,-0.26390156,-0.17551754,-0.25315121,-0.26053038,-0.09199052,-0.17100482,-0.2670278,0.09190065,-0.328758,-0.4168002,0.26214209,-0.25912875,4693000.07841779,0.11367933,0.16135235,0.09214549,-0.26569423,0.21700752,0.03080466,0.55398893,0.09030089,0.01914538,0.33224237,-0.14140251,-0.26197061,-0.1739585,-0.25083068,-0.2613357,-0.09398736,-0.16973428,-0.26847202,0.09137615,-0.3286528,-0.4158749,0.26426739,-0.26233652,4694000.08124885,0.11418264,0.16683072,0.09466913,-0.26752207,0.21415143,0.02145375,0.55471963,0.08936065,0.01703125,0.32646483,-0.13993679,-0.25400722,-0.18215317,-0.25366789,-0.26162049,-0.09076954,-0.17116106,-0.26739433,0.0972897,-0.32462341,-0.4139998,0.26397061,-0.2598798,4695000.0770821,0.11385293,0.16072635,0.08617001,-0.25470209,0.21192302,0.02946063,0.55478138,0.09085993,0.02406917,0.33430898,-0.13210335,-0.25308341,-0.18522544,-0.25215736,-0.25757563,-0.08940649,-0.17688148,-0.26416621,0.09472468,-0.32775962,-0.41122097,0.26227385,-0.25661096,4696000.07636383,0.11312238,0.16339865,0.08194956,-0.24517937,0.21138074,0.02810153,0.55340177,0.09374664,0.03274963,0.33433476,-0.12764527,-0.25374824,-0.18466215,-0.24839677,-0.2566607,-0.08824581,-0.17922941,-0.26526061,0.08819927,-0.32870844,-0.41200504,0.25673637,-0.25707677,4697000.07711405,0.11500912,0.1631365,0.08645453,-0.25612429,0.21381013,0.03342937,0.5576486,0.09446494,0.02824727,0.34000057,-0.12558217,-0.25368485,-0.17490353,-0.2446591,-0.25993794,-0.09042365,-0.17326672,-0.26681712,0.08873026,-0.32863241,-0.41468635,0.26232672,-0.26704055,4698000.07755317,0.11360144,0.16426203,0.08510879,-0.25731412,0.21395093,0.02808441,0.55745679,0.09239089,0.02502625,0.33271948,-0.13021068,-0.25436306,-0.17539471,-0.24598561,-0.2594097,-0.09001958,-0.1686357,-0.26860064,0.08758288,-0.32944959,-0.41808674,0.26245075,-0.26915601,4699000.07981911,0.11477482,0.16345705,0.08790903,-0.25936982,0.21585393,0.03064706,0.56233126,0.09076553,0.02415623,0.33628559,-0.12845618,-0.25008363,-0.17213814,-0.24927592,-0.25951818,-0.08815395,-0.17941332,-0.26764271,0.09003501,-0.33100709,-0.41753387,0.26167178,-0.27065301,4700000.07818937,0.11540843,0.16130038,0.088741,-0.26419666,0.21535763,0.02950671,0.56336415,0.09126092,0.02277321,0.33822405,-0.12572262,-0.25295651,-0.17619713,-0.24735758,-0.2612721,-0.08432027,-0.17309147,-0.26860556,0.091943,-0.32788324,-0.41813383,0.26215756,-0.26794323,4701000.08040923,0.11598794,0.16599597,0.09162331,-0.26405734,0.21698593,0.02727011,0.55646396,0.09358548,0.01899526,0.33631626,-0.12716544,-0.25709289,-0.17373709,-0.25055405,-0.26235971,-0.08625992,-0.17837135,-0.26862943,0.09217867,-0.32591507,-0.41667473,0.26575512,-0.26451665,4702000.07714173,0.11723875,0.16611181,0.09390832,-0.26473621,0.21825232,0.02756617,0.55755025,0.09235021,0.01862691,0.33952004,-0.12409019,-0.24773139,-0.17840239,-0.25443417,-0.26234651,-0.08702453,-0.18199645,-0.26948896,0.0917506,-0.32067809,-0.41522026,0.26188874,-0.25872728,4703000.07879788,0.11268767,0.16288806,0.08625326,-0.25083077,0.21151498,0.02866372,0.55665624,0.09398448,0.02849304,0.33758312,-0.11465492,-0.25192147,-0.17214018,-0.25027373,-0.25977662,-0.08615326,-0.17554426,-0.26688415,0.09165519,-0.31799859,-0.41266289,0.26294088,-0.26342964,4704000.07551819,0.11322834,0.15957682,0.08554516,-0.25200069,0.21254522,0.03369644,0.55985135,0.09581637,0.03238805,0.35207695,-0.10960916,-0.24269034,-0.16736281,-0.2445664,-0.25720239,-0.08462758,-0.17056933,-0.27027658,0.08913347,-0.32407954,-0.41455713,0.26057774,-0.26163316,4705000.0780521,0.11446643,0.16380659,0.09067493,-0.25344962,0.21158817,0.03067048,0.56213218,0.0956351,0.02845824,0.34025833,-0.10459355,-0.25008973,-0.16491534,-0.2455758,-0.26176456,-0.07982877,-0.16198297,-0.27031803,0.09384666,-0.3296428,-0.41849795,0.26314634,-0.26471579,4706000.07613037,0.11050452,0.16205135,0.08981934,-0.25881913,0.21413171,0.03227308,0.5603351,0.0954998,0.02603632,0.34323004,-0.10717361,-0.24699548,-0.16600615,-0.24865474,-0.26023364,-0.08592673,-0.16114067,-0.27183968,0.0992154,-0.31923929,-0.41830093,0.25980613,-0.26764709,4707000.07734747,0.1082821,0.16484495,0.08969624,-0.2557697,0.21526247,0.03317491,0.56077015,0.09352323,0.02492926,0.34224823,-0.11191773,-0.24680704,-0.17378879,-0.24719219,-0.26072636,-0.08079898,-0.15618625,-0.27029368,0.09749296,-0.32649979,-0.4191125,0.26254985,-0.2674453,4708000.08042254,0.11924186,0.16530596,0.09282942,-0.26122794,0.21702494,0.034567,0.56068033,0.09462508,0.02424356,0.33872056,-0.10750487,-0.24336842,-0.1609301,-0.25122833,-0.26129684,-0.07973887,-0.15506896,-0.27151045,0.09604263,-0.33043003,-0.41950184,0.26983944,-0.2666747,4709000.08326517,0.12075192,0.16441461,0.09335797,-0.25818774,0.21777362,0.0336109,0.56009209,0.09548043,0.02389472,0.34002683,-0.10583028,-0.24191052,-0.16141491,-0.25209263,-0.26082316,-0.07715096,-0.17166458,-0.27476886,0.0914799,-0.32584706,-0.41695186,0.26624173,-0.26849577,4710000.08166574,0.1214157,0.16559486,0.09173811,-0.25471848,0.21715051,0.03036913,0.5608393,0.09438039,0.02744099,0.3420392,-0.10410399,-0.2392922,-0.15989895,-0.25126985,-0.25905758,-0.07758217,-0.17517954,-0.27147686,0.09644648,-0.31431255,-0.41665134,0.26431301,-0.26227224,4711000.08204117,0.11812559,0.16303512,0.09642025,-0.26205134,0.21763363,0.02931066,0.55885983,0.09377536,0.02456463,0.33720127,-0.10485111,-0.24057023,-0.15997046,-0.25121975,-0.25910372,-0.07299958,-0.16950755,-0.27105284,0.10108922,-0.31169364,-0.4165425,0.26815638,-0.26079586,4712000.08450761,0.12080857,0.16628389,0.09865147,-0.25754488,0.21704891,0.02837919,0.55679017,0.09564564,0.02251163,0.33814603,-0.09919,-0.23857781,-0.15912797,-0.25134641,-0.2605063,-0.07105145,-0.16424917,-0.26854903,0.09942084,-0.31654197,-0.41584748,0.2674545,-0.26038536,4713000.08508347,0.12022521,0.16513336,0.10323975,-0.25970802,0.21866442,0.03245858,0.55472147,0.0980063,0.0215162,0.33539653,-0.09525486,-0.23952064,-0.15001266,-0.24866907,-0.26032692,-0.07754666,-0.1617094,-0.27038875,0.09997662,-0.32837221,-0.41447213,0.27411273,-0.26370955,4714000.08686416,0.12420226,0.16815083,0.104913,-0.25851113,0.2190114,0.03496855,0.55370271,0.09626736,0.02021555,0.34273142,-0.09280057,-0.25206771,-0.15163197,-0.24816073,-0.25995591,-0.0744135,-0.17362861,-0.26951566,0.09708788,-0.32001579,-0.41358268,0.26787239,-0.25960124,4715000.09093533,0.12475313,0.16533069,0.10811488,-0.25630835,0.22126174,0.03340353,0.55385745,0.09808115,0.01860283,0.34278283,-0.09725893,-0.23191814,-0.14944094,-0.25020331,-0.26104662,-0.06788239,-0.16585076,-0.26740679,0.09842433,-0.31817237,-0.41146547,0.27555865,-0.25877771,4716000.08662253,0.13034207,0.16854343,0.11118924,-0.25454688,0.22266532,0.03185748,0.55060655,0.09870461,0.01681576,0.35964158,-0.09186772,-0.24214244,-0.14447248,-0.25249189,-0.25990772,-0.06613868,-0.16550396,-0.26588926,0.10105759,-0.31417936,-0.40927568,0.2849614,-0.26151496,4717000.08939867,0.1324781,0.16388872,0.11067054,-0.25215212,0.22505568,0.03253102,0.5508073,0.10090889,0.01695327,0.34935531,-0.08252893,-0.24394418,-0.14803325,-0.2516056,-0.25892413,-0.06269388,-0.18049332,-0.26512915,0.10015161,-0.31410962,-0.40697929,0.28134769,-0.25305948,4718000.08441931,0.12273324,0.16162086,0.10023878,-0.23465323,0.22181848,0.04393879,0.54898572,0.10340061,0.03389745,0.35083583,-0.0703729,-0.22550365,-0.13901357,-0.24685238,-0.25501215,-0.05771279,-0.15816838,-0.26058349,0.10126305,-0.30764022,-0.40265459,0.27096102,-0.2464675,4719000.08519094,0.1260162,0.16489305,0.09700057,-0.23064138,0.22296035,0.04527763,0.55453575,0.10513774,0.04377049,0.35950935,-0.06406684,-0.21820974,-0.13489728,-0.24463546,-0.25450259,-0.05428413,-0.15427414,-0.26106381,0.09376124,-0.31029442,-0.40185884,0.26268688,-0.25208429,4720000.08387481,0.13057925,0.16443633,0.09982999,-0.23485895,0.22431071,0.04242916,0.55676723,0.10647295,0.04135571,0.35889143,-0.05805656,-0.21837667,-0.12994745,-0.24736525,-0.25357634,-0.04649746,-0.1535785,-0.26000556,0.09244668,-0.31429547,-0.40472791,0.25885841,-0.2597191,4721000.08580556,0.1288121,0.16340278,0.10143642,-0.23150083,0.22010213,0.04779445,0.55499351,0.1076692,0.03922961,0.35951784,-0.05387278,-0.21968296,-0.12232247,-0.24412715,-0.25153521,-0.04982387,-0.15296599,-0.25688127,0.08913697,-0.31138217,-0.40641418,0.2624298,-0.25824136,4722000.08670004,0.13217624,0.16148183,0.10446046,-0.23202883,0.22269855,0.04782316,0.55652696,0.10803591,0.04057718,0.36590669,-0.05441203,-0.22244655,-0.12018638,-0.24291538,-0.25295833,-0.04363169,-0.13961093,-0.2574909,0.09826309,-0.30851352,-0.40576273,0.2688964,-0.25435695,4723000.09047116,0.13319969,0.16527098,0.10372835,-0.23342641,0.22354802,0.04689618,0.55659699,0.10941519,0.03718884,0.36215875,-0.04957114,-0.21999563,-0.11929753,-0.24223942,-0.25076222,-0.03713953,-0.14175436,-0.25572446,0.09529439,-0.30307144,-0.40393683,0.26649365,-0.25774798,4724000.08915486,0.13366732,0.17133184,0.10855573,-0.2323487,0.22609591,0.04812689,0.55697006,0.10983682,0.03643409,0.3641409,-0.0450161,-0.21997099,-0.11856598,-0.24365434,-0.2479396,-0.03870062,-0.14597021,-0.25739196,0.09483151,-0.30521232,-0.40437651,0.27352816,-0.25622675,4725000.08945429,0.13242404,0.16833976,0.10445773,-0.22251342,0.22386065,0.04881964,0.55640352,0.11103726,0.04201487,0.36125967,-0.03443651,-0.20651872,-0.11514571,-0.24019505,-0.24593942,-0.0338502,-0.14096738,-0.25572309,0.09096547,-0.29444495,-0.4016501,0.26235554,-0.25156763,4726000.08725418,0.13488524,0.16125117,0.09984639,-0.21294087,0.22271807,0.05746787,0.55834424,0.11417347,0.05262646,0.35705772,-0.02898925,-0.20170605,-0.11903606,-0.23929225,-0.24287148,-0.02442981,-0.13908158,-0.2512747,0.08919303,-0.29853436,-0.40291616,0.26947105,-0.25257739,4727000.08455665,0.13368334,0.16648069,0.10088165,-0.22073874,0.22640827,0.05598545,0.56285828,0.11321697,0.04962669,0.3698113,-0.02757266,-0.18986796,-0.10855637,-0.23911288,-0.24275117,-0.0248919,-0.13057269,-0.25145328,0.09382053,-0.30438119,-0.40609881,0.27199218,-0.25679791,4728000.08657783,0.13533856,0.16935538,0.1042749,-0.21917851,0.22880308,0.05292222,0.56175917,0.11399876,0.0469384,0.36397257,-0.02858637,-0.18573061,-0.10628378,-0.23877686,-0.24312477,-0.01986959,-0.12745056,-0.25306708,0.0875536,-0.29551238,-0.40832463,0.26289317,-0.25677654,4729000.08906585,0.13826846,0.17016098,0.10534316,-0.22315367,0.22680718,0.05925813,0.56118578,0.1151942,0.04630874,0.37118804,-0.02635118,-0.18640986,-0.10783216,-0.23720673,-0.24120626,-0.01959286,-0.11912376,-0.25738457,0.08968656,-0.3061302,-0.40986696,0.27348951,-0.25711197,4730000.09144487,0.13445532,0.16576204,0.10647434,-0.22306761,0.2270496,0.05775053,0.56064177,0.11355653,0.04466246,0.36232933,-0.02906736,-0.19755656,-0.10107702,-0.2372988,-0.24143682,-0.01836345,-0.13240203,-0.25797009,0.10127734,-0.29686078,-0.41211224,0.27730006,-0.25709391,4731000.08967446,0.13771006,0.17050493,0.11027195,-0.22865921,0.22859487,0.05561789,0.5619151,0.1111685,0.04105235,0.3664906,-0.03170985,-0.21025304,-0.09829241,-0.23769383,-0.2420914,-0.02200613,-0.12804036,-0.25909919,0.09610234,-0.29614374,-0.41313121,0.27024689,-0.26134202,4732000.08926538,0.13790166,0.167743,0.10792346,-0.21622272,0.22635618,0.05101645,0.56298065,0.11210312,0.04325282,0.36209202,-0.03018416,-0.20351963,-0.10894278,-0.2400499,-0.239784,-0.02156618,-0.13862075,-0.25668901,0.09806855,-0.28974602,-0.41126013,0.2727643,-0.25658312,4733000.08620208,0.13454553,0.16297546,0.09954427,-0.21362808,0.22450012,0.06206468,0.56157094,0.11118458,0.05357196,0.36377996,-0.02372987,-0.19194359,-0.10709684,-0.23208739,-0.23744933,-0.02406041,-0.13340648,-0.25570497,0.09395341,-0.29216209,-0.41202644,0.26533559,-0.2548753,4734000.08636594,0.13670281,0.1665694,0.10249051,-0.21562384,0.22670095,0.06117989,0.56196809,0.11488852,0.04907266,0.36670077,-0.02841821,-0.19920416,-0.09906975,-0.23667431,-0.23794402,-0.0224649,-0.12139935,-0.2557039,0.09324408,-0.29242772,-0.41593009,0.26803824,-0.26402062,4735000.08705209,0.14150444,0.1697329,0.10561724,-0.21587136,0.22532967,0.05904162,0.56501025,0.1121218,0.04396903,0.36308151,-0.03652027,-0.21297199,-0.1075271,-0.23512596,-0.2397732,-0.02048606,-0.13253613,-0.2567372,0.10201456,-0.30041847,-0.41904476,0.26527509,-0.25833061,4736000.0870849,0.13868377,0.16605274,0.10644757,-0.2170189,0.22703075,0.05054157,0.5623669,0.11112843,0.04351636,0.36598665,-0.04101158,-0.19726703,-0.10484887,-0.23381515,-0.24092445,-0.01876414,-0.13744546,-0.25590771,0.09414091,-0.29853436,-0.42016831,0.26661962,-0.25405297,4737000.08714152,0.13764824,0.16740237,0.10743689,-0.2224323,0.22781205,0.05639759,0.56436992,0.11003155,0.04113629,0.36276814,-0.04320619,-0.20961882,-0.10653982,-0.23860879,-0.24055281,-0.01989611,-0.12402094,-0.26038399,0.09683833,-0.29142591,-0.41998354,0.26707605,-0.25392535,4738000.09007219,0.14146039,0.16970544,0.10740474,-0.22519413,0.23080149,0.05388717,0.5678255,0.11183286,0.03880941,0.35406041,-0.04648495,-0.20899528,-0.10780521,-0.23882492,-0.24250713,-0.0180882,-0.12656806,-0.26362666,0.10052647,-0.29257283,-0.42059121,0.27207342,-0.2533547,4739000.08917636,0.13593629,0.16659848,0.10641474,-0.21774089,0.22628562,0.05155563,0.56312495,0.10936294,0.04124898,0.35227379,-0.04973965,-0.21201298,-0.10751102,-0.23736155,-0.24102953,-0.02569535,-0.144448,-0.26152599,0.09923097,-0.29341698,-0.41962993,0.27581525,-0.25768954,4740000.08572466,0.13338771,0.16484593,0.10016081,-0.21002597,0.22123541,0.05593293,0.5656634,0.1098289,0.05088002,0.36041269,-0.04506417,-0.20761049,-0.10391267,-0.23599248,-0.23997436,-0.01961148,-0.11600994,-0.25781408,0.10132771,-0.29062092,-0.41921595,0.27165094,-0.25392854,4741000.08543462,0.13250478,0.1639552,0.1009848,-0.21640746,0.22105321,0.05905467,0.56645787,0.10863234,0.04715733,0.36598268,-0.04793597,-0.21720555,-0.110939,-0.23628618,-0.2408589,-0.01956741,-0.12865116,-0.26292127,0.0956117,-0.29516628,-0.42307511,0.26767761,-0.25853613,4742000.08491594,0.13237533,0.16962501,0.10323504,-0.22186267,0.22409,0.05340976,0.56529379,0.10860494,0.0430968,0.3627021,-0.05294768,-0.20576534,-0.10236391,-0.23665449,-0.24321337,-0.02111209,-0.13141516,-0.2636815,0.1016539,-0.2999258,-0.42623967,0.2697024,-0.25608173,4743000.08682797,0.13686931,0.16729338,0.1034899,-0.21941754,0.22539008,0.05486273,0.56547028,0.10903655,0.04182226,0.35287705,-0.05609725,-0.20437609,-0.1049029,-0.23780978,-0.24376494,-0.02721756,-0.13530561,-0.26562372,0.09669976,-0.30524412,-0.42619991,0.27227268,-0.25070649,4744000.08826669,0.13896701,0.16697662,0.10411337,-0.22447501,0.22261266,0.05214326,0.56481862,0.10758608,0.04018157,0.34674802,-0.06016157,-0.22114986,-0.11245615,-0.2413664,-0.24485534,-0.03083071,-0.14211595,-0.26613921,0.09913984,-0.29400957,-0.4268347,0.27246577,-0.2546517,4745000.08752305,0.13954112,0.16499063,0.10585563,-0.22937982,0.22149871,0.05142847,0.56416661,0.10883747,0.03809785,0.34571451,-0.06105406,-0.22574246,-0.11482774,-0.24207255,-0.2456442,-0.03250477,-0.13692057,-0.26752195,0.10257318,-0.29898542,-0.42580202,0.27598685,-0.25566635,4746000.08548746,0.13489974,0.16363862,0.10430659,-0.22734955,0.2210339,0.05246238,0.56400728,0.10649641,0.03830295,0.33784992,-0.06509571,-0.21807718,-0.11464777,-0.23971055,-0.24262647,-0.03337845,-0.14419563,-0.26655647,0.10821119,-0.30572632,-0.42656946,0.27428833,-0.25730467,4747000.08345301,0.12969178,0.1622005,0.09590798,-0.21621853,0.21342821,0.05501287,0.56200397,0.10712218,0.04890759,0.3477039,-0.06245091,-0.21894889,-0.11828385,-0.23783931,-0.24196993,-0.03343631,-0.12823056,-0.26779187,0.10361558,-0.30062544,-0.42625472,0.26863477,-0.26347232,4748000.08465237,0.13031268,0.16271237,0.09506412,-0.21958873,0.21829604,0.05679388,0.56700099,0.10546366,0.04827716,0.35009021,-0.06376942,-0.22083327,-0.1096861,-0.23420496,-0.24343945,-0.03117265,-0.14052705,-0.26780975,0.0944716,-0.29813609,-0.43003392,0.26733923,-0.26910862,4749000.08462657,0.12888774,0.15557559,0.09697245,-0.22657408,0.22155505,0.0552413,0.56722665,0.10542791,0.04338261,0.3469907,-0.06923791,-0.22313157,-0.11359663,-0.23212175,-0.24550392,-0.03695497,-0.14226137,-0.2696752,0.09634966,-0.30665529,-0.4325006,0.27347651,-0.2712622,4750000.08209179,0.12934928,0.15718174,0.09823322,-0.2241821,0.21575768,0.04790108,0.56397837,0.10453679,0.04252355,0.35062155,-0.07122534,-0.22600654,-0.11454586,-0.23521687,-0.24685828,-0.03956683,-0.13568085,-0.27106372,0.09970511,-0.30175617,-0.43298024,0.27053878,-0.26253086,4751000.08449025,0.12792957,0.15795892,0.09823322,-0.23227127,0.21865138,0.04845871,0.56485248,0.10333418,0.04008305,0.34877515,-0.07630175,-0.22576068,-0.11938448,-0.23787384,-0.24864566,-0.04582774,-0.14982097,-0.26968783,0.09918512,-0.30000094,-0.43435809,0.27236533,-0.26266539,4752000.08216963,0.1288078,0.16198947,0.09992725,-0.23505321,0.2156827,0.04887002,0.56351125,0.1019237,0.03713313,0.34857905,-0.08333808,-0.23402072,-0.12597521,-0.24492043,-0.24979648,-0.04876373,-0.13446027,-0.27169707,0.10191472,-0.30295241,-0.43321863,0.27049503,-0.25566742,4753000.08308277,0.13070832,0.16305718,0.10197858,-0.23792914,0.21225597,0.04767496,0.56360066,0.10147929,0.0356314,0.35402781,-0.08269851,-0.24364868,-0.12284925,-0.2422239,-0.25208962,-0.04818137,-0.14070189,-0.27516767,0.10607125,-0.2975997,-0.43298897,0.27634269,-0.25814906,4754000.08238981,0.12186278,0.15782189,0.09450869,-0.23136668,0.21192504,0.04775599,0.56188083,0.10106774,0.04291929,0.34906229,-0.08165181,-0.23442017,-0.13140386,-0.23615961,-0.24823123,-0.04496845,-0.14227152,-0.27202544,0.10111635,-0.29408416,-0.43093908,0.28081924,-0.26257411,4755000.07964049,0.12052352,0.15504806,0.08989593,-0.22800434,0.21051772,0.04891463,0.56532288,0.10053834,0.04764644,0.34988105,-0.0791411,-0.2326985,-0.12994826,-0.23493695,-0.24800962,-0.05375478,-0.12637597,-0.27359062,0.09785977,-0.31210175,-0.43201506,0.27427599,-0.26752517,4756000.07831512,0.11790109,0.15998884,0.09060167,-0.23406081,0.21651872,0.04824778,0.56621289,0.10046695,0.04237596,0.35810059,-0.08150216,-0.23472239,-0.13538337,-0.23751183,-0.25154042,-0.04842909,-0.13415909,-0.27211863,0.10359117,-0.31691062,-0.43763176,0.26667058,-0.27477497,4757000.07944241,0.11420719,0.15840779,0.08908173,-0.23806374,0.21420711,0.0363044,0.56257397,0.09821967,0.03970286,0.34775075,-0.08881702,-0.23632066,-0.13630281,-0.24061681,-0.25349241,-0.05641768,-0.13850367,-0.27398565,0.10311499,-0.31346688,-0.43759173,0.2675381,-0.27323812,4758000.0787227,0.11972018,0.15736918,0.08926279,-0.24037941,0.21502811,0.03955889,0.55857718,0.09592257,0.03831413,0.34569412,-0.09075308,-0.23952651,-0.13983531,-0.23886244,-0.2540684,-0.05828986,-0.13786712,-0.27649245,0.09519308,-0.3167221,-0.43839386,0.26474261,-0.27234325,4759000.0787972,0.11771038,0.15808812,0.09207166,-0.24295387,0.21027717,0.03565294,0.562563,0.09383006,0.03514413,0.34235981,-0.09528393,-0.24210854,-0.14244129,-0.23802601,-0.25570911,-0.06047663,-0.14197564,-0.27775565,0.09914505,-0.31375283,-0.43792406,0.27133915,-0.27087271,4760000.08006629,0.11952635,0.15970364,0.09517357,-0.24890283,0.21050699,0.03528855,0.56109262,0.09274349,0.03284441,0.33794424,-0.09898286,-0.23967116,-0.14531209,-0.24224029,-0.25526792,-0.05930396,-0.14574216,-0.27783567,0.09874621,-0.3128719,-0.43801016,0.2712647,-0.25714862,4761000.07881127,0.12115502,0.16206706,0.09475513,-0.24504252,0.21209273,0.0358203,0.56002933,0.09159774,0.03061306,0.33317679,-0.10124978,-0.2601372,-0.14573582,-0.24302213,-0.25752494,-0.06258007,-0.14389879,-0.2770783,0.09798732,-0.31090996,-0.43624309,0.26681933,-0.25937998,4762000.07768095,0.11745332,0.16209766,0.08846522,-0.24019407,0.2117082,0.03994469,0.55876046,0.09299511,0.03686061,0.34405223,-0.09657386,-0.24335273,-0.14366187,-0.24178851,-0.25588739,-0.06585838,-0.14037304,-0.27752551,0.10225265,-0.30255803,-0.43295056,0.26846421,-0.2656025,4763000.07953057,0.1151421,0.16068056,0.0839449,-0.23449118,0.20846288,0.0403421,0.56168848,0.09497423,0.04356725,0.34262607,-0.08804417,-0.2443455,-0.14811212,-0.2410551,-0.25457409,-0.06661926,-0.13833138,-0.27660847,0.10416311,-0.30728313,-0.43407655,0.26616666,-0.26342341,4764000.07767046,0.11184368,0.15753104,0.08577223,-0.24320138,0.2124325,0.0358617,0.56498599,0.09388054,0.03962849,0.34765264,-0.09329721,-0.23784468,-0.14769369,-0.23843688,-0.25748581,-0.06673197,-0.14422947,-0.27598694,0.09755263,-0.31702444,-0.43721646,0.265026,-0.26961032,4765000.07643441,0.11436496,0.15206699,0.08655675,-0.24311519,0.21328712,0.03463906,0.55989426,0.09184039,0.03647448,0.34044397,-0.09343211,-0.24527712,-0.15020812,-0.23955163,-0.25875637,-0.0672107,-0.14748202,-0.2812295,0.09578563,-0.31147537,-0.43786848,0.26041639,-0.27498484,4766000.07943867,0.11190149,0.1565278,0.08643633,-0.25034368,0.21237795,0.02886692,0.55658162,0.09232471,0.03626185,0.34230968,-0.09357098,-0.25356185,-0.15365395,-0.24193813,-0.26071626,-0.06734905,-0.15219547,-0.27868962,0.10051851,-0.31844708,-0.43750921,0.2708773,-0.27490595,4767000.08059365,0.11258901,0.15923457,0.08649658,-0.2513963,0.20912935,0.03151296,0.56011349,0.09397597,0.03397039,0.34916231,-0.09789679,-0.25817898,-0.15728799,-0.24649662,-0.25974345,-0.07149279,-0.14502709,-0.27754939,0.09418745,-0.30919978,-0.43734854,0.2684505,-0.2693738,4768000.07841779,0.11388388,0.15627931,0.08995463,-0.25318468,0.2140727,0.02787803,0.55799222,0.09116038,0.03098029,0.34392083,-0.10419059,-0.25488293,-0.16038303,-0.25118423,-0.25970575,-0.07074634,-0.1460571,-0.2796399,0.09210026,-0.31511527,-0.43604183,0.26853374,-0.26011083,4769000.08120311,0.11607929,0.16189343,0.09028393,-0.25661963,0.21255116,0.02458751,0.5589633,0.09032634,0.02968249,0.33637902,-0.10067166,-0.2573528,-0.16070879,-0.2508896,-0.26365513,-0.06942112,-0.146513,-0.27899247,0.10241401,-0.3190667,-0.43551153,0.26714998,-0.26523134,4770000.08189045,0.11197555,0.16264638,0.08609255,-0.24913405,0.20967445,0.03139482,0.55644512,0.09005598,0.03358829,0.33624423,-0.09826339,-0.25837666,-0.16177,-0.25252438,-0.25975409,-0.07021499,-0.15985508,-0.27938342,0.09830303,-0.31558141,-0.43204549,0.26533237,-0.26066673,4771000.07436817,0.10855227,0.15657116,0.08289215,-0.24421403,0.20899753,0.038822,0.55175805,0.09215745,0.04279149,0.34250212,-0.0910411,-0.25390247,-0.16287878,-0.24758358,-0.25759771,-0.06824291,-0.1629113,-0.27762213,0.09638359,-0.31356484,-0.43043441,0.26235229,-0.26739204,4772000.07433907,0.10830685,0.1571362,0.08447752,-0.24610306,0.21218985,0.03479609,0.5567857,0.09132504,0.04100016,0.34341329,-0.08829512,-0.24461582,-0.15634915,-0.2474087,-0.26040179,-0.07042271,-0.15819821,-0.28088099,0.09816082,-0.31312191,-0.43249211,0.270457,-0.27738056,4773000.07715337,0.10500956,0.15955782,0.08549152,-0.24842244,0.21127142,0.03085504,0.55463272,0.08975715,0.03737199,0.34275049,-0.08939974,-0.2430618,-0.1675183,-0.24949226,-0.26232979,-0.07143812,-0.15669394,-0.27490577,0.09660247,-0.31258261,-0.43253434,0.25587282,-0.26806277,4774000.07718176,0.10514168,0.16042885,0.08706808,-0.2514722,0.21050645,0.03377352,0.55540091,0.09025892,0.03592028,0.34123468,-0.09246474,-0.25328711,-0.1676093,-0.25456998,-0.26500455,-0.0719234,-0.15453139,-0.27654308,0.08995871,-0.31530663,-0.43117359,0.2619198,-0.26425338,4775000.07947575,0.10766811,0.1586775,0.08913781,-0.25594649,0.21520849,0.0305847,0.55720341,0.09045371,0.03479886,0.34349123,-0.09126443,-0.250094,-0.16281594,-0.24738592,-0.26634106,-0.0733133,-0.15832621,-0.28431371,0.09190065,-0.31156048,-0.43180138,0.26561767,-0.26553243,4776000.07856927,0.11181279,0.16195923,0.09115461,-0.25642416,0.21392322,0.03091958,0.55641174,0.09101926,0.03297195,0.35185352,-0.09297199,-0.25564066,-0.16412401,-0.24750026,-0.26518008,-0.0704307,-0.16257992,-0.28142852,0.10280062,-0.31063667,-0.4312138,0.26674449,-0.26023799,4777000.0800254,0.11141478,0.16530335,0.09422345,-0.2548669,0.21039356,0.03180319,0.5557512,0.09144146,0.02956696,0.33610672,-0.09268403,-0.25901097,-0.17498656,-0.25217512,-0.26566616,-0.07505384,-0.15444997,-0.28200659,0.09710856,-0.30534557,-0.4283953,0.26712146,-0.25197744,4778000.0751292,0.10730734,0.16173506,0.09018851,-0.25134441,0.20885415,0.03040387,0.55180871,0.09219289,0.0318979,0.33838651,-0.09083109,-0.25538382,-0.17027333,-0.25163949,-0.26594535,-0.07256284,-0.16696902,-0.27623725,0.09466491,-0.30452353,-0.42630467,0.26233262,-0.25887841,4779000.07511145,0.10677578,0.1584582,0.08225845,-0.24101834,0.20984623,0.03734124,0.55756694,0.09551531,0.04310895,0.35211843,-0.0823438,-0.24503873,-0.16727974,-0.24274559,-0.26196611,-0.07095799,-0.156014,-0.27654272,0.0937468,-0.30545518,-0.42300099,0.25939119,-0.25945202,4780000.07861505,0.10570122,0.16063541,0.0845349,-0.2440982,0.20773104,0.04475849,0.55843848,0.09339251,0.04316951,0.34921792,-0.07742522,-0.2411865,-0.16036685,-0.24582462,-0.26369572,-0.0736698,-0.14432018,-0.27523375,0.09140595,-0.31294942,-0.42540082,0.25871223,-0.26743257,4781000.07728771,0.10732629,0.15954414,0.08563658,-0.24507874,0.2099265,0.04209727,0.5565331,0.09513953,0.03976813,0.34546423,-0.07517453,-0.25060949,-0.16898273,-0.24425389,-0.26201963,-0.06824304,-0.1496097,-0.27290034,0.09376571,-0.30394804,-0.42609072,0.26127326,-0.26582679,4782000.07821205,0.1087506,0.15787791,0.08665788,-0.24763201,0.21012253,0.03458934,0.55592012,0.09146361,0.03831581,0.35300273,-0.07645032,-0.24788226,-0.16742447,-0.24495664,-0.26486051,-0.0671643,-0.16474697,-0.27602223,0.09667347,-0.31401134,-0.42550364,0.2600019,-0.26641291,4783000.0741028,0.10603458,0.1628855,0.0867261,-0.2512303,0.21001385,0.03658724,0.56000578,0.09412488,0.03742932,0.34828797,-0.07665509,-0.25562871,-0.17378648,-0.24801664,-0.26583269,-0.07074693,-0.14473677,-0.27320707,0.09301279,-0.31089017,-0.42366827,0.25762203,-0.26219785,4784000.07533751,0.1086752,0.16159189,0.09052657,-0.25461447,0.21386124,0.03530097,0.56180674,0.09625896,0.03508395,0.34049761,-0.08327996,-0.25434104,-0.17136964,-0.25167999,-0.2658838,-0.07055487,-0.1459797,-0.27929804,0.09351229,-0.30756229,-0.42357767,0.26449868,-0.26300302,4785000.07711799,0.11035152,0.16573778,0.09360179,-0.2511059,0.21241534,0.03630863,0.55975169,0.09420294,0.03244564,0.34880853,-0.08371316,-0.2529231,-0.1717221,-0.24557193,-0.26706597,-0.06776588,-0.15409854,-0.2768752,0.09197508,-0.31147894,-0.4223423,0.26300892,-0.26076248,4786000.07882103,0.11394906,0.16568115,0.09475041,-0.24944301,0.21205407,0.0376298,0.55748433,0.09523126,0.03098604,0.34336412,-0.07644823,-0.24321143,-0.1773005,-0.24722974,-0.26752475,-0.072033,-0.15624641,-0.27548292,0.09584466,-0.31067237,-0.42055085,0.26307276,-0.25496438,4787000.07654722,0.10947842,0.16214445,0.0902437,-0.24153891,0.21146777,0.03490655,0.55618787,0.09543182,0.03494402,0.35054958,-0.06717831,-0.24416667,-0.17694961,-0.24983422,-0.26624644,-0.06530554,-0.15638918,-0.27646071,0.088232,-0.31006768,-0.4175649,0.26237521,-0.25870699,4788000.07366171,0.10514228,0.16061933,0.08546176,-0.23405629,0.20934059,0.04089169,0.55588788,0.09679579,0.04596444,0.34973717,-0.06317362,-0.2420204,-0.16835168,-0.24446401,-0.26078072,-0.06894892,-0.15914939,-0.27537218,0.08689626,-0.31202701,-0.41625962,0.26529619,-0.25175127,4789000.07600655,0.10956078,0.16524872,0.08861293,-0.23757721,0.21245672,0.04492135,0.55761296,0.09804656,0.04435856,0.35478485,-0.06153572,-0.23974109,-0.16942026,-0.24487248,-0.2630311,-0.06438496,-0.1513034,-0.27513224,0.08630934,-0.30912864,-0.41615111,0.26958892,-0.26219442,4790000.077146,0.1108432,0.16156626,0.0895657,-0.24090615,0.21775225,0.03649887,0.55586714,0.09830651,0.04022526,0.3533667,-0.06490515,-0.24335848,-0.16562216,-0.24678519,-0.26374114,-0.06046096,-0.14559755,-0.27486604,0.09014854,-0.31403732,-0.41763237,0.26391044,-0.26381889,4791000.07761708,0.1089033,0.16202776,0.09021734,-0.23932755,0.21712829,0.0356506,0.56097263,0.09821482,0.03895347,0.3512696,-0.06494056,-0.24809076,-0.16550101,-0.24719779,-0.26573354,-0.0584238,-0.15109092,-0.27703431,0.09032911,-0.3096033,-0.41900977,0.26212057,-0.26026055,4792000.08027742,0.11102121,0.16352364,0.09330369,-0.2440445,0.21361546,0.03796983,0.5589543,0.09691542,0.03656246,0.35101295,-0.06596033,-0.24172677,-0.16433018,-0.24979241,-0.2660597,-0.05987762,-0.14933617,-0.27496499,0.08357287,-0.31285951,-0.41745064,0.26515803,-0.2591016,4793000.0785052,0.11445711,0.16432904,0.09809331,-0.24851258,0.2152034,0.03418441,0.55539489,0.10033783,0.0337745,0.35288572,-0.06465767,-0.24595073,-0.16636395,-0.2518737,-0.26624703,-0.06015414,-0.14694132,-0.27399451,0.08825266,-0.31859046,-0.41755316,0.26900893,-0.25859329,4794000.0833625,0.11620188,0.1652205,0.09885896,-0.24451175,0.21596794,0.03745994,0.55478781,0.09788191,0.03072493,0.34912655,-0.06367985,-0.23566614,-0.16566582,-0.2516132,-0.26427692,-0.06085822,-0.15617618,-0.27467763,0.08961539,-0.30736443,-0.41657138,0.2666865,-0.25468731,4795000.0829023,0.11647513,0.16476019,0.10048369,-0.24138001,0.21980458,0.0377241,0.55586845,0.09931638,0.0287896,0.35116401,-0.05881007,-0.23436759,-0.16807112,-0.25337586,-0.26619247,-0.06137073,-0.15568075,-0.26936314,0.09615431,-0.31698528,-0.41386643,0.27050602,-0.25687757,4796000.08369123,0.11168932,0.16418456,0.09399711,-0.23507519,0.21843077,0.03699223,0.55325878,0.09984117,0.03643223,0.35778841,-0.05595448,-0.2353427,-0.16632023,-0.24980296,-0.26486704,-0.06086434,-0.16815697,-0.27288434,0.09329428,-0.3125827,-0.41159615,0.26595661,-0.25269184,4797000.0796408,0.11112602,0.16223101,0.09319892,-0.22947744,0.21889931,0.04775303,0.55727112,0.10083884,0.04483264,0.35997227,-0.05218226,-0.22018297,-0.16429718,-0.24492271,-0.26192334,-0.05731988,-0.14913407,-0.27092472,0.09604765,-0.30902606,-0.4102293,0.26544338,-0.25650096,4798000.08208641,0.11299925,0.16522008,0.09523156,-0.23399682,0.2190984,0.04278643,0.55776668,0.10356195,0.04125905,0.35812083,-0.05085893,-0.23064077,-0.15842766,-0.24837451,-0.26247728,-0.05355638,-0.14018789,-0.27024782,0.08930949,-0.30070284,-0.40941122,0.26800436,-0.26111469,4799000.08152331,0.11490111,0.16303538,0.09445398,-0.23220959,0.21940793,0.04053127,0.55685234,0.10392625,0.03757182,0.36311013,-0.05293998,-0.2287342,-0.15933548,-0.24596141,-0.26355803,-0.0528511,-0.14514527,-0.27276552,0.08577729,-0.30864269,-0.41052443,0.26108828,-0.25594249,4800000.08396419,0.11913245,0.16611153,0.09725291,-0.23440209,0.22017226,0.04449259,0.55891567,0.10339929,0.03527621,0.36103991,-0.04965907,-0.23662001,-0.156791,-0.24815182,-0.2636314,-0.05715936,-0.14844964,-0.27245137,0.08930549,-0.30921414,-0.41154838,0.2568801,-0.25012335,4801000.08457281,0.11758918,0.16573715,0.10059512,-0.23696159,0.21916085,0.04063745,0.55980289,0.10229132,0.03342953,0.35943198,-0.05406498,-0.23478994,-0.14905606,-0.24862577,-0.26314533,-0.05156777,-0.15453069,-0.27429056,0.09369924,-0.30735788,-0.41088313,0.25726381,-0.25574416,4802000.08552456,0.12283609,0.16749109,0.10078619,-0.24031575,0.22162457,0.04207923,0.55801088,0.103173,0.03019466,0.35403669,-0.05307556,-0.22239225,-0.14928071,-0.24457237,-0.26325855,-0.0533004,-0.15049906,-0.2738336,0.09352329,-0.3103857,-0.40855807,0.26921669,-0.25796664,4803000.08543462,0.12474252,0.17310564,0.10248896,-0.24255326,0.22446001,0.03702993,0.55588192,0.10249882,0.0263025,0.35486373,-0.05632315,-0.21973328,-0.15041834,-0.24916233,-0.26208049,-0.05817029,-0.14851508,-0.27177581,0.08885377,-0.31063512,-0.4083716,0.27188304,-0.24877323,4804000.08472007,0.12142343,0.16843471,0.09967113,-0.23667122,0.2212728,0.04267459,0.55455267,0.10347491,0.02909878,0.35295478,-0.04914995,-0.22131196,-0.15491487,-0.24813825,-0.26155135,-0.05933731,-0.1490411,-0.2681464,0.09352222,-0.31144744,-0.40518203,0.2629914,-0.24759297,4805000.08250706,0.11941072,0.16395123,0.09277434,-0.22776034,0.21983266,0.04544988,0.56021124,0.10494693,0.0398359,0.35767937,-0.0399812,-0.21796159,-0.14640447,-0.24818318,-0.26009256,-0.04662443,-0.15085274,-0.26634967,0.09600361,-0.30315757,-0.40182135,0.26706681,-0.25218648,4806000.0816786,0.11821473,0.16590752,0.09925736,-0.22530393,0.22067544,0.04338838,0.5613246,0.10598543,0.03785923,0.36330411,-0.0425376,-0.21962254,-0.1460142,-0.24267061,-0.26148605,-0.04797033,-0.14427578,-0.26499492,0.0862438,-0.30556184,-0.40227801,0.26455712,-0.25664949,4807000.08399674,0.1173478,0.16662757,0.09846169,-0.22614969,0.21927249,0.04178303,0.55959272,0.10426805,0.03372588,0.36354786,-0.0464727,-0.22007264,-0.14153366,-0.24443616,-0.26053193,-0.04312564,-0.156819,-0.26589859,0.08682476,-0.30088654,-0.40281454,0.26714221,-0.25082311,4808000.08492361,0.11886032,0.1615992,0.10110465,-0.22910036,0.22041424,0.04417967,0.55905563,0.10294929,0.03152452,0.35985249,-0.05080133,-0.21320134,-0.14282492,-0.24564525,-0.25984496,-0.04528857,-0.14588603,-0.26633328,0.08781231,-0.30366629,-0.40298596,0.26517007,-0.24944764,4809000.08393165,0.12420016,0.16734399,0.10392444,-0.23388453,0.22242744,0.04321331,0.559663,0.1049359,0.02919385,0.35503569,-0.0512758,-0.21677813,-0.13741478,-0.24834913,-0.25924349,-0.04344094,-0.15047748,-0.26350486,0.09265877,-0.31259781,-0.40241385,0.27435598,-0.24768822,4810000.08794413,0.12473369,0.16812161,0.10618825,-0.23364021,0.22409,0.04377634,0.55757922,0.10632234,0.02661049,0.35904628,-0.0573665,-0.21259283,-0.13759558,-0.25110802,-0.25991198,-0.03965989,-0.15501592,-0.26856175,0.08664878,-0.30793372,-0.40112048,0.26636931,-0.24382672,4811000.08686071,0.12844867,0.16268989,0.11030088,-0.23693819,0.22603959,0.04352049,0.55770773,0.10454625,0.02351598,0.36224842,-0.05388302,-0.21131887,-0.13729067,-0.2471351,-0.25884819,-0.03858051,-0.13567173,-0.26498872,0.09197445,-0.30595505,-0.3988111,0.27139497,-0.2442528,4812000.08531623,0.12719966,0.16550396,0.10575141,-0.22888318,0.22025193,0.04932244,0.55972391,0.10554755,0.02523064,0.36280799,-0.05112498,-0.21615314,-0.13518749,-0.24746333,-0.25740856,-0.04188752,-0.14639519,-0.26395184,0.09708898,-0.30525288,-0.39683604,0.26818714,-0.24560626,4813000.08336075,0.1240813,0.16251659,0.09792222,-0.21619055,0.22082281,0.05038815,0.56166619,0.10813308,0.03762105,0.360993,-0.04347134,-0.20417723,-0.131503,-0.24577512,-0.25506088,-0.03927821,-0.14403562,-0.26172736,0.09004833,-0.29342887,-0.39244425,0.26884839,-0.24567276,4814000.08421712,0.12828569,0.16165665,0.10064222,-0.21929742,0.22449134,0.04994423,0.55911046,0.10952374,0.0362212,0.36711115,-0.04613052,-0.19650562,-0.13740365,-0.2425027,-0.2550236,-0.03277402,-0.13178255,-0.26318955,0.09233308,-0.30196133,-0.39308432,0.26900893,-0.24743164,4815000.08283134,0.12882903,0.16248955,0.10359077,-0.22118992,0.22330567,0.04617827,0.56483603,0.10932925,0.03181015,0.37107322,-0.05133345,-0.20036513,-0.12910728,-0.24255709,-0.25523242,-0.0361525,-0.13270871,-0.2596058,0.08392998,-0.3004134,-0.39327681,0.27157456,-0.24712577,4816000.08499591,0.1301174,0.16473089,0.10389377,-0.22349909,0.22141637,0.05149492,0.5595659,0.10936718,0.03180308,0.3635599,-0.05716004,-0.20726968,-0.12979279,-0.2452711,-0.25413698,-0.02874289,-0.1429507,-0.25874957,0.08404045,-0.2972976,-0.39313814,0.26696837,-0.24055922,4817000.08594871,0.13340221,0.16749109,0.10521723,-0.22058606,0.2270797,0.04208193,0.56129962,0.1099671,0.02939542,0.35830712,-0.05294308,-0.21460541,-0.12481835,-0.24861805,-0.25294456,-0.03249456,-0.13710544,-0.26171988,0.09359985,-0.29867953,-0.39342871,0.26637137,-0.23742196,4818000.08579324,0.13498951,0.16723266,0.10808785,-0.2290654,0.22973922,0.04532421,0.56195718,0.10973022,0.02554773,0.37022746,-0.04925562,-0.20634709,-0.1259027,-0.24468827,-0.25225076,-0.03338816,-0.14049743,-0.26073581,0.09157924,-0.29885614,-0.39275897,0.27373162,-0.24044147,4819000.08786248,0.13225172,0.16616687,0.11263749,-0.22633044,0.22920154,0.05021224,0.5626294,0.10886394,0.02300057,0.37575755,-0.05634627,-0.2129595,-0.13003135,-0.24486512,-0.251665,-0.03281198,-0.13716109,-0.26018369,0.09321717,-0.29803601,-0.39177063,0.27660662,-0.23809965,4820000.08755578,0.13619266,0.16912669,0.11121196,-0.21857961,0.22437544,0.05113728,0.56235999,0.10952266,0.0250119,0.36330867,-0.05555225,-0.20739415,-0.12811145,-0.24580799,-0.25249228,-0.02886844,-0.13218401,-0.25849521,0.0941307,-0.29106858,-0.38883096,0.27573147,-0.23724937,4821000.08467057,0.13362598,0.16659848,0.10237899,-0.20569143,0.22241536,0.05442841,0.56045747,0.11301848,0.03818959,0.3637324,-0.04392721,-0.2035564,-0.12553839,-0.2444402,-0.24848197,-0.03494438,-0.14064513,-0.26001918,0.08859447,-0.2958796,-0.38503316,0.27434957,-0.23885983,4822000.08142579,0.13486695,0.16179983,0.10311243,-0.21001457,0.22146954,0.05239434,0.56172472,0.11439469,0.0369647,0.36126441,-0.04670021,-0.20688972,-0.12081322,-0.24181443,-0.24857126,-0.03017159,-0.13096604,-0.25206769,0.09035851,-0.2927821,-0.3846316,0.26611218,-0.24344791,4823000.08555999,0.13443907,0.16493261,0.10548919,-0.21068461,0.22167309,0.05011399,0.56373596,0.11224835,0.03299107,0.36411467,-0.04775667,-0.21664405,-0.12241894,-0.24449566,-0.2471683,-0.02907243,-0.1270576,-0.25013453,0.08949959,-0.29832438,-0.38587248,0.27450281,-0.23868433,4824000.08574805,0.13305038,0.16726404,0.10587221,-0.21324958,0.22346088,0.05296498,0.56446952,0.11246616,0.03126898,0.36374137,-0.05510286,-0.21128906,-0.11866977,-0.2448975,-0.24866934,-0.03050824,-0.12872636,-0.25067654,0.08889276,-0.29150462,-0.38589132,0.2752431,-0.23909545,4825000.08529419,0.13846095,0.16553693,0.10914673,-0.21719821,0.22568576,0.05223105,0.56476992,0.11377999,0.02990267,0.3640326,-0.05654997,-0.21550253,-0.11931432,-0.24274057,-0.2482301,-0.02971256,-0.13313536,-0.25656202,0.0973702,-0.29648221,-0.38642937,0.2747916,-0.23682134,4826000.08637743,0.14293237,0.16827004,0.11101524,-0.216429,0.22471517,0.05435584,0.5623579,0.11315891,0.02698811,0.36720908,-0.05701709,-0.20654006,-0.12257496,-0.24215151,-0.24782225,-0.02472062,-0.12359942,-0.25535661,0.09325542,-0.30022264,-0.38468263,0.28223151,-0.2352711,4827000.0898882,0.14114977,0.16867411,0.11296347,-0.21904904,0.22848712,0.04830125,0.56395215,0.11426995,0.02321321,0.36388218,-0.05850922,-0.20498867,-0.12357535,-0.24548538,-0.24725384,-0.02862281,-0.13024096,-0.25195259,0.08909723,-0.30488372,-0.38450107,0.28260723,-0.23284592,4828000.08881573,0.14185494,0.16945012,0.10984165,-0.20988603,0.22494516,0.04626529,0.56240875,0.11545376,0.02426566,0.3612844,-0.05312932,-0.20294267,-0.12526238,-0.24355777,-0.24661137,-0.02454713,-0.13626148,-0.25431082,0.09586824,-0.29080063,-0.38449359,0.27921185,-0.22800685,4829000.0843924,0.13678281,0.16033585,0.10120022,-0.20015468,0.22298379,0.05781727,0.56362402,0.11554159,0.03639352,0.37028643,-0.04878212,-0.2050429,-0.12108931,-0.2397214,-0.24356794,-0.02744037,-0.12268142,-0.24966298,0.09396263,-0.28693035,-0.37972054,0.27280346,-0.22501363,4830000.08563775,0.14333481,0.16383995,0.10405339,-0.20085885,0.22391574,0.05488827,0.56402171,0.11795063,0.03651378,0.36982268,-0.04765645,-0.21128055,-0.11251346,-0.23756151,-0.24369051,-0.02156328,-0.12923977,-0.25061494,0.09627716,-0.29277766,-0.37976134,0.27254075,-0.23395291,4831000.08575507,0.14487945,0.16732228,0.1068144,-0.20503522,0.22302485,0.05613978,0.56458104,0.11910007,0.03348855,0.37053016,-0.05029151,-0.20997116,-0.12036818,-0.24059354,-0.24518724,-0.02418,-0.12504517,-0.25339401,0.09531039,-0.29196033,-0.3817938,0.27807629,-0.22961232,4832000.08301243,0.14063966,0.16766766,0.10563299,-0.2049478,0.22484784,0.05472307,0.56429374,0.11657874,0.03136699,0.3675386,-0.05064529,-0.21074401,-0.12035201,-0.24087659,-0.24344388,-0.02191503,-0.11843913,-0.25100073,0.09357955,-0.29063499,-0.3798795,0.27404583,-0.22804518,4833000.08703961,0.14230256,0.17017396,0.10855465,-0.20581171,0.2248859,0.05817557,0.56675744,0.11383059,0.03024556,0.36753511,-0.05220457,-0.21146902,-0.12231232,-0.23834437,-0.24367324,-0.01856622,-0.11452039,-0.25257218,0.09408544,-0.28636956,-0.37962157,0.27665669,-0.23243223,4834000.08669581,0.14894393,0.16870472,0.11182995,-0.20733579,0.22892071,0.05552821,0.56454647,0.11464994,0.02686274,0.36650094,-0.05274814,-0.2153316,-0.1265541,-0.24084675,-0.24373047,-0.02013581,-0.12056458,-0.24864511,0.09352329,-0.29554373,-0.38098779,0.27875575,-0.23075965,4835000.08811606,0.14653121,0.16945247,0.11334731,-0.20588307,0.23147881,0.05543018,0.56547242,0.11527647,0.02450926,0.36024359,-0.05525904,-0.20964769,-0.12521113,-0.2413217,-0.24430525,-0.02327668,-0.14161992,-0.24877661,0.08600667,-0.29483652,-0.37894869,0.28350815,-0.22638252,4836000.086987,0.14810967,0.17051663,0.10907534,-0.20182756,0.22796653,0.05004271,0.56235719,0.11593369,0.0264169,0.35902569,-0.05329984,-0.21240965,-0.12410033,-0.24227339,-0.24436051,-0.02565566,-0.13139091,-0.24753925,0.09305287,-0.28925246,-0.37901938,0.27318242,-0.22317502,4837000.08177493,0.14538987,0.16271898,0.10355835,-0.1900672,0.21998344,0.06008783,0.56333822,0.11890227,0.03841599,0.35958013,-0.04679654,-0.20775822,-0.12744851,-0.2414749,-0.23981473,-0.02477521,-0.12862448,-0.24599709,0.09531967,-0.29224321,-0.37539586,0.27687314,-0.23124279,4838000.0846914,0.14415312,0.16231537,0.10619111,-0.19448665,0.22030276,0.05724661,0.56620711,0.11641355,0.03669089,0.35823396,-0.04421873,-0.20554683,-0.12078805,-0.23762016,-0.24174993,-0.02340437,-0.11928221,-0.24600656,0.10066393,-0.289805,-0.37818235,0.27495363,-0.22916715,4839000.08702694,0.14437471,0.16706319,0.10303269,-0.198255,0.22182807,0.05926424,0.56351268,0.11711451,0.0316931,0.35641491,-0.0501627,-0.203786,-0.12187552,-0.23942982,-0.24210635,-0.02610962,-0.12170052,-0.2463236,0.09561689,-0.28754908,-0.37822562,0.27056214,-0.22310202,4840000.08407549,0.14692973,0.16671757,0.10398956,-0.20111656,0.22363526,0.05785642,0.56131649,0.11763637,0.03060441,0.36240375,-0.05055573,-0.20735189,-0.12000655,-0.23982213,-0.24095216,-0.0206562,-0.13067806,-0.24352886,0.09539545,-0.29117179,-0.37631884,0.27414614,-0.22685413,4841000.08412085,0.1501433,0.16850306,0.10623872,-0.2010235,0.22254467,0.05688336,0.56201077,0.11565877,0.02967147,0.36495143,-0.05260266,-0.21160828,-0.12405577,-0.23971593,-0.24122645,-0.02489013,-0.12192097,-0.24767534,0.09715571,-0.29098874,-0.37624478,0.2731294,-0.22608441,4842000.08449683,0.14675869,0.16939527,0.1087595,-0.20127663,0.22522207,0.0582441,0.55917144,0.11556004,0.02810877,0.36315292,-0.04862413,-0.2177735,-0.12591304,-0.24232352,-0.24095704,-0.0170818,-0.12107173,-0.24504648,0.09798694,-0.2900002,-0.37627837,0.28206027,-0.22194637,4843000.08719522,0.14937662,0.16881937,0.11191741,-0.20096956,0.2270453,0.05643972,0.5601207,0.11755494,0.0250679,0.36056015,-0.04596237,-0.22544673,-0.13171004,-0.2413137,-0.24077362,-0.01981973,-0.14373825,-0.24638303,0.09198156,-0.2821911,-0.37591475,0.27401257,-0.2288637,4844000.08371252,0.14785506,0.16559428,0.10529407,-0.188024,0.22277877,0.06430773,0.56131154,0.11597429,0.03657785,0.35714543,-0.04641267,-0.21473213,-0.12912026,-0.24647331,-0.24083634,-0.01662067,-0.13184249,-0.24173832,0.09388612,-0.2812745,-0.3749688,0.27398455,-0.22477505,4845000.08326504,0.14751044,0.16631435,0.10024443,-0.18440217,0.22537468,0.06210798,0.56646252,0.11610926,0.0424852,0.36270022,-0.04307399,-0.21413355,-0.1296111,-0.2427808,-0.23918915,-0.01574655,-0.11510318,-0.24379869,0.1025046,-0.29079074,-0.37447777,0.27482864,-0.23103511,4846000.08902015,0.15249215,0.16504766,0.10528135,-0.19356987,0.2200412,0.05841124,0.5645166,0.11668421,0.03590209,0.35896903,-0.04580442,-0.20364781,-0.13414313,-0.23948103,-0.24148084,-0.00965386,-0.12123344,-0.2465627,0.09109867,-0.28749672,-0.3764033,0.27131808,-0.22974302,4847000.08320625,0.14847879,0.16642967,0.10689299,-0.19468267,0.22081117,0.05748555,0.5613485,0.11421305,0.03424627,0.36032325,-0.04948053,-0.21493933,-0.12710084,-0.24629593,-0.23947445,-0.0163009,-0.12640771,-0.241708,0.09954168,-0.2859984,-0.3769168,0.2732895,-0.22428939,4848000.08642983,0.14936481,0.16896372,0.10789831,-0.19638003,0.2233588,0.05600484,0.56120372,0.11463096,0.03262619,0.36475736,-0.04941047,-0.21946999,-0.12723993,-0.24844047,-0.24002419,-0.01866945,-0.12228793,-0.24397177,0.10642613,-0.28839707,-0.37795815,0.27835065,-0.22501025,4849000.08675369,0.15155415,0.16496123,0.10887147,-0.2000073,0.22187105,0.05672615,0.56055975,0.11610524,0.031034,0.37020284,-0.05291176,-0.2142956,-0.12610932,-0.24524038,-0.24100298,-0.01947124,-0.12241459,-0.24536867,0.09143008,-0.28962356,-0.37760434,0.27908203,-0.22032224,4850000.08791541,0.14978133,0.16651604,0.11121904,-0.20057862,0.22579685,0.0573264,0.56041288,0.11452864,0.02876726,0.35848531,-0.05364145,-0.20765808,-0.12749317,-0.24913597,-0.24345118,-0.02369157,-0.12095547,-0.24664246,0.09339192,-0.29886717,-0.37647158,0.27867532,-0.21963003,4851000.0849761,0.14986753,0.1647317,0.10889851,-0.19336814,0.22335042,0.05988941,0.56238323,0.11200844,0.0297534,0.3691892,-0.04785291,-0.21468201,-0.13881703,-0.24737938,-0.24080387,-0.01984724,-0.11806179,-0.24346502,0.09244668,-0.29283425,-0.37533227,0.27875575,-0.22648348,4852000.08355039,0.14309379,0.16191365,0.10057916,-0.18404214,0.22078535,0.0645677,0.55865997,0.1155071,0.04237459,0.35878402,-0.04169927,-0.21582322,-0.13845655,-0.24454011,-0.23966414,-0.01704925,-0.12744662,-0.2426409,0.09622996,-0.28886282,-0.37378952,0.26653609,-0.23260777,4853000.08438661,0.14797138,0.16306101,0.10274549,-0.19053794,0.22191992,0.05922985,0.56274748,0.11528011,0.04077681,0.36564732,-0.04806911,-0.20979775,-0.12987804,-0.24174103,-0.24102765,-0.01684402,-0.12693368,-0.2445202,0.08939739,-0.2845673,-0.37789297,0.2727654,-0.23061986,4854000.08332363,0.14795475,0.16317596,0.10568121,-0.19303194,0.2194702,0.06707677,0.56085432,0.11442865,0.03516762,0.36576551,-0.05541935,-0.21143559,-0.13673902,-0.24160436,-0.24148272,-0.01609122,-0.12283359,-0.24717656,0.09250583,-0.29204234,-0.37977079,0.27864438,-0.22779843,4855000.08249417,0.15419108,0.16553618,0.10553747,-0.19193831,0.2217796,0.05875603,0.56082314,0.11272459,0.03426334,0.36587146,-0.05487188,-0.21563128,-0.13899222,-0.24671586,-0.24315479,-0.02370478,-0.11518464,-0.24387772,0.09644201,-0.29039836,-0.38110051,0.27064416,-0.22676389,4856000.08465237,0.15038379,0.16372322,0.10922466,-0.20026408,0.2210339,0.05992993,0.56269908,0.11275303,0.03289483,0.36767262,-0.05600096,-0.22032423,-0.13032192,-0.24429624,-0.24364957,-0.02196861,-0.13277203,-0.24212655,0.09471677,-0.29214707,-0.38295472,0.27850956,-0.22999083,4857000.08526168,0.15248975,0.16516274,0.11019827,-0.19844681,0.2198917,0.0625437,0.56345224,0.11376834,0.02975593,0.35752091,-0.0581974,-0.21432962,-0.13821131,-0.24515659,-0.24293074,-0.01705613,-0.12108154,-0.24272496,0.09233858,-0.2811155,-0.38260835,0.27585855,-0.22868177,4858000.08592343,0.15126976,0.16795601,0.11168223,-0.20221739,0.22286262,0.05981311,0.56059414,0.11402694,0.02648684,0.35777086,-0.05859046,-0.22902647,-0.13873959,-0.2415431,-0.24318844,-0.02419378,-0.13690805,-0.24276972,0.09519448,-0.29019922,-0.38361055,0.27978081,-0.22537646,4859000.08541717,0.1479398,0.16217193,0.1057733,-0.19334289,0.22487879,0.05933113,0.55981767,0.11120177,0.03326793,0.35562584,-0.05464945,-0.22766277,-0.14248656,-0.24033937,-0.24200346,-0.02217386,-0.14460851,-0.24167857,0.09128496,-0.29763883,-0.38156867,0.27648801,-0.22418711,4860000.08167815,0.14536895,0.16260223,0.10006879,-0.18618211,0.22508486,0.06350245,0.56129473,0.11172346,0.04250509,0.36929774,-0.05321289,-0.22989939,-0.14375423,-0.24166435,-0.24048111,-0.01543933,-0.12647986,-0.24412543,0.09491964,-0.29724774,-0.38190725,0.27325618,-0.22731139,4861000.08220188,0.14577331,0.16645785,0.1032237,-0.19582964,0.22670989,0.06198988,0.56438798,0.11242561,0.03792822,0.3690562,-0.05620172,-0.22459812,-0.14380498,-0.24461837,-0.24403788,-0.02455949,-0.12069023,-0.24461366,0.09706295,-0.29146102,-0.38512981,0.27000305,-0.23141713,4862000.080401,0.14520419,0.16608317,0.10445223,-0.19598785,0.2217796,0.06378477,0.56163329,0.1119137,0.032845,0.36976129,-0.05869253,-0.21711867,-0.14685041,-0.2422891,-0.24403895,-0.02566332,-0.13173713,-0.2464505,0.08908567,-0.29476327,-0.38633096,0.2733725,-0.23202899,4863000.08272012,0.14475098,0.16645785,0.10285707,-0.19673853,0.21887964,0.05461815,0.56681275,0.11176872,0.03235974,0.36858189,-0.06043386,-0.21796753,-0.15021333,-0.24139541,-0.24429628,-0.02442741,-0.13390692,-0.24546072,0.08834105,-0.29937163,-0.38831538,0.27200791,-0.23069637,4864000.08440612,0.14647697,0.16763933,0.10330378,-0.20026408,0.22047712,0.05602714,0.56617194,0.11122199,0.03017653,0.36420602,-0.06766179,-0.2363746,-0.150948,-0.24262404,-0.24551615,-0.02572106,-0.14924245,-0.24711473,0.09409411,-0.30082777,-0.38892829,0.27127686,-0.23250878,4865000.08340142,0.14843477,0.16737945,0.10916007,-0.20649897,0.22169244,0.05682355,0.55947,0.11028751,0.02730902,0.35728264,-0.06742743,-0.22836548,-0.14399287,-0.24672206,-0.24653471,-0.0297824,-0.14236645,-0.24894825,0.10099111,-0.30393746,-0.39041951,0.27196652,-0.22506559,4866000.08664332,0.15361121,0.16738006,0.10954093,-0.20250265,0.22457504,0.05518425,0.55920583,0.11067379,0.02546273,0.35265407,-0.06977283,-0.22779201,-0.1476513,-0.24400111,-0.24612232,-0.02542236,-0.14642681,-0.24729066,0.09232219,-0.29856563,-0.38897964,0.28129658,-0.22494134,4867000.08289611,0.14685962,0.16404039,0.10331868,-0.19562483,0.22397499,0.05619496,0.55986971,0.10814028,0.03331526,0.36389422,-0.06742883,-0.22621766,-0.14607808,-0.24123274,-0.24534579,-0.02601659,-0.14276607,-0.25002661,0.09138309,-0.29605281,-0.38751826,0.27556524,-0.22840297,4868000.08022676,0.14458713,0.16412316,0.10137519,-0.19422841,0.21815448,0.05698714,0.56299824,0.11050974,0.03972902,0.36744353,-0.06101537,-0.2200833,-0.15280505,-0.23839809,-0.24400695,-0.02885719,-0.12972485,-0.25050163,0.09228253,-0.29996333,-0.38842428,0.27155125,-0.23426282,4869000.08334287,0.1450877,0.16694593,0.10330378,-0.20309553,0.21956533,0.05428486,0.56085169,0.11035541,0.03524306,0.3628259,-0.06928064,-0.22477698,-0.15122034,-0.2453066,-0.24697654,-0.03061066,-0.13980584,-0.24753803,0.09476005,-0.30367911,-0.39212388,0.26704839,-0.24589087,4870000.08287584,0.14225376,0.16432476,0.1036227,-0.20536596,0.21799387,0.05327802,0.56018502,0.10949111,0.03295123,0.36604062,-0.07135526,-0.22191916,-0.14700551,-0.24235071,-0.24910788,-0.03295896,-0.14563829,-0.2494425,0.08326139,-0.30943823,-0.39500549,0.26555142,-0.23690812,4871000.07910031,0.14332651,0.16582285,0.10454766,-0.20582838,0.22248694,0.05878612,0.56454897,0.10796777,0.03146013,0.35090524,-0.07526561,-0.22732033,-0.15084116,-0.24345659,-0.24721512,-0.03585961,-0.15260257,-0.25100678,0.08723389,-0.30679294,-0.39601299,0.26879314,-0.2364784,4872000.08082233,0.14630461,0.16507317,0.10488204,-0.20940399,0.22184746,0.05637413,0.56262064,0.10949896,0.02826914,0.35572901,-0.07785746,-0.23151021,-0.15300761,-0.24405484,-0.25025213,-0.03375359,-0.14328569,-0.25060022,0.09550373,-0.30694982,-0.39470369,0.27596411,-0.23596528,4873000.0871876,0.14577679,0.16504566,0.1100687,-0.21095611,0.2223704,0.05302999,0.5621646,0.11227569,0.02593228,0.36259347,-0.07925424,-0.23414491,-0.15240906,-0.24801305,-0.25037393,-0.03071775,-0.14928269,-0.25005358,0.09044806,-0.30742586,-0.39469865,0.26916674,-0.23466845,4874000.08383561,0.14618668,0.16772585,0.10625072,-0.20999569,0.22419591,0.05384654,0.55849862,0.11076,0.02742285,0.35841694,-0.07134715,-0.2262449,-0.16011553,-0.24466385,-0.25256094,-0.03115518,-0.14403804,-0.24647827,0.08737103,-0.30162549,-0.39453298,0.27476192,-0.23504095,4875000.07992385,0.13882156,0.16363676,0.09739574,-0.19824867,0.22432023,0.05467591,0.55976892,0.10847043,0.0378495,0.35657337,-0.07035445,-0.23285711,-0.15329228,-0.24377036,-0.24934988,-0.03649721,-0.13419954,-0.25241753,0.09047911,-0.30505067,-0.39209977,0.26788068,-0.23667033,4876000.08136701,0.13988583,0.16300182,0.09982962,-0.2038919,0.21996798,0.05329126,0.56073552,0.11004134,0.03656471,0.3637796,-0.07441849,-0.2288761,-0.15588318,-0.24574044,-0.2492438,-0.03776838,-0.13488585,-0.24848832,0.08670013,-0.30807319,-0.39481407,0.26898384,-0.24533202,4877000.08229303,0.14274637,0.1656799,0.10139079,-0.2025508,0.21916892,0.06009599,0.56136256,0.1089336,0.03208064,0.36530864,-0.07734764,-0.2303082,-0.1590967,-0.24095836,-0.25163308,-0.03591148,-0.154167,-0.25380951,0.09058958,-0.31303519,-0.39796916,0.26617062,-0.24187803,4878000.08266887,0.14237006,0.16784082,0.10155027,-0.20851459,0.21710818,0.05670062,0.55818009,0.1088108,0.03142484,0.3521978,-0.07873554,-0.24130978,-0.15612777,-0.24492744,-0.25157815,-0.03744218,-0.14806503,-0.25412685,0.08716909,-0.3079688,-0.39829257,0.26650307,-0.24473903,4879000.08097798,0.14116576,0.16648652,0.10403693,-0.21414639,0.21894702,0.05227955,0.56257385,0.10753705,0.03137669,0.35890409,-0.07960192,-0.23067218,-0.15555122,-0.24898873,-0.25130409,-0.04043687,-0.14891088,-0.25130779,0.08644593,-0.30813724,-0.39911178,0.26427391,-0.24053283,4880000.08379029,0.14397974,0.16637176,0.10567844,-0.21491587,0.22562036,0.05055528,0.55862981,0.10907364,0.0281389,0.36616847,-0.07522993,-0.23905112,-0.15894699,-0.24731916,-0.25317997,-0.04274299,-0.13379991,-0.25037417,0.09451701,-0.31252623,-0.39912072,0.26813754,-0.23485471,4881000.08327188,0.14510983,0.16758162,0.11091191,-0.21635976,0.22574423,0.05501976,0.55974483,0.10808789,0.02579992,0.35454765,-0.07890088,-0.23451717,-0.16008051,-0.24912272,-0.25363752,-0.03888557,-0.1360272,-0.25092623,0.08723084,-0.31135687,-0.39749971,0.27305761,-0.24087466,4882000.08660309,0.14043166,0.16588271,0.10239396,-0.20527102,0.22149627,0.05166768,0.55985087,0.106424,0.0315836,0.36683699,-0.07532871,-0.22990982,-0.1608786,-0.24405658,-0.25150344,-0.03913942,-0.14788866,-0.25103855,0.08257999,-0.30993593,-0.39568523,0.2748428,-0.23622388,4883000.08281182,0.13447526,0.16326332,0.09723642,-0.20609188,0.21970762,0.05783051,0.55683327,0.10926184,0.04034903,0.36212867,-0.07552059,-0.23224591,-0.15538424,-0.24301046,-0.25115788,-0.04027527,-0.1487906,-0.25347212,0.08337371,-0.30789766,-0.39548323,0.26200986,-0.24118321,4884000.08174268,0.14047758,0.16441239,0.10198013,-0.20724273,0.22349903,0.05400094,0.56148362,0.1094544,0.03636008,0.36402348,-0.07566569,-0.22971863,-0.15455094,-0.24174623,-0.25138986,-0.04264614,-0.14258683,-0.25638443,0.08258717,-0.3112368,-0.3996253,0.26266277,-0.24388185,4885000.08422429,0.14410849,0.16562267,0.09973343,-0.21217582,0.22402172,0.0546206,0.55731648,0.10929357,0.03265473,0.35041201,-0.07987841,-0.22444873,-0.16707867,-0.24772413,-0.25283208,-0.03840552,-0.14059292,-0.25010124,0.07616982,-0.31725398,-0.40125558,0.26999739,-0.24454392,4886000.08268883,0.13742469,0.16326243,0.1009286,-0.21358372,0.22515069,0.04731915,0.56064522,0.10788651,0.03143599,0.36220756,-0.08344246,-0.24431221,-0.16355577,-0.24744576,-0.25458741,-0.04416603,-0.15135646,-0.25221235,0.08130787,-0.30918714,-0.40260294,0.26766306,-0.25338885,4887000.08561782,0.13594185,0.16398253,0.10317618,-0.21870571,0.22284386,0.05027365,0.55791336,0.1084012,0.02909291,0.35221925,-0.08201825,-0.24225159,-0.15967537,-0.2489225,-0.25451255,-0.03945704,-0.15019716,-0.25516704,0.08505573,-0.32077193,-0.40266573,0.26902589,-0.24400958,4888000.08632941,0.14080782,0.16700564,0.10757779,-0.21774274,0.22489239,0.0496204,0.56121886,0.10808966,0.02674925,0.35127851,-0.08444135,-0.23679347,-0.16739842,-0.2511,-0.25537431,-0.03930444,-0.15461032,-0.25789654,0.08990075,-0.32150257,-0.40100038,0.26587373,-0.24756891,4889000.08275974,0.1403874,0.16596904,0.10855056,-0.2178853,0.22254859,0.04970404,0.56401992,0.10962722,0.02521678,0.35383216,-0.08747416,-0.23534605,-0.17245862,-0.25282472,-0.25566193,-0.04351979,-0.15557784,-0.25887206,0.08839969,-0.31756231,-0.40038002,0.26899126,-0.24133863,4890000.08422196,0.13613875,0.15927085,0.10024486,-0.20937404,0.21863857,0.05459891,0.55829495,0.10649411,0.03405892,0.35646158,-0.07995925,-0.22186619,-0.16687685,-0.24745438,-0.25471839,-0.04161593,-0.14195666,-0.25482926,0.08287764,-0.3169992,-0.39914653,0.26666167,-0.24361707,4891000.08271453,0.13716651,0.15751325,0.0966451,-0.20930021,0.22152679,0.0536121,0.55922532,0.1099529,0.03912506,0.35649183,-0.08176488,-0.23321709,-0.16214384,-0.24777663,-0.25425443,-0.04331924,-0.1455346,-0.25477448,0.08487957,-0.32447115,-0.40025479,0.26671878,-0.24755217,4892000.08240382,0.14027357,0.15940776,0.09890406,-0.21493679,0.22405586,0.05556379,0.55980414,0.10864388,0.03353336,0.35013324,-0.08365197,-0.23967418,-0.16387016,-0.24603477,-0.2567223,-0.04092892,-0.14827827,-0.25598237,0.08047323,-0.32148069,-0.40517393,0.26898384,-0.25614765,4893000.08106345,0.13531987,0.16245562,0.10003451,-0.21468607,0.22289677,0.05359847,0.55955136,0.1061362,0.03017522,0.34983549,-0.08824798,-0.23923703,-0.16604082,-0.2478608,-0.25643241,-0.04580311,-0.14679855,-0.25733253,0.08069751,-0.31925806,-0.40601245,0.27191699,-0.25074768,4894000.08294146,0.13592756,0.16593876,0.102235,-0.22193579,0.2260686,0.04938191,0.55721563,0.10733089,0.02950723,0.35200608,-0.09243713,-0.24916565,-0.17387347,-0.24910121,-0.25869131,-0.04741938,-0.15058005,-0.25342837,0.08661108,-0.32645363,-0.40552276,0.26691669,-0.24942447,4895000.08681137,0.13632751,0.16654433,0.10517022,-0.22760729,0.22568576,0.04895112,0.55790973,0.10785948,0.02668735,0.35064504,-0.09555046,-0.2396574,-0.16822915,-0.25141948,-0.25847921,-0.04485395,-0.15762345,-0.26183358,0.08027619,-0.32566759,-0.40635371,0.2734946,-0.25265726,4896000.08413374,0.13906208,0.16458625,0.10651097,-0.22880402,0.22450677,0.0489066,0.55959946,0.10650188,0.02407501,0.36205739,-0.10025639,-0.23842646,-0.17767204,-0.25409216,-0.25812444,-0.05205326,-0.16019623,-0.26559576,0.08153046,-0.33098611,-0.40552321,0.27443099,-0.25002995,4897000.08522916,0.13671468,0.16622789,0.10639811,-0.22464895,0.22339678,0.04317676,0.55772477,0.10591821,0.0233643,0.36254063,-0.09914339,-0.24552421,-0.16978492,-0.25176346,-0.25845164,-0.0536682,-0.15565896,-0.26325336,0.0820622,-0.32637393,-0.40357369,0.27037653,-0.24848585,4898000.08325235,0.1370599,0.1633212,0.09757016,-0.21256325,0.22255498,0.05258573,0.5547998,0.10775929,0.03252333,0.3603166,-0.09275059,-0.24263008,-0.17343204,-0.25016624,-0.258028,-0.05206889,-0.15014386,-0.25949362,0.08243041,-0.3230767,-0.40197426,0.26366049,-0.2492241,4899000.081238,0.13011087,0.16121569,0.09699326,-0.22043762,0.2205013,0.05636864,0.55948675,0.10735264,0.03565019,0.35703492,-0.09499147,-0.23437464,-0.17543575,-0.25175363,-0.25745904,-0.04811772,-0.16523606,-0.25951776,0.08287875,-0.33313385,-0.40417174,0.26629496,-0.25672689,4900000.08603375,0.12849505,0.16792701,0.09804292,-0.22507374,0.22351405,0.05809198,0.56015074,0.10660434,0.02972955,0.35353026,-0.0977205,-0.23716483,-0.17189014,-0.24794032,-0.25931227,-0.05443196,-0.15910774,-0.26135018,0.07639138,-0.32894266,-0.40742469,0.26529309,-0.25575265,4901000.0847173,0.13009134,0.16700459,0.10103901,-0.22348425,0.2232185,0.0484167,0.55750614,0.10831201,0.02692214,0.34909695,-0.09749651,-0.24650417,-0.17579854,-0.25132236,-0.25940859,-0.05631106,-0.1631957,-0.26188117,0.07345552,-0.32839996,-0.40928325,0.26351786,-0.2617119,4902000.08441906,0.13375419,0.16530438,0.10215519,-0.22691526,0.22377554,0.04866564,0.55886877,0.10805292,0.02623237,0.34035349,-0.10130312,-0.24797696,-0.17374907,-0.25559881,-0.26209724,-0.05799676,-0.15299051,-0.2596392,0.07996207,-0.33137813,-0.40852457,0.26871878,-0.26070738,4903000.08582581,0.13390553,0.16481638,0.10426073,-0.23462342,0.22737294,0.047268,0.56120336,0.108267,0.02318029,0.35115734,-0.10505394,-0.25294021,-0.17849062,-0.25332168,-0.26108921,-0.06404901,-0.16753316,-0.26221225,0.08083633,-0.33844885,-0.40775388,0.26609796,-0.26011711,4904000.08557265,0.13410406,0.16354933,0.10670146,-0.23592281,0.22890443,0.04368789,0.56072807,0.10674535,0.02007464,0.34512913,-0.1081046,-0.24514161,-0.17843409,-0.25224245,-0.2618176,-0.05983594,-0.17347963,-0.26362029,0.08013903,-0.32895559,-0.40902346,0.26884234,-0.26193416,4905000.08599386,0.13545902,0.16522005,0.10468958,-0.23018499,0.22379801,0.04389051,0.55998057,0.10527848,0.02400548,0.34781799,-0.11004712,-0.23976989,-0.18332799,-0.25536272,-0.26162201,-0.05849034,-0.17430291,-0.26126319,0.08240114,-0.32989269,-0.40554199,0.26972011,-0.25510928,4906000.0827406,0.1304902,0.1625728,0.09656747,-0.22129774,0.2235027,0.04503196,0.55974889,0.10799298,0.03381992,0.34923488,-0.10037588,-0.23813641,-0.17039981,-0.25498459,-0.25845933,-0.06429389,-0.1649937,-0.26295227,0.07383978,-0.32526621,-0.40539712,0.26079598,-0.25082675,4907000.08395229,0.12694989,0.16291529,0.09815636,-0.22533022,0.21943066,0.0460489,0.55957127,0.10573443,0.03018004,0.34778619,-0.10169468,-0.24622369,-0.17376277,-0.25283384,-0.26019588,-0.06363997,-0.16709711,-0.26295137,0.07767048,-0.3385253,-0.40810981,0.25955629,-0.25769898,4908000.08255876,0.12947722,0.16374969,0.10006765,-0.23089121,0.22094676,0.04748713,0.5557884,0.10607271,0.02499348,0.3411307,-0.10626265,-0.25236931,-0.17629397,-0.2524049,-0.26137695,-0.06100872,-0.16453755,-0.26302546,0.07987099,-0.33632499,-0.41051874,0.26773915,-0.25753918,4909000.08510617,0.1315086,0.16406822,0.10102374,-0.23411101,0.22409,0.04454309,0.55907452,0.10746548,0.02421307,0.34202737,-0.10505885,-0.2564542,-0.17662586,-0.25394276,-0.26209909,-0.06196164,-0.16011263,-0.26300117,0.08083693,-0.33906776,-0.40981665,0.26003954,-0.25440127,4910000.0844772,0.13278452,0.16884983,0.10013217,-0.2363295,0.22620867,0.04341505,0.55830425,0.10493072,0.02294701,0.33631626,-0.11164924,-0.25628838,-0.18263119,-0.2562007,-0.26494396,-0.06435705,-0.1729317,-0.26904142,0.08206997,-0.33125541,-0.41008574,0.26166376,-0.25633851,4911000.08377072,0.13601866,0.16634326,0.10606269,-0.23633018,0.22548045,0.04253653,0.55880439,0.1031766,0.02105387,0.34566909,-0.11449628,-0.24548514,-0.18181632,-0.25721535,-0.26337388,-0.06201957,-0.1753104,-0.27085096,0.08199774,-0.33282721,-0.4092297,0.26983866,-0.24940525,4912000.08747809,0.133417,0.16634326,0.1067643,-0.2387049,0.22187105,0.04053053,0.55769336,0.10467749,0.01941255,0.35500032,-0.11234289,-0.24690767,-0.18226343,-0.25786915,-0.2614398,-0.06465801,-0.16398239,-0.26120165,0.08689727,-0.33165866,-0.40872356,0.26691797,-0.25314298,4913000.08159442,0.12753704,0.16320689,0.09728451,-0.22866377,0.21985152,0.04763183,0.55586302,0.10406608,0.02947191,0.34703586,-0.10504276,-0.25435689,-0.18297797,-0.25785857,-0.25954348,-0.06892613,-0.17029022,-0.26432389,0.07749698,-0.32441378,-0.40676039,0.2648544,-0.25050828,4914000.08355039,0.12597825,0.16383822,0.09783921,-0.22857885,0.21721326,0.04702764,0.55210555,0.10666106,0.03191103,0.35465929,-0.10616075,-0.25049189,-0.17770003,-0.26022273,-0.25804141,-0.07080218,-0.18165961,-0.26405248,0.08222831,-0.33685908,-0.40903538,0.26341945,-0.25477922,4915000.08533943,0.13164032,0.16717838,0.10000435,-0.23215134,0.22240436,0.04515139,0.55845892,0.10728189,0.02677501,0.35183901,-0.10936701,-0.25975385,-0.17931259,-0.25394011,-0.26138964,-0.06794848,-0.16724207,-0.26707703,0.07960302,-0.33598298,-0.41211104,0.26888454,-0.2581856,4916000.08671344,0.12996012,0.16142178,0.10011577,-0.23349582,0.22285497,0.04372477,0.55773032,0.10433246,0.02417732,0.33819929,-0.11181911,-0.24273241,-0.18982917,-0.25412238,-0.26238671,-0.07007205,-0.15382731,-0.26496801,0.07731683,-0.33374721,-0.4133316,0.27017179,-0.26061386,4917000.08536466,0.12983872,0.16637176,0.10164557,-0.23609948,0.22560179,0.04245358,0.55875683,0.10509767,0.02400107,0.34238523,-0.11337063,-0.24369197,-0.19109343,-0.25762898,-0.26363686,-0.06816655,-0.17066365,-0.26379818,0.07635494,-0.33360535,-0.41324085,0.26920003,-0.26194242,4918000.08623941,0.13098827,0.16429827,0.10304848,-0.23898478,0.22631432,0.04513079,0.55930912,0.10480978,0.02272973,0.34730381,-0.11669374,-0.25487813,-0.18954134,-0.25766543,-0.26375881,-0.07088542,-0.1716712,-0.26786929,0.07769881,-0.33761868,-0.41281956,0.2660813,-0.26370654,4919000.09047975,0.1324075,0.16882057,0.10896607,-0.24358916,0.22576019,0.04270254,0.5545181,0.10329774,0.01889206,0.34371093,-0.11916909,-0.26143026,-0.18806855,-0.26053894,-0.26300547,-0.07223539,-0.16813965,-0.26552227,0.07841097,-0.33388221,-0.41156957,0.26854181,-0.25231767,4920000.08577781,0.12934488,0.16381127,0.10155056,-0.23678227,0.22125414,0.04107154,0.55343479,0.10282215,0.02274299,0.35026002,-0.1065966,-0.25464898,-0.18094192,-0.25941899,-0.26215348,-0.07303073,-0.17860103,-0.26488155,0.08062835,-0.33210504,-0.40888879,0.27042466,-0.25305444,4921000.08584315,0.12453282,0.15909539,0.09497795,-0.22792675,0.21563847,0.05117483,0.5545882,0.10442037,0.03310939,0.34771758,-0.11003322,-0.24390753,-0.17944306,-0.25540951,-0.26017511,-0.06678362,-0.16835308,-0.26706973,0.07422112,-0.33595598,-0.40982634,0.26452231,-0.25668028,4922000.08754729,0.12608117,0.16432759,0.09739219,-0.23096438,0.2223895,0.04350704,0.55825764,0.10430449,0.02920001,0.34602848,-0.1114433,-0.25432122,-0.184019,-0.26064575,-0.26283172,-0.06745265,-0.16441773,-0.26843968,0.07796396,-0.33818424,-0.41349787,0.26225793,-0.26070625,4923000.08967035,0.12700155,0.16475917,0.09736072,-0.238305,0.22206016,0.04434397,0.5549053,0.10218114,0.0258914,0.34431803,-0.11539555,-0.2626825,-0.18865012,-0.25640932,-0.26467988,-0.07494837,-0.16826896,-0.26742023,0.07785437,-0.34290811,-0.41524708,0.2601046,-0.2641463,4924000.08818565,0.12899378,0.16602588,0.09718651,-0.23798349,0.21853678,0.04373752,0.55341285,0.10066829,0.02477644,0.34924608,-0.1150772,-0.24938077,-0.19283111,-0.25947863,-0.26457718,-0.07105885,-0.17082781,-0.26556569,0.07212141,-0.33881882,-0.41654888,0.26105711,-0.26469451,4925000.0884636,0.12846482,0.16697682,0.09839723,-0.2455453,0.22400288,0.03718381,0.55112457,0.10097793,0.02113798,0.33720583,-0.11821762,-0.26831406,-0.18876743,-0.25536016,-0.26621735,-0.06987832,-0.17444213,-0.26294377,0.07680347,-0.34207883,-0.41741219,0.26200986,-0.26512283,4926000.08619437,0.12731673,0.16959855,0.10188517,-0.25057387,0.22490807,0.03419662,0.55261016,0.10189622,0.01862927,0.34120932,-0.12088119,-0.26520586,-0.18740624,-0.25542954,-0.26652339,-0.07120202,-0.17345957,-0.26906672,0.0820622,-0.33523178,-0.41699475,0.26085451,-0.26016611,4927000.08505382,0.12982427,0.16873419,0.1069558,-0.24981126,0.22409336,0.03920437,0.55239081,0.10065687,0.01690011,0.3403776,-0.1263327,-0.2615844,-0.191765,-0.25694826,-0.26634842,-0.07362819,-0.17596671,-0.26824144,0.08503485,-0.3268171,-0.41390899,0.26923123,-0.26351246,4928000.08636209,0.12395312,0.16289064,0.09655405,-0.23757024,0.22189362,0.04062895,0.55129558,0.10046875,0.02437301,0.34180596,-0.1210648,-0.25851667,-0.19958645,-0.2592659,-0.26618847,-0.07564686,-0.17236696,-0.26579681,0.07789975,-0.33340186,-0.41285273,0.2662223,-0.25500575,4929000.08686885,0.12459756,0.16070317,0.09167087,-0.23651737,0.21878397,0.04076149,0.55218405,0.10008042,0.02978734,0.35105115,-0.11462509,-0.26199067,-0.19690238,-0.2585935,-0.2671096,-0.07989475,-0.17265886,-0.26867667,0.07810055,-0.3344321,-0.41522992,0.262532,-0.26280928,4930000.08751082,0.1235358,0.16415383,0.09551395,-0.24337988,0.21950939,0.04322601,0.55247635,0.10099169,0.02485579,0.33679566,-0.12282574,-0.25730374,-0.20058203,-0.25498769,-0.26897559,-0.07644247,-0.17552133,-0.26649547,0.07668969,-0.34196222,-0.41979641,0.26787135,-0.26450905,4931000.08414656,0.12202879,0.16455767,0.09535438,-0.24709505,0.22633004,0.03841097,0.55362254,0.09773699,0.02143332,0.34044245,-0.12667352,-0.25319204,-0.19820289,-0.25512317,-0.26986402,-0.07899502,-0.1718407,-0.26537949,0.07292906,-0.34084889,-0.42164201,0.26567343,-0.261751,4932000.08663573,0.12484016,0.16668858,0.09798202,-0.24967666,0.22626151,0.03624223,0.55176842,0.09818541,0.01935632,0.33705708,-0.13124831,-0.25888166,-0.20403324,-0.25847325,-0.26924241,-0.07473349,-0.17314325,-0.26653618,0.07241827,-0.33739975,-0.4214322,0.26486945,-0.26939571,4933000.08978089,0.12405668,0.16827324,0.09812652,-0.25280544,0.2276687,0.03831364,0.55351174,0.0975147,0.01689971,0.34242755,-0.13218418,-0.27306369,-0.2031478,-0.25719833,-0.26950681,-0.07898162,-0.16779524,-0.26651034,0.0777643,-0.33619016,-0.42160946,0.25900978,-0.27310416,4934000.08940447,0.1264047,0.17176151,0.10228353,-0.25928274,0.22699262,0.03436792,0.55278707,0.09586649,0.01449176,0.33466956,-0.13422093,-0.27162382,-0.20151749,-0.26174974,-0.27109036,-0.07935461,-0.18004227,-0.26838234,0.07755872,-0.33672175,-0.42073146,0.2615329,-0.25994354,4935000.08931478,0.12727658,0.17311537,0.10215589,-0.25569609,0.22397211,0.03040681,0.5510543,0.09758878,0.01256966,0.33605656,-0.14160132,-0.26944605,-0.20095545,-0.26428968,-0.27379462,-0.0825616,-0.18448554,-0.26943511,0.07967159,-0.32973427,-0.42079076,0.26845989,-0.26016137,4936000.08337533,0.12205385,0.16818552,0.09537801,-0.24763842,0.22148076,0.03708971,0.55006939,0.09775974,0.02094514,0.34111947,-0.13032281,-0.27427825,-0.20987539,-0.25879672,-0.27111062,-0.07958499,-0.18531363,-0.26895833,0.07637767,-0.33948061,-0.41910148,0.26573336,-0.25670809,4937000.08688911,0.12236048,0.16418399,0.0942777,-0.24912228,0.22344974,0.03640937,0.54780656,0.09641352,0.02510859,0.34207067,-0.12284759,-0.27323279,-0.20393948,-0.25947952,-0.26985645,-0.07767829,-0.18063699,-0.27083564,0.07358304,-0.33521301,-0.42059448,0.26460597,-0.26130527,4938000.08339494,0.12307617,0.17006071,0.09451677,-0.2550666,0.22526874,0.03175402,0.54766899,0.09225351,0.01999684,0.33963606,-0.1289348,-0.28122878,-0.19890961,-0.25887343,-0.27188087,-0.07812453,-0.17009132,-0.26697713,0.07946634,-0.34268317,-0.42363867,0.26338661,-0.26750791,4939000.08601387,0.12001215,0.16640078,0.09572432,-0.25419343,0.22455971,0.03219904,0.54814011,0.09539341,0.01755108,0.32332882,-0.13631183,-0.27195358,-0.20385677,-0.26022395,-0.27221513,-0.0825273,-0.18860254,-0.27065232,0.07834774,-0.33969715,-0.42414376,0.26087436,-0.27049688,4940000.08527435,0.12103298,0.16876267,0.0968862,-0.25300235,0.22587878,0.03391695,0.54914665,0.09641528,0.01714125,0.34135291,-0.13817163,-0.28198457,-0.19807269,-0.25920159,-0.27405244,-0.08146565,-0.17964765,-0.27247357,0.07753918,-0.34125558,-0.42519075,0.26778936,-0.26635507,4941000.08751082,0.1221244,0.17196102,0.10139134,-0.25969407,0.22462805,0.02466854,0.55268449,0.09511956,0.01428571,0.34458673,-0.13761093,-0.27820787,-0.2006609,-0.25968891,-0.2732484,-0.08044332,-0.17851792,-0.27512157,0.07342594,-0.33357358,-0.4255085,0.27179596,-0.27021211,4942000.09001388,0.12756951,0.16879106,0.10460997,-0.26277342,0.22455971,0.03686592,0.55186325,0.09415827,0.01182649,0.33633777,-0.13836987,-0.27340445,-0.20496069,-0.26160327,-0.27312052,-0.08421308,-0.17792588,-0.27195233,0.0808321,-0.33622724,-0.42468607,0.26886678,-0.26207572,4943000.08470313,0.12242844,0.16812666,0.09817651,-0.25618613,0.22021054,0.03618367,0.55226547,0.09557714,0.01674335,0.33205986,-0.12737851,-0.28177634,-0.20653929,-0.26111081,-0.27283752,-0.08285035,-0.17303795,-0.27112401,0.08034444,-0.33953646,-0.42382208,0.27384031,-0.26103294,4944000.08371855,0.11955183,0.16536462,0.09278638,-0.24967997,0.21986666,0.03505328,0.5558567,0.09473851,0.02553765,0.32432067,-0.12502344,-0.27055973,-0.20151551,-0.26174626,-0.27038494,-0.08326611,-0.16947067,-0.27372989,0.07680352,-0.33975974,-0.42330271,0.27271223,-0.27112997,4945000.08708961,0.12018989,0.16634326,0.09348051,-0.25464541,0.22565156,0.03492121,0.55125231,0.09526976,0.02235834,0.33792359,-0.12844005,-0.27737686,-0.20327085,-0.25857148,-0.27375776,-0.07998759,-0.16786978,-0.27552497,0.07937691,-0.33876222,-0.42599094,0.26801321,-0.26549608,4946000.08682381,0.11858332,0.16752386,0.09694926,-0.25767109,0.22257864,0.03491009,0.54845256,0.0935709,0.01796445,0.34265104,-0.13174614,-0.27697712,-0.19711353,-0.26410875,-0.27417904,-0.07570932,-0.169825,-0.27301517,0.08222028,-0.33762464,-0.42709851,0.27132681,-0.26325014,4947000.08971512,0.12381668,0.16660245,0.09839723,-0.26295438,0.22479869,0.02982248,0.55304366,0.09316514,0.01773275,0.34377554,-0.13098648,-0.27513263,-0.20846607,-0.26456302,-0.27512974,-0.08281185,-0.17519702,-0.27343848,0.08159249,-0.34150675,-0.42769518,0.2642628,-0.25750786,4948000.09129874,0.12327421,0.17034756,0.09925736,-0.26400742,0.22504489,0.03550524,0.55050474,0.09374488,0.01611964,0.33801913,-0.13699968,-0.28168905,-0.20260462,-0.26132604,-0.27596822,-0.07942283,-0.17033485,-0.2736485,0.08212329,-0.33687639,-0.42747545,0.27234724,-0.26626396,4949000.08955055,0.12592737,0.16916455,0.1039089,-0.26449448,0.22518778,0.02855844,0.54848021,0.0929211,0.01316787,0.33771119,-0.13541049,-0.28055969,-0.20121118,-0.26287445,-0.27562448,-0.08201264,-0.17751296,-0.27616501,0.08271726,-0.3370977,-0.42819402,0.26920691,-0.26875016,4950000.08992685,0.12440401,0.16830082,0.1040361,-0.2658636,0.22510074,0.02487603,0.54769981,0.09418806,0.01331327,0.33156726,-0.13605668,-0.27677861,-0.20340189,-0.26361316,-0.27689028,-0.07721043,-0.17652132,-0.27325127,0.080356,-0.33724684,-0.42484391,0.26480556,-0.25937617,4951000.0882219,0.11899227,0.16073678,0.09431359,-0.24847791,0.21716508,0.0353963,0.54831094,0.09519641,0.02446371,0.32598874,-0.12479418,-0.27436191,-0.1983557,-0.26137033,-0.27424473,-0.07547789,-0.17902334,-0.27126521,0.08033551,-0.33812031,-0.42398977,0.26605624,-0.26247394,4952000.08889669,0.12089068,0.16657354,0.09562773,-0.25350013,0.22119348,0.03481591,0.5525642,0.09223381,0.02588148,0.34974346,-0.12381987,-0.27282029,-0.20141168,-0.25912687,-0.27513522,-0.07646954,-0.18084511,-0.2758292,0.07940055,-0.33644411,-0.42742807,0.26769602,-0.26272938,4953000.09046801,0.11974255,0.16432866,0.09629465,-0.25768796,0.22210896,0.03401586,0.55095667,0.09275778,0.02073564,0.34956133,-0.12672597,-0.26317039,-0.20024715,-0.26114494,-0.27623686,-0.07662027,-0.18812726,-0.27353162,0.08558692,-0.33988962,-0.43112096,0.26631647,-0.26463532,4954000.09059034,0.12126219,0.16016027,0.09678775,-0.26173195,0.22481762,0.03317491,0.55084431,0.09430557,0.02032383,0.34268212,-0.12838216,-0.27184924,-0.19632718,-0.25939137,-0.27688664,-0.07497722,-0.16705656,-0.27537733,0.07691543,-0.34466752,-0.43293312,0.26501498,-0.26438761,4955000.08921897,0.12229697,0.16588271,0.09613512,-0.26405928,0.22651997,0.02542471,0.55198783,0.09246033,0.01937253,0.34161544,-0.12847742,-0.27684003,-0.19931516,-0.26087931,-0.27737468,-0.07839055,-0.15844819,-0.27707258,0.09058438,-0.34045145,-0.43189457,0.26551196,-0.26748589,4956000.08995981,0.12434689,0.16884904,0.10062666,-0.2653949,0.2270797,0.02970148,0.55425924,0.09377768,0.01620943,0.32937881,-0.13234705,-0.26959383,-0.20339173,-0.26318178,-0.27657601,-0.07977585,-0.17636968,-0.27525041,0.09086025,-0.34186992,-0.42992249,0.27032965,-0.26669377,4957000.09047975,0.12155657,0.16945341,0.10775417,-0.26831344,0.2292347,0.02858035,0.55008751,0.09177594,0.01431314,0.34131598,-0.12968537,-0.28423515,-0.19787815,-0.25977406,-0.27701506,-0.07621901,-0.1609066,-0.27598846,0.09036022,-0.33538803,-0.42865759,0.27577162,-0.26682326,4958000.08892037,0.12013057,0.16876036,0.10163017,-0.26177162,0.22572586,0.02901248,0.54775584,0.09305318,0.01694152,0.33988836,-0.1242202,-0.26165077,-0.2034523,-0.25837821,-0.27869907,-0.07790055,-0.17228881,-0.27517027,0.08112616,-0.33655059,-0.42778659,0.26740792,-0.27077687,4959000.0886547,0.1186571,0.16323638,0.09354613,-0.25328016,0.22029755,0.0367328,0.54638469,0.09555976,0.02720846,0.3432081,-0.12242854,-0.27484867,-0.20252977,-0.25881657,-0.27470958,-0.07635327,-0.16138607,-0.26991054,0.08424234,-0.33674374,-0.42754519,0.26624373,-0.2675865,4960000.0873799,0.11870005,0.16550805,0.09487552,-0.25968519,0.22325249,0.03318141,0.55191314,0.09369137,0.02647492,0.33482236,-0.12141389,-0.2717796,-0.19657429,-0.2565501,-0.27583459,-0.07805025,-0.1756172,-0.27673402,0.0853247,-0.33513725,-0.43058571,0.26744261,-0.27724224,4961000.08979277,0.11736386,0.1664582,0.09770909,-0.26246038,0.2260686,0.03141152,0.55448139,0.09183195,0.02218532,0.33928925,-0.11891295,-0.26193783,-0.19698085,-0.25039423,-0.27728659,-0.07835086,-0.17958491,-0.27579382,0.08530343,-0.33578348,-0.43232635,0.27282271,-0.27084801,4962000.08812012,0.11898725,0.16755296,0.09797999,-0.26339203,0.22528397,0.0307603,0.55059856,0.09256077,0.02098419,0.3371793,-0.12048706,-0.2731711,-0.19721779,-0.25528726,-0.2767798,-0.08225322,-0.17225422,-0.27736127,0.09715933,-0.34071916,-0.43375197,0.26849008,-0.275177,4963000.09006776,0.11908085,0.16608401,0.09872963,-0.26805586,0.22737011,0.0310178,0.55381584,0.09308294,0.01853296,0.3340624,-0.12099119,-0.28013942,-0.19951482,-0.25963542,-0.27729127,-0.08431363,-0.17764322,-0.27986646,0.09486719,-0.33723855,-0.4330444,0.26935452,-0.27076989,4964000.09059034,0.12161836,0.17011751,0.10266605,-0.26977491,0.22297613,0.02812192,0.5546695,0.09508754,0.01671081,0.33909342,-0.12605616,-0.27992058,-0.19787508,-0.25956905,-0.27837613,-0.07770009,-0.17225552,-0.27782512,0.08427458,-0.3340247,-0.43335781,0.27436247,-0.26793352,4965000.09014799,0.12327593,0.17196345,0.10650992,-0.27335662,0.22628002,0.03437074,0.5551182,0.09452039,0.01428698,0.33885375,-0.12546673,-0.26926219,-0.19656086,-0.25756574,-0.27924883,-0.07710474,-0.1797464,-0.28157577,0.089661,-0.34184089,-0.43078366,0.27832061,-0.26877856,4966000.0898163,0.12106021,0.16925173,0.10300026,-0.26595205,0.22655956,0.02818535,0.55141747,0.09470412,0.01665353,0.34589538,-0.12087378,-0.27142251,-0.19346163,-0.2533066,-0.27879879,-0.07766438,-0.17836928,-0.28046224,0.09192327,-0.34101954,-0.42903066,0.27894899,-0.26380762,4967000.08726949,0.11566,0.16573879,0.09424634,-0.25610536,0.22553585,0.03435855,0.55276412,0.09541675,0.0283826,0.33910587,-0.11118861,-0.25276294,-0.19549587,-0.25236312,-0.27447426,-0.07569817,-0.17191485,-0.27977815,0.09124681,-0.33440274,-0.42779422,0.27791741,-0.25768217,4968000.08888475,0.11985491,0.16680376,0.09557661,-0.26345676,0.2252004,0.03119356,0.55554998,0.09494959,0.02763461,0.3461937,-0.10544243,-0.25630197,-0.18940558,-0.24949758,-0.27512252,-0.0730799,-0.16784482,-0.2797966,0.08198035,-0.33675721,-0.42960918,0.26972091,-0.26174518,4969000.08646008,0.11509804,0.17003217,0.0980283,-0.26544669,0.22353309,0.0361115,0.55599523,0.09657095,0.02265408,0.34078395,-0.11060143,-0.26326582,-0.18825275,-0.25141534,-0.27681872,-0.07403422,-0.17506611,-0.27792898,0.08579373,-0.33186713,-0.43144926,0.26711422,-0.268442,4970000.08800968,0.11771453,0.16887869,0.09794851,-0.26419312,0.2243325,0.03311897,0.5550437,0.0955406,0.02205127,0.33100221,-0.10850544,-0.26652724,-0.18924549,-0.2506977,-0.27813983,-0.07280554,-0.15353185,-0.28015018,0.09201769,-0.33622384,-0.43241671,0.26761892,-0.26264796,4971000.08993623,0.12116026,0.1708108,0.09869806,-0.26490268,0.22671287,0.02995607,0.55306995,0.09490687,0.02185605,0.34114283,-0.10913697,-0.26411927,-0.1890216,-0.25061616,-0.27561131,-0.07894678,-0.1522254,-0.28031856,0.08565043,-0.33367139,-0.43103287,0.26345903,-0.2665475,4972000.08927298,0.12296632,0.17181975,0.10244291,-0.26991108,0.22732012,0.03087893,0.55324358,0.09567455,0.01853787,0.33909342,-0.11250369,-0.26635876,-0.18496072,-0.25004914,-0.27722654,-0.07454107,-0.17067322,-0.27994817,0.09018879,-0.32976636,-0.42983097,0.27813405,-0.27155077,4973000.09204189,0.1263715,0.17603432,0.10628629,-0.26951286,0.22839782,0.03381119,0.55322939,0.0978329,0.01701969,0.34285557,-0.1107672,-0.26457313,-0.18441692,-0.25673428,-0.27835551,-0.07707686,-0.171919,-0.27868757,0.09919359,-0.33240339,-0.4280965,0.27801284,-0.26903716,4974000.09000446,0.12149789,0.17075117,0.1018213,-0.25971428,0.22574171,0.03439001,0.55148363,0.09801741,0.02349871,0.34492385,-0.09952275,-0.26051465,-0.18694532,-0.25204876,-0.27569205,-0.07481467,-0.17276624,-0.27488989,0.09413535,-0.33125767,-0.42501691,0.27480114,-0.26304048,4975000.08415204,0.11661571,0.16631451,0.09720322,-0.25367755,0.22358617,0.03681327,0.55382699,0.09979112,0.03157359,0.34516174,-0.09466953,-0.25841805,-0.17905042,-0.2499565,-0.2719501,-0.07168323,-0.16290678,-0.27453089,0.08855758,-0.33197504,-0.42489538,0.27007955,-0.2674787,4976000.08666045,0.1192698,0.17450483,0.09887251,-0.2569406,0.22371808,0.03872431,0.55224329,0.10037133,0.02818852,0.34374052,-0.09691953,-0.25633457,-0.17726424,-0.24433479,-0.27274081,-0.07265056,-0.15599725,-0.2777862,0.09381687,-0.31983137,-0.42821041,0.27098501,-0.27056804,4977000.08492361,0.11951447,0.17017557,0.09818788,-0.26133138,0.2260121,0.03415957,0.5536375,0.09904143,0.02659389,0.35055545,-0.09754501,-0.25750822,-0.18043177,-0.24922086,-0.27474013,-0.07316984,-0.17046589,-0.27847323,0.09300233,-0.33100179,-0.42707953,0.27687094,-0.26152885,4978000.08815289,0.12022928,0.16957058,0.10111882,-0.2606096,0.22174086,0.03078852,0.55520868,0.099288,0.02612652,0.34328067,-0.09767628,-0.25278118,-0.18255812,-0.24767426,-0.27356458,-0.07270867,-0.16528817,-0.27729967,0.09239502,-0.32596806,-0.42481259,0.28145871,-0.26432768,4979000.09431297,0.12295512,0.17401277,0.10070568,-0.26508874,0.2275974,0.03694605,0.55557412,0.10095848,0.02389002,0.34511095,-0.09717991,-0.25486365,-0.17918096,-0.24836348,-0.27399477,-0.07085843,-0.16152315,-0.27718672,0.08865284,-0.3311466,-0.42533797,0.27996883,-0.26015505,4980000.09027977,0.12555543,0.17458811,0.09831873,-0.26100114,0.23133919,0.03215803,0.55573523,0.09972873,0.02164018,0.34010395,-0.09684591,-0.25368598,-0.17678173,-0.24754678,-0.27399638,-0.07208171,-0.16700566,-0.27836943,0.09323757,-0.32629356,-0.42326933,0.2719911,-0.2615636,4981000.0904138,0.12380224,0.17533559,0.09415619,-0.26469463,0.2302078,0.03029321,0.55133009,0.09927404,0.02252919,0.3352645,-0.09829602,-0.25574762,-0.17718054,-0.24651957,-0.2721791,-0.06651887,-0.1582524,-0.27576771,0.08788123,-0.31544515,-0.42185295,0.27305305,-0.25512087,4982000.08939533,0.11624014,0.16968216,0.08975577,-0.25406155,0.22232145,0.03554885,0.55105853,0.09826887,0.03381176,0.33889982,-0.08808622,-0.2471751,-0.17137994,-0.24607,-0.26802117,-0.06767038,-0.15847519,-0.27715468,0.08832259,-0.31275693,-0.41839188,0.26645952,-0.25599217,4983000.08794413,0.11545164,0.16948317,0.09101941,-0.25059575,0.21839,0.02910656,0.55313087,0.10263847,0.03691014,0.34560984,-0.08688856,-0.24391107,-0.17693637,-0.24281418,-0.26861486,-0.06577188,-0.14930387,-0.27327678,0.09220422,-0.31925693,-0.4173618,0.26846415,-0.2569752,4984000.08741263,0.12022698,0.16939768,0.09389329,-0.25520831,0.21955739,0.03824817,0.55574429,0.10127607,0.03190745,0.34238958,-0.08596103,-0.2452268,-0.17469078,-0.24782071,-0.26783362,-0.06925447,-0.15410513,-0.27408645,0.09798957,-0.31868863,-0.41939929,0.27706286,-0.25722179,4985000.08888475,0.12412452,0.17167599,0.09495841,-0.25537431,0.22410518,0.03366831,0.55514985,0.10037212,0.03100395,0.33736709,-0.08549522,-0.24223557,-0.17478676,-0.2452841,-0.26528612,-0.06463649,-0.16614763,-0.27365655,0.0947725,-0.32598442,-0.41915709,0.27321225,-0.26232046,4986000.08971512,0.12324151,0.17450337,0.09678775,-0.26088154,0.22353309,0.03949243,0.55640388,0.10155482,0.0289535,0.33715525,-0.08589964,-0.24789421,-0.16917895,-0.24519372,-0.26784083,-0.06622858,-0.15446298,-0.27789474,0.09956553,-0.32562706,-0.41821218,0.27742946,-0.2645942,4987000.09230776,0.12453605,0.17196232,0.09898547,-0.25689662,0.21814834,0.03007785,0.55701011,0.09949379,0.02693945,0.33583018,-0.08907974,-0.24573082,-0.16699621,-0.24283306,-0.26611459,-0.06855437,-0.15765043,-0.2755889,0.10068454,-0.31381676,-0.41641179,0.2742967,-0.2574276,4988000.09199738,0.12376229,0.17438605,0.09852498,-0.26070613,0.22196853,0.0345352,0.55208611,0.09798128,0.02458828,0.33170143,-0.08723106,-0.24612176,-0.16857341,-0.24577816,-0.26476592,-0.06972759,-0.15398847,-0.27648434,0.09732381,-0.31787482,-0.41446871,0.28052774,-0.25439411,4989000.08970575,0.12773782,0.17221993,0.09887612,-0.25255069,0.22270381,0.03377574,0.55132395,0.10147396,0.026,0.34887496,-0.08654191,-0.23404591,-0.16185439,-0.2445932,-0.2658498,-0.06932922,-0.15814936,-0.27445751,0.09615064,-0.31428811,-0.41208562,0.27553585,-0.24972728,4990000.08875334,0.12279535,0.16925173,0.0903059,-0.24489513,0.22058371,0.04454138,0.55678242,0.10166888,0.0382421,0.351172,-0.07997709,-0.2389636,-0.15655354,-0.24527426,-0.26282474,-0.06340064,-0.14689232,-0.27318805,0.10386194,-0.31726205,-0.40993676,0.27581248,-0.25077683,4991000.08963747,0.11863966,0.17092627,0.09216853,-0.24671811,0.21910158,0.0388654,0.5554623,0.10304727,0.0368109,0.33887911,-0.07849675,-0.23843116,-0.15653154,-0.24262518,-0.26140022,-0.06362174,-0.15638122,-0.27591041,0.09687955,-0.31301871,-0.4104957,0.26925734,-0.25738341,4992000.0906892,0.12312658,0.17410176,0.09358422,-0.24867293,0.22290811,0.03604271,0.55710596,0.10186648,0.03212856,0.34288597,-0.08198501,-0.23947497,-0.15894155,-0.24506395,-0.26400116,-0.0645171,-0.14514637,-0.27081689,0.09870296,-0.30900615,-0.41383326,0.27466229,-0.25313354,4993000.0891177,0.12081472,0.1677258,0.09385498,-0.2506144,0.22024937,0.0351452,0.55918443,0.10298755,0.03100498,0.3456839,-0.08476497,-0.239024,-0.15864834,-0.24427593,-0.26349816,-0.06894892,-0.14093392,-0.27383602,0.0998084,-0.31411844,-0.41250375,0.27416271,-0.25345501,4994000.0930384,0.12174792,0.1708978,0.0938413,-0.25451484,0.21994811,0.03536893,0.55747634,0.10104612,0.02786687,0.34659204,-0.08657634,-0.23528503,-0.16220726,-0.24145214,-0.2609154,-0.07174636,-0.15196343,-0.27619398,0.09668279,-0.31867391,-0.41089565,0.27161598,-0.25506604,4995000.09112209,0.12166769,0.17496629,0.10097566,-0.25531793,0.22637984,0.03581546,0.55880368,0.09992056,0.02490241,0.3436673,-0.08882795,-0.23742177,-0.15709347,-0.24908122,-0.26131079,-0.06920312,-0.15487897,-0.27500731,0.09806201,-0.31756413,-0.41040736,0.27617878,-0.24588862,4996000.08963747,0.12772839,0.17441541,0.10105633,-0.25590694,0.22474933,0.03573681,0.55675143,0.10386126,0.02312901,0.34749636,-0.08874007,-0.23844312,-0.15380272,-0.24816738,-0.26295647,-0.06709949,-0.15189882,-0.27431926,0.09981769,-0.3156358,-0.40939131,0.27678606,-0.24701443,4997000.09122109,0.12353218,0.17037463,0.0981114,-0.25155532,0.21950939,0.03819624,0.5552718,0.10351349,0.02542938,0.34444648,-0.09072746,-0.23757228,-0.15924278,-0.24289216,-0.26010343,-0.06401076,-0.15243666,-0.27132016,0.09845697,-0.31248179,-0.40744105,0.27813405,-0.24363402,4998000.08704872,0.1175325,0.16807084,0.09131686,-0.23998725,0.2200074,0.03511401,0.55522799,0.1046008,0.03666338,0.33736205,-0.0805206,-0.22118467,-0.15713327,-0.23659524,-0.25659895,-0.06589702,-0.13957891,-0.26817465,0.09750372,-0.30874902,-0.40441671,0.27123433,-0.2463259,4999000.08940447,0.12033588,0.17147473,0.09331349,-0.24522771,0.21861167,0.04060371,0.5592683,0.10560374,0.03319467,0.35082552,-0.0766668,-0.23495947,-0.15515648,-0.23963851,-0.25862777,-0.06238348,-0.14742206,-0.2700499,0.09846142,-0.30790952,-0.40660667,0.2769213,-0.24404392,5000000.08876225,0.12390634,0.17288898,0.09421923,-0.24804373,0.22452202,0.04159193,0.5571574,0.10339814,0.03006603,0.34145886,-0.0834237,-0.23085433,-0.15578166,-0.24363029,-0.25986928,-0.06554419,-0.14554948,-0.26882118,0.09527551,-0.31684116,-0.40786049,0.28009227,-0.25131091,5001000.08898324,0.12526274,0.17032088,0.09520528,-0.24969952,0.22208464,0.04250031,0.55493641,0.10293801,0.02766274,0.34242073,-0.08904023,-0.23219407,-0.15680636,-0.23959975,-0.25884578,-0.06041412,-0.14447418,-0.27119982,0.10351544,-0.31312171,-0.40677652,0.28265521,-0.23998331,5002000.09076687,0.12480094,0.17130217,0.09525394,-0.25155067,0.21418965,0.03614774,0.55643851,0.10341378,0.02573997,0.35227525,-0.08512854,-0.24059187,-0.16055533,-0.23950583,-0.25768855,-0.07140744,-0.14069605,-0.2752859,0.10103458,-0.31952557,-0.40625879,0.28210005,-0.24636512,5003000.09215112,0.12388656,0.17867549,0.10055822,-0.25530431,0.22055891,0.03470025,0.55833739,0.10381061,0.02272958,0.34621641,-0.08951924,-0.23530792,-0.15097986,-0.24171887,-0.25864705,-0.06532897,-0.13855127,-0.27133903,0.10238022,-0.31089416,-0.40449584,0.27872106,-0.24960327,5004000.095067,0.12990436,0.1822342,0.09908164,-0.25612763,0.22368409,0.03453796,0.56178921,0.10348165,0.02102744,0.34207809,-0.09372451,-0.23694654,-0.1490197,-0.24147862,-0.25798377,-0.06660682,-0.14075546,-0.27043965,0.10652331,-0.31218776,-0.40370917,0.27644035,-0.24298882,5005000.09142101,0.12689592,0.17904194,0.09870159,-0.25353312,0.22402172,0.03566414,0.55781037,0.10734437,0.02165007,0.33597919,-0.0894883,-0.23640195,-0.1588487,-0.23706277,-0.25479731,-0.06979097,-0.14146282,-0.26942924,0.09927945,-0.30969173,-0.40088513,0.27240008,-0.24174152,5006000.08903086,0.12211744,0.17020458,0.09239337,-0.24014512,0.22994909,0.04200061,0.55722398,0.10525519,0.03326741,0.33584306,-0.08153985,-0.22404836,-0.16020414,-0.233862,-0.25247651,-0.06465188,-0.1386046,-0.26887554,0.09332669,-0.29831344,-0.39843032,0.27811894,-0.24274522,5007000.0845929,0.12245044,0.17032088,0.09231133,-0.24351817,0.23142634,0.03924879,0.5616793,0.10588694,0.03556238,0.33544821,-0.07757413,-0.22483125,-0.15548059,-0.23276843,-0.25346059,-0.06442116,-0.14083427,-0.27054474,0.09777452,-0.31305897,-0.40074837,0.27015454,-0.2377882,5008000.08377072,0.12245001,0.17291811,0.09339399,-0.2492255,0.23374212,0.04094936,0.5607661,0.10815157,0.02967674,0.33975586,-0.08448911,-0.22955476,-0.15983243,-0.23256618,-0.25391385,-0.06660248,-0.14444192,-0.2708863,0.09343401,-0.31614789,-0.40300024,0.27387396,-0.24581388,5009000.08370581,0.12261509,0.17032002,0.09126765,-0.24551715,0.23478778,0.04182887,0.56568551,0.10747338,0.02964971,0.33555335,-0.085646,-0.22899407,-0.15950856,-0.22920501,-0.25541407,-0.06569142,-0.13407895,-0.2695016,0.10206401,-0.3043687,-0.40353003,0.27536598,-0.24333085,5010000.08561782,0.12345235,0.17147402,0.09401365,-0.2479309,0.23349868,0.04103546,0.56077439,0.10599805,0.02867148,0.33634368,-0.08429553,-0.22723629,-0.15678991,-0.22948974,-0.25528055,-0.06605007,-0.14017782,-0.26871881,0.100353,-0.3067202,-0.40478286,0.27434957,-0.23542997,5011000.08503386,0.1264146,0.17104174,0.09884471,-0.25545561,0.2324715,0.03788804,0.56033814,0.10869521,0.02508532,0.34436798,-0.08541054,-0.23067005,-0.14927503,-0.23813191,-0.25554007,-0.06616092,-0.14552765,-0.26787567,0.10155226,-0.30959034,-0.40393659,0.27899358,-0.23789094,5012000.08758851,0.12979572,0.17531194,0.10148516,-0.25655359,0.23118375,0.03335797,0.55756915,0.10789078,0.02236234,0.33211178,-0.08792172,-0.23506707,-0.14813437,-0.23782933,-0.25561652,-0.06498209,-0.13222484,-0.27100381,0.09920916,-0.30770072,-0.40108487,0.27451208,-0.24247962,5013000.08958071,0.13056922,0.17219213,0.09755673,-0.24733627,0.23624934,0.03880689,0.55795151,0.107357,0.0247288,0.33014083,-0.08611897,-0.23211783,-0.15014508,-0.23142317,-0.25417948,-0.0696569,-0.13814317,-0.27150404,0.09687807,-0.30757305,-0.39894885,0.28053215,-0.2425207,5014000.08752305,0.12567994,0.17080839,0.09171332,-0.23487689,0.22981049,0.04157066,0.56018466,0.10961735,0.03541411,0.3363747,-0.0759528,-0.22967169,-0.15070401,-0.23446286,-0.25067002,-0.06217853,-0.13599585,-0.26978591,0.10447539,-0.30887848,-0.39586845,0.27775228,-0.23699065,5015000.08909001,0.12793306,0.17271599,0.09558368,-0.24269181,0.2332201,0.04720244,0.55919671,0.11103538,0.03496933,0.34154767,-0.0742915,-0.23283194,-0.14834541,-0.23479445,-0.2515673,-0.06557391,-0.13630745,-0.26349655,0.09617222,-0.30533749,-0.39936954,0.28120434,-0.24256001,5016000.09196042,0.13103622,0.17219551,0.09548914,-0.24341273,0.23067802,0.0437591,0.55889314,0.10952196,0.03025512,0.34323859,-0.07878616,-0.22189353,-0.13783984,-0.2323934,-0.25176042,-0.05936621,-0.13921343,-0.26564005,0.09795985,-0.31100595,-0.40017998,0.26899269,-0.23790178,5017000.09026486,0.12971318,0.16974381,0.09542606,-0.2410118,0.22999901,0.04640018,0.55794001,0.10989745,0.03007269,0.33454576,-0.08055017,-0.22775213,-0.13946725,-0.23559938,-0.25120765,-0.05714888,-0.13689202,-0.26623052,0.1089216,-0.30637598,-0.39926171,0.26381749,-0.24074574,5018000.09033051,0.1303563,0.17464839,0.09762014,-0.24419843,0.23111434,0.04230053,0.55679494,0.11140314,0.02867365,0.33555129,-0.0831746,-0.22763164,-0.14095344,-0.23278497,-0.25232512,-0.05907441,-0.14359879,-0.2655369,0.10278603,-0.30552709,-0.39938647,0.27953029,-0.24102135,5019000.09149661,0.1282797,0.17409916,0.09932186,-0.24509262,0.23090595,0.04392146,0.55755121,0.11038729,0.02536748,0.33764681,-0.07782938,-0.23897718,-0.14731143,-0.22941057,-0.25142926,-0.06151261,-0.14194849,-0.26404893,0.09946048,-0.30221853,-0.39709708,0.27367175,-0.23682053,5020000.09039951,0.13220608,0.17349157,0.10240807,-0.24910584,0.22810836,0.04150952,0.55386293,0.11078504,0.02216943,0.33139691,-0.0814143,-0.23445623,-0.15038897,-0.23612116,-0.25036871,-0.05595569,-0.14061387,-0.26511806,0.10307455,-0.30410764,-0.39801377,0.27642319,-0.23019654,5021000.09279398,0.12843055,0.17337261,0.0970802,-0.23688908,0.22737938,0.04732182,0.55518204,0.11044361,0.02866255,0.33113948,-0.07673389,-0.21118444,-0.13873635,-0.23251523,-0.25063312,-0.05753445,-0.13754933,-0.26494363,0.09401763,-0.29756975,-0.39337736,0.28024825,-0.23115505,5022000.08834933,0.12536283,0.1661417,0.0933459,-0.22776368,0.22909854,0.05200079,0.55654776,0.1137819,0.03885487,0.34143075,-0.06994113,-0.21991526,-0.13905565,-0.23324402,-0.24743406,-0.05289417,-0.13679762,-0.26123792,0.1019334,-0.30085146,-0.3931497,0.27074429,-0.23449112,5023000.0892085,0.12693579,0.17153214,0.09540953,-0.23377612,0.22808804,0.05082224,0.56094003,0.11711216,0.03530991,0.34749496,-0.06819597,-0.21273142,-0.13602018,-0.22934721,-0.24872342,-0.0577078,-0.12448037,-0.26311123,0.10847697,-0.29502866,-0.39610344,0.27476752,-0.23819834,5024000.09003983,0.12686947,0.17216724,0.09588559,-0.23936523,0.23024379,0.05247978,0.5612908,0.11465466,0.03231635,0.33706778,-0.07386603,-0.22184341,-0.13977084,-0.23423852,-0.2496262,-0.0546376,-0.12215922,-0.2616891,0.11001594,-0.30208707,-0.39689344,0.27858117,-0.23757939,5025000.08907292,0.12695874,0.1717632,0.09927362,-0.23712897,0.22878087,0.05177085,0.55934334,0.11464828,0.03050877,0.33588368,-0.07382821,-0.21618821,-0.13584045,-0.23164757,-0.24730055,-0.0504883,-0.13815983,-0.26590517,0.10354833,-0.29395381,-0.39754832,0.27995884,-0.23274474,5026000.08999474,0.1321521,0.16939786,0.09989456,-0.24127017,0.22754452,0.04884032,0.56199443,0.11430488,0.02782406,0.34264708,-0.07785225,-0.22257869,-0.13706355,-0.23296608,-0.24671842,-0.04756882,-0.13076857,-0.2598601,0.10537713,-0.29546148,-0.39592341,0.27711329,-0.23145117,5027000.08992927,0.13625041,0.17216724,0.10134333,-0.24161394,0.22641718,0.04842855,0.56073552,0.11298339,0.02560768,0.34576738,-0.08081049,-0.21843396,-0.14277516,-0.23119482,-0.24746037,-0.05070226,-0.13690227,-0.2636123,0.09795523,-0.29718879,-0.39424798,0.27688685,-0.23975563,5028000.08929873,0.13561043,0.17678633,0.10377941,-0.24347478,0.22483961,0.0484717,0.55951846,0.1141075,0.02296618,0.34027702,-0.07859241,-0.21971412,-0.13185428,-0.23645814,-0.2476923,-0.05620357,-0.13140158,-0.26620671,0.09425134,-0.29135707,-0.39277804,0.28025964,-0.2406285,5029000.08936827,0.12874953,0.17588715,0.09660349,-0.23512106,0.22890741,0.05206554,0.55882174,0.11605541,0.03018497,0.34091786,-0.07240574,-0.21170071,-0.12942612,-0.23123232,-0.24551868,-0.05007869,-0.1339637,-0.26288512,0.09880561,-0.29153898,-0.39027178,0.2716901,-0.23966077,5030000.08753899,0.1273611,0.1738971,0.09108872,-0.22538358,0.23111442,0.05594767,0.56078666,0.118353,0.03933621,0.34724715,-0.06969997,-0.21308005,-0.12410662,-0.23115277,-0.24225225,-0.05108213,-0.12768379,-0.26050654,0.09975041,-0.28961971,-0.39017105,0.2688514,-0.24059737,5031000.08735812,0.12919286,0.16931136,0.0951855,-0.22835176,0.22827847,0.04938202,0.55911374,0.119065,0.03504213,0.34812966,-0.07199293,-0.22325754,-0.1312511,-0.23012875,-0.24303856,-0.04747492,-0.12861831,-0.26019284,0.10286942,-0.3010048,-0.39297578,0.26853424,-0.23749648,5032000.09155953,0.12757796,0.17086919,0.09516872,-0.23193021,0.22561736,0.04687361,0.56123805,0.11786316,0.03160977,0.34004843,-0.07336324,-0.21108937,-0.12756225,-0.22937471,-0.24484397,-0.04969718,-0.12247866,-0.25973856,0.09977961,-0.30131188,-0.39569679,0.27332279,-0.24827228,5033000.09112542,0.1272181,0.17531741,0.09637658,-0.23633118,0.23004977,0.04924328,0.56186837,0.11595675,0.0300792,0.34210852,-0.07798322,-0.21814835,-0.13261388,-0.23098198,-0.24450234,-0.05292505,-0.11787139,-0.25757843,0.10721394,-0.30139333,-0.39558509,0.26786068,-0.24492398,5034000.09112109,0.13464423,0.17557813,0.10153459,-0.23655532,0.22610284,0.05246575,0.56001836,0.11607414,0.02648766,0.3397001,-0.07673773,-0.22338371,-0.12440147,-0.23410286,-0.24304271,-0.04951647,-0.13336973,-0.25751257,0.10974739,-0.29655075,-0.39400265,0.27594435,-0.23735495,5035000.09069875,0.1378586,0.17491278,0.10244284,-0.23929749,0.2271115,0.05005503,0.56360066,0.11620608,0.02399682,0.33437666,-0.08243138,-0.22419809,-0.12875278,-0.2353026,-0.24334633,-0.05121876,-0.1338422,-0.25641611,0.10462961,-0.29929316,-0.39345518,0.27923092,-0.24004191,5036000.09257656,0.13629195,0.17681916,0.10637754,-0.23907802,0.22535589,0.04830132,0.56005657,0.11530339,0.02191849,0.33567873,-0.08259479,-0.21976118,-0.12769558,-0.23682092,-0.24303271,-0.0543715,-0.13870056,-0.26155481,0.10287277,-0.29030812,-0.39204621,0.27998501,-0.23825797,5037000.09150241,0.13734227,0.17519778,0.10043539,-0.23453841,0.22883543,0.04767514,0.55997509,0.11365712,0.02388318,0.34444067,-0.08104838,-0.21958791,-0.12693244,-0.23554164,-0.24295358,-0.0480624,-0.12858707,-0.26000026,0.10019008,-0.28833061,-0.39008257,0.28049886,-0.23277682,5038000.09087482,0.13604143,0.17086826,0.09399521,-0.2227076,0.23012313,0.05543421,0.55811006,0.11616031,0.03558414,0.33887923,-0.07134712,-0.21093965,-0.12913838,-0.2318002,-0.23949455,-0.04556841,-0.12859188,-0.25208384,0.09823457,-0.28342471,-0.38709801,0.26794693,-0.24005456,5039000.09242424,0.13400006,0.17222674,0.09477028,-0.22517443,0.22732012,0.05050289,0.56031847,0.11720006,0.03413086,0.33766136,-0.0729644,-0.21489424,-0.12599576,-0.23566405,-0.23884377,-0.04832976,-0.12228196,-0.25558308,0.09813634,-0.2898356,-0.38882115,0.272416,-0.24010652,5040000.08979823,0.13244392,0.17500158,0.09874859,-0.23154022,0.22676283,0.05238061,0.56330776,0.11822594,0.03115323,0.33768082,-0.0788079,-0.21841952,-0.12435629,-0.23301426,-0.24035536,-0.04964514,-0.124019,-0.25862527,0.10596134,-0.29058951,-0.39123508,0.2658779,-0.23641479,5041000.08983101,0.12932883,0.17479861,0.09839837,-0.23447211,0.22794329,0.05260577,0.55985808,0.11602464,0.02934934,0.33678567,-0.08209682,-0.2227962,-0.127891,-0.23418775,-0.23966981,-0.04826333,-0.12059619,-0.25491601,0.0966875,-0.28575313,-0.39054981,0.2727654,-0.23686904,5042000.09064157,0.13299522,0.17502852,0.09994241,-0.23636848,0.22851668,0.05499946,0.56258351,0.11725617,0.02684317,0.34123215,-0.08519907,-0.22371279,-0.13105124,-0.232436,-0.24123771,-0.05066176,-0.12375443,-0.25319305,0.10016845,-0.29666182,-0.39177904,0.26899922,-0.23060291,5043000.09245986,0.13795887,0.1792507,0.10263351,-0.23941171,0.22841369,0.04974087,0.56156391,0.11561056,0.02468457,0.34243283,-0.0862155,-0.22072244,-0.13000177,-0.23850535,-0.23997359,-0.04759718,-0.13774116,-0.25851861,0.10488157,-0.28823739,-0.3911911,0.27084431,-0.23238185,5044000.0945451,0.13630466,0.17849573,0.10314301,-0.2432896,0.23342882,0.04947946,0.55885744,0.11593036,0.02169407,0.3365384,-0.08605921,-0.22504036,-0.13285202,-0.23666643,-0.24230327,-0.05142443,-0.14284416,-0.25909299,0.09901608,-0.2932075,-0.38846615,0.27607912,-0.22815192,5045000.09171794,0.13816763,0.17568864,0.10194659,-0.23872036,0.23126996,0.04963981,0.5605979,0.11682185,0.02181903,0.33930898,-0.08551279,-0.21894076,-0.1335595,-0.23798077,-0.24047047,-0.05068648,-0.13092376,-0.25444329,0.09939597,-0.29568785,-0.38695562,0.27445757,-0.23227152,5046000.0911881,0.13174976,0.16867699,0.09525297,-0.23080064,0.22803713,0.05505319,0.56205922,0.11735887,0.03363154,0.34317303,-0.07718121,-0.2198825,-0.12132079,-0.235163,-0.23745236,-0.04695538,-0.12223143,-0.25552318,0.09812751,-0.29135254,-0.38577399,0.2771163,-0.23104705,5047000.08798525,0.13217556,0.16983047,0.09614093,-0.22928247,0.23241851,0.05530952,0.56024283,0.11740384,0.0361422,0.33144775,-0.08088265,-0.22612262,-0.12351958,-0.2309223,-0.24061671,-0.04594665,-0.13243107,-0.25458214,0.09924918,-0.289805,-0.38643745,0.27876389,-0.23174109,5048000.09187336,0.13547191,0.17326571,0.09606133,-0.23319687,0.23018965,0.04764918,0.56376445,0.11610886,0.03148607,0.33543602,-0.07731446,-0.21972583,-0.12368578,-0.23456603,-0.24073447,-0.04957624,-0.12981077,-0.25500593,0.09640913,-0.29272085,-0.38849434,0.27278176,-0.23202839,5049000.0925376,0.13229139,0.16913824,0.09831953,-0.2351727,0.22895516,0.05154887,0.56264943,0.11567203,0.02960444,0.33957091,-0.0813726,-0.22121421,-0.12767395,-0.23459645,-0.23929609,-0.0501329,-0.12318815,-0.25390795,0.09602227,-0.28279069,-0.38849324,0.27445996,-0.22839989,5050000.09320208,0.13245325,0.17317915,0.09948102,-0.23952514,0.22775321,0.04301573,0.56104916,0.11441562,0.0286547,0.33974269,-0.09059304,-0.21841316,-0.12829496,-0.23833045,-0.23757467,-0.04776751,-0.12894814,-0.25687519,0.10220893,-0.27971172,-0.38646275,0.27217376,-0.229451,5051000.09465596,0.13326484,0.17410278,0.10056329,-0.23978509,0.2266414,0.04600409,0.55928046,0.11480141,0.02681336,0.34200707,-0.08381788,-0.23128124,-0.12531707,-0.23769575,-0.23989721,-0.0526861,-0.12952593,-0.2559118,0.09730408,-0.29614374,-0.3858023,0.27189085,-0.22878653,5052000.09555446,0.1360874,0.17566232,0.1035408,-0.24191447,0.23045257,0.04617276,0.56137913,0.11361092,0.0227329,0.3410542,-0.08691841,-0.22883971,-0.1276686,-0.23864749,-0.24004249,-0.04839709,-0.13347834,-0.25218987,0.0945257,-0.29072818,-0.38499224,0.27833369,-0.22485952,5053000.09352471,0.13781962,0.17739116,0.10111868,-0.23969997,0.2269765,0.04698249,0.56058377,0.11101628,0.02467558,0.3379674,-0.08688641,-0.22776842,-0.12404406,-0.23888732,-0.23656559,-0.04676886,-0.1411486,-0.25193045,0.09649094,-0.28795615,-0.38363191,0.27891597,-0.22620581,5054000.09148705,0.13434054,0.16968553,0.09366407,-0.22885744,0.22607397,0.05310995,0.55968094,0.11576692,0.03697348,0.32790482,-0.07758734,-0.21983366,-0.12018919,-0.23551521,-0.235622,-0.04639782,-0.13484627,-0.24965027,0.10009008,-0.28726217,-0.38120306,0.27370125,-0.22988982,5055000.08909001,0.13398995,0.17248611,0.0971581,-0.23264425,0.22125658,0.05444397,0.56177551,0.11708391,0.03653281,0.33231479,-0.07551295,-0.22787727,-0.12357542,-0.23534457,-0.23806268,-0.04482418,-0.12819117,-0.24936907,0.09843181,-0.28566009,-0.38334164,0.28099826,-0.23193921,5056000.09184973,0.13155106,0.17257266,0.09765104,-0.23210646,0.2248859,0.05545422,0.56407446,0.11640263,0.03148247,0.33372489,-0.07845443,-0.21491212,-0.12352476,-0.23605095,-0.23683369,-0.04339725,-0.12777729,-0.25044203,0.09880758,-0.29119077,-0.38437596,0.27669045,-0.23231606,5057000.09339062,0.13592756,0.17395796,0.09932152,-0.23626147,0.22709289,0.05632347,0.56176013,0.11631371,0.0311401,0.33370623,-0.08519109,-0.21579961,-0.12613317,-0.23492196,-0.23669791,-0.04489733,-0.11837069,-0.24955232,0.0965775,-0.28788105,-0.38530761,0.27897015,-0.23822959,5058000.0930253,0.13812882,0.17615484,0.10143906,-0.23940036,0.22620867,0.05038491,0.56544852,0.11353562,0.02855131,0.34015352,-0.08852237,-0.22363798,-0.12208675,-0.23713045,-0.23635311,-0.04634837,-0.12294828,-0.25069267,0.10048173,-0.28783077,-0.38561198,0.27367717,-0.2288669,5059000.09202627,0.13632423,0.17222537,0.10487933,-0.24105154,0.22556439,0.04904659,0.56384569,0.11552355,0.02537576,0.3291938,-0.08820765,-0.22355103,-0.12492608,-0.23346539,-0.23738042,-0.04443182,-0.13370585,-0.252482,0.10148761,-0.28655452,-0.38366362,0.27765244,-0.22837549,5060000.09325849,0.13785346,0.17352222,0.10805005,-0.24358687,0.22560179,0.05023158,0.5623669,0.11437432,0.02294237,0.33167925,-0.09072026,-0.21768428,-0.13116378,-0.23906474,-0.23767792,-0.04605851,-0.12810807,-0.2524057,0.09856874,-0.28868797,-0.38371369,0.276207,-0.22130696,5061000.09373619,0.13426639,0.17375062,0.1005934,-0.23232649,0.22852449,0.05367283,0.56161654,0.11424772,0.02853989,0.33625707,-0.08259534,-0.22356802,-0.12984401,-0.23492855,-0.23793471,-0.04483851,-0.12940636,-0.24676906,0.10101553,-0.28221762,-0.38103253,0.27094713,-0.22659402,5062000.08989145,0.13557805,0.17124221,0.0943617,-0.22536375,0.22510074,0.0599657,0.55984676,0.11684257,0.03936764,0.33197933,-0.07595937,-0.21670084,-0.12983617,-0.23171151,-0.23593551,-0.04508886,-0.13369529,-0.24435021,0.10314205,-0.28150529,-0.37943456,0.27306241,-0.2295462,5063000.09067442,0.13939744,0.17176419,0.09830236,-0.22963068,0.22718008,0.05844613,0.56227958,0.11623289,0.03586914,0.34024677,-0.07802442,-0.21041943,-0.12476859,-0.23088233,-0.23474793,-0.04387085,-0.11953306,-0.24960163,0.09474485,-0.29121622,-0.38323864,0.27771506,-0.23446023,5064000.09199335,0.13766634,0.17130244,0.09843004,-0.23403025,0.22789326,0.05303407,0.56496513,0.1142073,0.03244711,0.34513053,-0.08093084,-0.21778375,-0.12197243,-0.23225261,-0.23506767,-0.04480707,-0.1154719,-0.24639603,0.09505607,-0.28852379,-0.38562331,0.2796303,-0.2275008,5065000.092945,0.13498908,0.17355511,0.09806333,-0.2327314,0.22509439,0.0498716,0.56237769,0.11446804,0.0307943,0.33590609,-0.08534529,-0.21744211,-0.13178353,-0.23569934,-0.23681144,-0.04548746,-0.13034396,-0.2467498,0.09415141,-0.28040183,-0.3854911,0.27858117,-0.22875233,5066000.09180489,0.13655184,0.17433417,0.10129578,-0.24030031,0.22580712,0.04928476,0.56546021,0.11314113,0.02932936,0.33774427,-0.08997473,-0.22118621,-0.13196632,-0.23633754,-0.23634732,-0.04832519,-0.12623687,-0.25027019,0.09571382,-0.29086444,-0.38604492,0.2676478,-0.23609889,5067000.09224768,0.13962175,0.17725335,0.10422738,-0.24352792,0.2314084,0.04949469,0.56630152,0.11331308,0.02670173,0.33512011,-0.08718459,-0.2197369,-0.13120209,-0.23357126,-0.23765643,-0.04820604,-0.13862075,-0.25235605,0.09962372,-0.29296201,-0.3847042,0.27929065,-0.22641909,5068000.09383379,0.14475706,0.1774835,0.10832402,-0.24187113,0.22949427,0.04999324,0.56410289,0.11383113,0.02258562,0.33069375,-0.09070127,-0.2286301,-0.12740955,-0.23824373,-0.23729578,-0.04673442,-0.13625108,-0.25408652,0.10031912,-0.28027236,-0.38393724,0.2773219,-0.22794729,5069000.09043238,0.14110464,0.1738704,0.10131071,-0.23014648,0.22635113,0.05393198,0.56235629,0.1127112,0.02989046,0.3379032,-0.08750449,-0.23465754,-0.13180995,-0.23583332,-0.23506731,-0.04728505,-0.13734324,-0.24965779,0.0972252,-0.27875921,-0.38205642,0.27343208,-0.2219708,5070000.08984324,0.13402621,0.17277482,0.09927362,-0.22434542,0.22676566,0.05247653,0.56067383,0.11328538,0.0374339,0.34220791,-0.08514781,-0.23250699,-0.13139649,-0.23276682,-0.23453327,-0.0434912,-0.12276557,-0.24841203,0.09307699,-0.28800899,-0.38303331,0.2762816,-0.22489654,5071000.08955251,0.13341042,0.17292014,0.09922466,-0.23681815,0.22498401,0.04965848,0.56502795,0.11400957,0.03319788,0.34026188,-0.08887456,-0.23014113,-0.13148656,-0.23243614,-0.23679277,-0.04453265,-0.1270155,-0.25205371,0.09772073,-0.29038885,-0.38605595,0.27795112,-0.23107751,5072000.09278934,0.13340621,0.17557907,0.09879439,-0.23728395,0.22768158,0.04559196,0.56551808,0.11164027,0.02855416,0.34298709,-0.09095515,-0.22520554,-0.13220415,-0.23295696,-0.23666383,-0.04600773,-0.1311363,-0.25249884,0.09402381,-0.29749516,-0.38966677,0.27142656,-0.2346793,5073000.09144887,0.13424781,0.17228448,0.09939929,-0.24008389,0.22613348,0.04426883,0.56628805,0.11148755,0.02738459,0.33389154,-0.09609609,-0.22558405,-0.13996425,-0.23304665,-0.23817721,-0.04848633,-0.13008437,-0.2520889,0.09444817,-0.29096311,-0.3894659,0.27961683,-0.22957036,5074000.0925376,0.13526835,0.18049803,0.10489848,-0.23936222,0.2260121,0.04524273,0.5643366,0.11197506,0.02513571,0.33541971,-0.10201771,-0.22134928,-0.13902241,-0.23221889,-0.23864809,-0.053231,-0.12928398,-0.25472766,0.10048895,-0.29421705,-0.3903532,0.27323881,-0.22764055,5075000.09491169,0.13701203,0.18116112,0.10547169,-0.24487875,0.23057096,0.04477409,0.56800973,0.11008277,0.02243995,0.33296111,-0.10045758,-0.21884501,-0.13702498,-0.23415552,-0.23877041,-0.05055626,-0.13683881,-0.25345194,0.09958312,-0.2957373,-0.38982245,0.27604127,-0.23843259,5076000.09401367,0.1393556,0.17551728,0.10561225,-0.24440058,0.22691852,0.04451023,0.565346,0.10987774,0.01974321,0.34353065,-0.10473338,-0.22587155,-0.1403695,-0.23551048,-0.24005422,-0.05556712,-0.13519676,-0.25309467,0.10394502,-0.28742883,-0.38843343,0.28440946,-0.22862121,5077000.09470114,0.13609713,0.17571798,0.09571274,-0.23338491,0.22845265,0.0506534,0.56175119,0.1096907,0.02859455,0.3356182,-0.09250318,-0.23353398,-0.14573871,-0.23225452,-0.23847032,-0.05044396,-0.13657178,-0.25436386,0.09784949,-0.29031703,-0.38730595,0.27316833,-0.22981311,5078000.09204043,0.13233224,0.17329477,0.09644141,-0.22692357,0.22705542,0.05024656,0.56952935,0.10979862,0.03359336,0.33982119,-0.09346591,-0.23340282,-0.13272785,-0.23281719,-0.23796736,-0.05132633,-0.12964804,-0.24979201,0.10078368,-0.28843048,-0.38770583,0.27268159,-0.23490013,5079000.09393603,0.13523704,0.17485616,0.1001485,-0.23659934,0.22397514,0.0442774,0.56931317,0.10992511,0.02825596,0.33339205,-0.09744412,-0.22952391,-0.14440732,-0.23018633,-0.23928846,-0.04890173,-0.12847918,-0.25400198,0.10113546,-0.29260004,-0.39132723,0.27655092,-0.23364374,5080000.09523308,0.13586272,0.17537579,0.09932073,-0.24335955,0.22750707,0.04746744,0.56814754,0.10779522,0.02548237,0.33888751,-0.10151524,-0.23348445,-0.14653522,-0.23310767,-0.23968282,-0.05422202,-0.13245855,-0.252377,0.0966067,-0.29560083,-0.39452595,0.27231601,-0.23873781,5081000.09444566,0.13565992,0.17401776,0.10076988,-0.24007142,0.22938636,0.04962038,0.56711376,0.10945322,0.02457528,0.32737929,-0.10250564,-0.23758915,-0.14016825,-0.23302738,-0.23973978,-0.05330192,-0.13484423,-0.25132924,0.09952294,-0.29775104,-0.39511678,0.2749446,-0.24016307,5082000.0949449,0.13647157,0.17346852,0.10207639,-0.24651535,0.22556075,0.04503617,0.56794208,0.10763886,0.02230527,0.33015165,-0.10565984,-0.23477578,-0.14438587,-0.23511057,-0.2408843,-0.05701675,-0.13255596,-0.25261313,0.10412573,-0.29378948,-0.39427862,0.27633914,-0.24106614,5083000.09161903,0.14208934,0.17653026,0.10508893,-0.24857855,0.22633004,0.04484018,0.56400496,0.10770264,0.01904836,0.33283985,-0.10620105,-0.24612682,-0.14594015,-0.23082505,-0.24263167,-0.05813773,-0.14342421,-0.25332952,0.10355479,-0.29584578,-0.3941578,0.27685305,-0.23234978,5084000.09521112,0.13749853,0.17522709,0.10225122,-0.24599198,0.22507906,0.04505548,0.56199569,0.10570649,0.02017703,0.32935029,-0.10263765,-0.24149708,-0.15012324,-0.23422863,-0.24069709,-0.05814084,-0.13474312,-0.25598812,0.10765208,-0.29561305,-0.39292446,0.28135359,-0.22919275,5085000.09216271,0.12974173,0.16827337,0.09494652,-0.23273107,0.22301012,0.04364295,0.56567758,0.10949965,0.03289079,0.33449757,-0.09888188,-0.23298572,-0.14729573,-0.23283453,-0.23946938,-0.0584238,-0.14705071,-0.25581974,0.11012107,-0.29277146,-0.39184853,0.27613261,-0.2280325,5086000.09258232,0.13335815,0.17188001,0.0979653,-0.23743658,0.22494535,0.04910588,0.56725413,0.11085613,0.03019941,0.33663389,-0.09825544,-0.24077602,-0.14624962,-0.23143853,-0.24200536,-0.05610941,-0.13904217,-0.25463834,0.09863465,-0.29949611,-0.39462984,0.26948974,-0.23322158,5087000.0910512,0.1406308,0.17303506,0.0976147,-0.24320863,0.23081435,0.04553542,0.56640071,0.10936461,0.02646587,0.3416304,-0.10637191,-0.23864865,-0.15000275,-0.22931227,-0.24158894,-0.05437098,-0.12698336,-0.2563853,0.09768624,-0.30045822,-0.39619771,0.2673701,-0.23375903,5088000.08948705,0.13255474,0.17728271,0.09868139,-0.24014759,0.22954234,0.04353509,0.56698275,0.10901534,0.02471003,0.33708104,-0.10779446,-0.2425261,-0.1499062,-0.23329514,-0.24310194,-0.06097274,-0.12442742,-0.26080108,0.09939841,-0.29463443,-0.39817926,0.2706033,-0.2287392,5089000.09572028,0.13578504,0.17664611,0.10241076,-0.24571013,0.22675949,0.04598308,0.56492734,0.10755538,0.02287078,0.33449629,-0.10525852,-0.23596615,-0.14645594,-0.23232763,-0.24310926,-0.06395528,-0.14303088,-0.25823206,0.09945083,-0.30680224,-0.40009061,0.27648368,-0.23878975,5090000.09425571,0.13867077,0.1773414,0.10390957,-0.24596874,0.22576936,0.0447164,0.56585371,0.10667582,0.02035434,0.34241691,-0.10742474,-0.23392898,-0.14882536,-0.23269325,-0.24354574,-0.05905519,-0.13734388,-0.25812301,0.09623013,-0.29234019,-0.39849016,0.28206027,-0.24086335,5091000.09651978,0.14089949,0.17586465,0.10615773,-0.24987373,0.22789033,0.04693108,0.56655842,0.10631699,0.01839936,0.33129507,-0.11265793,-0.23740996,-0.15478504,-0.23653935,-0.24413316,-0.05891833,-0.12665308,-0.25763521,0.10697163,-0.29890373,-0.39766875,0.28185523,-0.23639077,5092000.09375785,0.1349476,0.17358179,0.09666524,-0.23743987,0.22850333,0.04584664,0.56456864,0.10863994,0.02701408,0.32416946,-0.10129139,-0.22949108,-0.15683325,-0.23507355,-0.24050383,-0.06270546,-0.14607283,-0.25372452,0.10930847,-0.28514299,-0.3964743,0.2725724,-0.23680426,5093000.09186158,0.13458246,0.17052281,0.09394176,-0.23461492,0.22173557,0.04953063,0.56557965,0.10756674,0.03465067,0.34505385,-0.10104503,-0.23622908,-0.15082525,-0.23051159,-0.24131788,-0.05662854,-0.13489221,-0.25580841,0.09929678,-0.2986542,-0.39672351,0.27223307,-0.24128135,5094000.09158355,0.13352942,0.17303547,0.09817109,-0.23581384,0.22351897,0.046811,0.5668025,0.10960127,0.03051077,0.34115848,-0.10555752,-0.23210283,-0.15569907,-0.2317272,-0.24370511,-0.06060603,-0.12217903,-0.25681826,0.10715801,-0.30806002,-0.40135476,0.27678606,-0.24456412,5095000.09001937,0.13003871,0.17196675,0.09797999,-0.24163981,0.22282568,0.04605988,0.56716055,0.1039248,0.02686187,0.34563556,-0.10657477,-0.24142256,-0.15998939,-0.23434056,-0.24387817,-0.06284359,-0.12754992,-0.25775552,0.10514764,-0.30523303,-0.4028644,0.28216773,-0.25080743,5096000.09193651,0.13508986,0.17517427,0.09911,-0.24472769,0.22788692,0.04329482,0.56724566,0.10616758,0.02677256,0.34205952,-0.11176946,-0.2366159,-0.15360902,-0.23326769,-0.24553077,-0.06240357,-0.13590539,-0.25545263,0.10256369,-0.3045857,-0.40403351,0.28493547,-0.24629927,5097000.09058452,0.13186108,0.1748845,0.09990808,-0.24833517,0.23086712,0.04696169,0.56706667,0.10604741,0.02305499,0.33266923,-0.10969698,-0.23658969,-0.15724607,-0.23376103,-0.24545248,-0.06326857,-0.13769986,-0.25691628,0.10671904,-0.30510145,-0.40541491,0.28145272,-0.24967536,5098000.09224768,0.13733564,0.17873123,0.10303269,-0.24844618,0.22924885,0.03773118,0.56824809,0.10633981,0.01977335,0.34058204,-0.1114634,-0.24856013,-0.15652135,-0.23792566,-0.24569811,-0.06645735,-0.13701908,-0.26280865,0.10691328,-0.30397087,-0.40335828,0.28569037,-0.24247962,5099000.0955099,0.13589089,0.17893213,0.10499377,-0.24545121,0.22785605,0.04185631,0.56622267,0.10671774,0.01836335,0.33875498,-0.10962021,-0.24761444,-0.15868102,-0.23739165,-0.24714704,-0.06891736,-0.13904898,-0.25950003,0.10770189,-0.29453516,-0.40288174,0.28164983,-0.24183647,5100000.09069844,0.12862787,0.17404446,0.09324445,-0.23602813,0.2227146,0.04702405,0.567105,0.1058048,0.02987904,0.34019282,-0.10235304,-0.24304865,-0.16714376,-0.23267743,-0.24710451,-0.06832119,-0.14720322,-0.26114047,0.10483269,-0.29300651,-0.40085986,0.27501157,-0.24939178,5101000.08626709,0.12720701,0.17468344,0.09345961,-0.23499654,0.22204536,0.04999433,0.56741375,0.1055247,0.03241596,0.34827214,-0.10681005,-0.24173984,-0.16311596,-0.2293974,-0.2447412,-0.06962322,-0.13920662,-0.25808495,0.10082947,-0.30924746,-0.40329537,0.27535442,-0.24262561,5102000.09030607,0.12955371,0.17352723,0.09472969,-0.24528083,0.22247022,0.04703043,0.5709964,0.1052858,0.02594683,0.3528156,-0.11071544,-0.25254309,-0.17082106,-0.23162544,-0.24754931,-0.0670191,-0.13721913,-0.26298064,0.10523925,-0.31008992,-0.40651113,0.27582932,-0.25237316,5103000.09189156,0.13373479,0.17647718,0.09398351,-0.24107847,0.21900097,0.04646729,0.56928414,0.10462871,0.02418912,0.34343743,-0.11094968,-0.24827841,-0.16896999,-0.23319909,-0.24753939,-0.06760006,-0.12957765,-0.26039258,0.1036052,-0.30701366,-0.40668821,0.28375539,-0.24771421,5104000.09158026,0.12896349,0.17621703,0.09678522,-0.24408986,0.22108451,0.03922276,0.57111943,0.10412261,0.0226389,0.34354776,-0.11713734,-0.23985608,-0.16992998,-0.2371334,-0.2486701,-0.07170826,-0.14353856,-0.26013365,0.09955792,-0.30754006,-0.4077678,0.28185901,-0.24351388,5105000.09313358,0.13491602,0.17798206,0.10092754,-0.24500602,0.22680883,0.04527553,0.56823164,0.10436919,0.01979051,0.34605244,-0.12080333,-0.24298657,-0.17075211,-0.2373562,-0.24915546,-0.07453845,-0.14468606,-0.25857323,0.10916947,-0.30049846,-0.4088423,0.28468204,-0.24881482,5106000.094211,0.13460027,0.17569616,0.10432459,-0.24905488,0.22422229,0.04536464,0.566311,0.10268022,0.0163116,0.3462379,-0.12072717,-0.25840068,-0.18031108,-0.2365538,-0.25089559,-0.07660738,-0.1391478,-0.2648617,0.10395555,-0.30410191,-0.40713719,0.28117827,-0.24872002,5107000.09334777,0.13420857,0.17662051,0.10285722,-0.24776557,0.22592485,0.04048593,0.56792855,0.10321563,0.01618455,0.33961654,-0.11930339,-0.24031119,-0.17850098,-0.23840502,-0.25202748,-0.07481534,-0.13519676,-0.26292649,0.09884542,-0.30054709,-0.40512803,0.27693069,-0.24372531,5108000.09132003,0.12723354,0.17355511,0.0943574,-0.23620519,0.22399451,0.04291487,0.56591856,0.10327992,0.02747387,0.34270775,-0.1206926,-0.24697973,-0.18137504,-0.23528843,-0.24813223,-0.07070776,-0.13778627,-0.25513983,0.10626853,-0.29478008,-0.40320292,0.27539536,-0.24284784,5109000.09297086,0.13004118,0.17569616,0.0947817,-0.24163797,0.22461019,0.04569963,0.57103145,0.10438912,0.02868593,0.34834817,-0.11234953,-0.24468412,-0.17839348,-0.2313085,-0.24913369,-0.07280223,-0.13771896,-0.25941738,0.11104264,-0.30248314,-0.40622723,0.27887318,-0.24360427,5110000.09276091,0.130399,0.17682475,0.09307799,-0.2417932,0.22420686,0.04147896,0.57150406,0.10438282,0.02401317,0.34680074,-0.11602067,-0.25088319,-0.18112563,-0.23734304,-0.25155181,-0.08022066,-0.1506926,-0.26039368,0.10180371,-0.30451638,-0.40862322,0.27728817,-0.25576192,5111000.08856197,0.13205209,0.17595683,0.09427162,-0.24678092,0.22457632,0.04039924,0.56833315,0.1042366,0.02150296,0.35079941,-0.11522321,-0.2615099,-0.19092193,-0.23481193,-0.25048137,-0.07891085,-0.14431731,-0.25843629,0.10504732,-0.3093257,-0.40961373,0.27737129,-0.25569037,5112000.09395781,0.12880681,0.176043,0.09916003,-0.24672121,0.22523636,0.04132971,0.56884301,0.10114301,0.01963186,0.34689918,-0.11637086,-0.25283581,-0.18824701,-0.23394209,-0.25162551,-0.07676664,-0.14030889,-0.26390263,0.11270729,-0.30468893,-0.40963447,0.27492124,-0.25518423,5113000.09473439,0.13064256,0.1782409,0.09952711,-0.24988599,0.22901858,0.03900493,0.56777072,0.10319914,0.01733445,0.33910155,-0.11921182,-0.26004717,-0.18013059,-0.23683983,-0.25188994,-0.08093416,-0.13486625,-0.26136437,0.10951039,-0.3027626,-0.4092423,0.2827647,-0.24216625,5114000.09813992,0.13511683,0.17635961,0.10110465,-0.25043795,0.22536719,0.03514128,0.56779957,0.10218272,0.01503406,0.34377971,-0.12062482,-0.25096995,-0.17868985,-0.23608498,-0.25535369,-0.08465537,-0.15329888,-0.26174733,0.09890095,-0.29955685,-0.40593579,0.28764513,-0.24572828,5115000.09386969,0.13045239,0.17719756,0.09849426,-0.24326605,0.22451802,0.03519272,0.56349295,0.10199457,0.01815357,0.34377092,-0.11914475,-0.25256994,-0.18306936,-0.23725241,-0.25287414,-0.08002103,-0.14690584,-0.25926453,0.10718124,-0.305971,-0.40343761,0.28391975,-0.24622181,5116000.08896241,0.12896349,0.17517494,0.09130709,-0.23673478,0.22597399,0.04378553,0.56299919,0.10340519,0.02889322,0.34715456,-0.11397605,-0.24421781,-0.18233812,-0.23354071,-0.252105,-0.07746174,-0.14159955,-0.25900251,0.10685512,-0.30832869,-0.40425444,0.27508736,-0.24164374,5117000.09166372,0.12895098,0.1757538,0.09274884,-0.23983397,0.22631894,0.04080926,0.56879276,0.10250109,0.02528401,0.35180154,-0.11691139,-0.25401643,-0.18100485,-0.23537117,-0.25275436,-0.07880089,-0.13928498,-0.26249453,0.10055514,-0.31117508,-0.4059113,0.2763294,-0.24994229,5118000.09347005,0.12709253,0.17604358,0.09527741,-0.24419731,0.22277215,0.04295287,0.56859803,0.10196454,0.02126877,0.35552898,-0.12049031,-0.23704879,-0.18762194,-0.23387322,-0.2522769,-0.08247169,-0.16042042,-0.26018733,0.10161368,-0.31027389,-0.40713948,0.28695771,-0.25159603,5119000.0929378,0.12816644,0.17401877,0.09577027,-0.24645668,0.22496472,0.03816376,0.56568551,0.10252599,0.0208345,0.34962699,-0.11897961,-0.25116694,-0.18511996,-0.23725684,-0.25286987,-0.08294443,-0.14586172,-0.25720116,0.10389841,-0.31091928,-0.40613255,0.27687955,-0.24707182,5120000.09269474,0.12868471,0.17667891,0.09815811,-0.24908839,0.22708587,0.03460986,0.56805342,0.10206545,0.02015571,0.33917314,-0.12247052,-0.24912496,-0.18569183,-0.23744667,-0.25403658,-0.08406344,-0.14854442,-0.25756165,0.10718288,-0.31236777,-0.40609708,0.27876377,-0.24270473,5121000.09311603,0.13599843,0.17737205,0.10185333,-0.25185055,0.22752583,0.0351038,0.5674932,0.10149528,0.01671081,0.34795806,-0.12433475,-0.25912273,-0.1876857,-0.23814031,-0.25431541,-0.08422782,-0.15178825,-0.26147389,0.10489751,-0.30256841,-0.40425655,0.28438628,-0.24533656,5122000.09746289,0.13401116,0.17575131,0.10159826,-0.25174725,0.23010248,0.04285316,0.56618959,0.10000685,0.01495901,0.34688938,-0.12053391,-0.26139355,-0.18943593,-0.23981085,-0.25373399,-0.08207282,-0.14063424,-0.26215568,0.10434448,-0.30407166,-0.4015516,0.28685629,-0.24451804,5123000.09425777,0.12739384,0.17684853,0.09297947,-0.23818631,0.22864483,0.03298093,0.56383038,0.10096413,0.02538985,0.34419495,-0.11047249,-0.25436527,-0.18952394,-0.2374706,-0.25094122,-0.07656052,-0.16217299,-0.25972515,0.10533638,-0.29762554,-0.39864179,0.28578109,-0.24744125,5124000.09020212,0.12956625,0.17133129,0.09365714,-0.23611705,0.22667564,0.039402,0.56397605,0.10493968,0.03022854,0.35193598,-0.10848577,-0.2513417,-0.18400298,-0.23700263,-0.25071901,-0.08340482,-0.15481105,-0.25842953,0.10410772,-0.30231413,-0.40044555,0.27487898,-0.24678126,5125000.09204043,0.13235831,0.17159081,0.09616893,-0.23848911,0.22835769,0.03843616,0.56090873,0.10270377,0.02570092,0.34642348,-0.11472,-0.24431144,-0.18549784,-0.24043475,-0.25285769,-0.08559657,-0.14920177,-0.26025239,0.10761108,-0.29748458,-0.40247548,0.27751344,-0.24901035,5126000.09279398,0.12966646,0.17254449,0.09481598,-0.23984584,0.22534798,0.04047387,0.56651032,0.10122387,0.02274449,0.34462312,-0.111454,-0.2493456,-0.18789472,-0.2366078,-0.25213572,-0.0863553,-0.14991586,-0.25795442,0.10697585,-0.30168524,-0.40270698,0.27959114,-0.24551342,5127000.09364705,0.13332748,0.171331,0.09774455,-0.24602142,0.22574607,0.03943276,0.56767786,0.10418987,0.02301858,0.3480407,-0.11493696,-0.25659084,-0.19674936,-0.23532841,-0.25362113,-0.08870138,-0.15449277,-0.25971383,0.10267221,-0.30451855,-0.40281197,0.28077716,-0.24602339,5128000.09329153,0.13393059,0.17419156,0.10026058,-0.24845354,0.22604211,0.03617846,0.56749856,0.1013405,0.0191411,0.3528102,-0.1160248,-0.24445371,-0.18529971,-0.23947537,-0.25422999,-0.08429092,-0.14502904,-0.25651652,0.09895666,-0.30395213,-0.40049312,0.27858934,-0.24957231,5129000.09418956,0.13304251,0.1780663,0.09987844,-0.25069863,0.22784039,0.03396465,0.56786406,0.10106486,0.01683978,0.33688113,-0.11873272,-0.25195006,-0.18843429,-0.2383924,-0.254733,-0.08283809,-0.147394,-0.25929424,0.106442,-0.29961136,-0.39873952,0.27804622,-0.24244373,5130000.09249485,0.12871364,0.177717,0.0990514,-0.24438086,0.22744159,0.04162303,0.56128937,0.10133947,0.01777113,0.34450513,-0.11505605,-0.24703805,-0.19091192,-0.24078174,-0.25340453,-0.08296057,-0.1435568,-0.26039648,0.10238869,-0.30231684,-0.397984,0.28439888,-0.2401908,5131000.08897432,0.12508358,0.17335147,0.09282029,-0.23393559,0.22254467,0.03822155,0.5629428,0.10247336,0.03035053,0.3450962,-0.10425549,-0.25043687,-0.19083567,-0.23701321,-0.24955729,-0.07844549,-0.14498799,-0.25598237,0.10611314,-0.30178806,-0.39502579,0.27422124,-0.24132572,5132000.08906092,0.12683584,0.17476952,0.09354613,-0.23693937,0.22498824,0.04052296,0.56341356,0.10308474,0.02932659,0.35296434,-0.1018209,-0.26618814,-0.19049761,-0.2349095,-0.2520788,-0.08239559,-0.13983592,-0.25762632,0.11475,-0.30291244,-0.39654386,0.27264252,-0.24178164,5133000.0913412,0.12678577,0.17424998,0.09402149,-0.24097101,0.22383444,0.0423371,0.56372869,0.10382151,0.02560858,0.34162819,-0.10526825,-0.24792792,-0.18228026,-0.24015968,-0.2516126,-0.08603927,-0.14063163,-0.26100647,0.10975967,-0.30624554,-0.3990787,0.27586839,-0.2447581,5134000.09084193,0.1315781,0.17190897,0.09424356,-0.24242964,0.22310185,0.04263301,0.56222802,0.10240602,0.02428419,0.34835988,-0.10868829,-0.25652665,-0.1902342,-0.23699598,-0.25211918,-0.08596352,-0.13248509,-0.26186514,0.10622717,-0.298219,-0.39998934,0.28310204,-0.242791,5135000.0929028,0.13084455,0.17453808,0.09651924,-0.24497022,0.2232623,0.04354972,0.56601173,0.10382719,0.02155561,0.34155107,-0.11376067,-0.26043585,-0.19061337,-0.23985492,-0.25224158,-0.0838187,-0.14424174,-0.26345733,0.10863676,-0.29506224,-0.39991021,0.28783569,-0.2383329,5136000.08965491,0.13114142,0.17650557,0.0996874,-0.2501027,0.225648,0.03874096,0.56859827,0.10252511,0.01929024,0.34619233,-0.11267964,-0.25183779,-0.19188339,-0.23784411,-0.25252694,-0.08802631,-0.14575902,-0.26370183,0.10942998,-0.29179785,-0.39805534,0.27800557,-0.24152943,5137000.09428878,0.13323814,0.17725615,0.10249056,-0.25131369,0.22791171,0.03938351,0.56696677,0.10077137,0.01681613,0.33873308,-0.11557027,-0.25683248,-0.19636647,-0.24086772,-0.25378275,-0.09156904,-0.14691713,-0.2589176,0.10660516,-0.28734788,-0.39643615,0.28913292,-0.24224816,5138000.09526628,0.13402127,0.17416109,0.10162963,-0.24944071,0.22631432,0.03332266,0.56455678,0.10161784,0.01642359,0.33863795,-0.11002451,-0.26373702,-0.19342218,-0.237996,-0.25496086,-0.0930964,-0.16167727,-0.2595275,0.10949188,-0.29127252,-0.39469638,0.28391799,-0.22732355,5139000.09236257,0.12402216,0.17314933,0.09413961,-0.23669705,0.21976551,0.04159993,0.56086272,0.10399034,0.02816482,0.34639263,-0.1004689,-0.24968763,-0.19167972,-0.23674659,-0.25075978,-0.08937217,-0.14525335,-0.25958931,0.10449659,-0.29198861,-0.39274612,0.27798814,-0.22862986,5140000.09213946,0.12524658,0.17419156,0.09218028,-0.24036333,0.22053309,0.04481823,0.56255221,0.10359631,0.02887231,0.35027307,-0.10266636,-0.24960077,-0.18956479,-0.23561327,-0.25134921,-0.08806736,-0.14225024,-0.25784224,0.10646527,-0.29219583,-0.39473945,0.2775045,-0.23172957,5141000.09373619,0.12668298,0.17228433,0.0944057,-0.2460804,0.22360067,0.0400263,0.56455052,0.10433278,0.02504883,0.34876129,-0.10396761,-0.26167428,-0.18873592,-0.2367077,-0.25333151,-0.09075089,-0.14240065,-0.26182303,0.10790598,-0.29496622,-0.39728171,0.27741262,-0.24124525,5142000.09401367,0.12476272,0.17477052,0.0941836,-0.246537,0.22228758,0.04261594,0.56436622,0.10327992,0.02182784,0.34391248,-0.10493827,-0.25983474,-0.19317105,-0.23840834,-0.25356299,-0.08799388,-0.14780352,-0.25797227,0.10491463,-0.30079168,-0.39812517,0.27890664,-0.2396504,5143000.09261709,0.1298337,0.1762739,0.09648951,-0.24951518,0.2279246,0.04222421,0.56254232,0.10593672,0.02077306,0.34121832,-0.10597348,-0.26050416,-0.19299944,-0.24215458,-0.25405464,-0.09193283,-0.14089659,-0.26155517,0.1045443,-0.29419428,-0.39865658,0.28828129,-0.23173019,5144000.09302697,0.13042709,0.17745987,0.10010163,-0.25276849,0.22832648,0.03479474,0.56284344,0.10555016,0.01835297,0.33882043,-0.10634873,-0.25355065,-0.18787406,-0.23836379,-0.25458315,-0.08703619,-0.14689232,-0.26235467,0.10951968,-0.29223368,-0.39679697,0.28933838,-0.24107489,5145000.09565471,0.13183182,0.18084443,0.1019166,-0.25412655,0.22848497,0.03547871,0.56163883,0.1035425,0.01594995,0.33761987,-0.11044069,-0.26298478,-0.19598229,-0.24045968,-0.25655872,-0.08584674,-0.14489403,-0.26355326,0.10930687,-0.29322538,-0.39603251,0.28272268,-0.23395224,5146000.09633128,0.13467883,0.18003164,0.10484716,-0.25367197,0.2275631,0.03639325,0.56217927,0.10490524,0.01488873,0.33725888,-0.11038947,-0.25517499,-0.1955225,-0.24080592,-0.25581825,-0.08627652,-0.15181662,-0.26493889,0.10639293,-0.29095495,-0.39543092,0.284648,-0.23548381,5147000.0943242,0.13305408,0.17470947,0.09491968,-0.24235043,0.22718278,0.04430636,0.56089956,0.10486466,0.02497509,0.34224936,-0.10129881,-0.26848111,-0.1923337,-0.23627552,-0.2537621,-0.08850002,-0.16067213,-0.25949541,0.10793874,-0.2842437,-0.3915464,0.2781468,-0.22720502,5148000.09027023,0.1285409,0.1730931,0.09471145,-0.24367855,0.2273856,0.04114804,0.5634349,0.10555376,0.03009532,0.33952254,-0.09239279,-0.25426155,-0.18344311,-0.23347516,-0.25304988,-0.08766017,-0.14566635,-0.26304007,0.10589807,-0.29524419,-0.39270812,0.27990872,-0.23192452,5149000.0938145,0.1303592,0.17531836,0.09513922,-0.24582838,0.22375204,0.04403525,0.56295305,0.10621717,0.02526503,0.34316653,-0.0935331,-0.23785549,-0.18394475,-0.23275523,-0.25508261,-0.08568773,-0.13176197,-0.26799157,0.1106759,-0.29990783,-0.39635873,0.27833107,-0.23254517,5150000.09433537,0.12773275,0.17679378,0.09647445,-0.24718577,0.22422229,0.04022324,0.56211078,0.10516196,0.02428438,0.34035313,-0.09890016,-0.25017223,-0.18533714,-0.23853692,-0.25648585,-0.08385072,-0.13862054,-0.26375166,0.10467632,-0.29820257,-0.39624205,0.28268304,-0.22882961,5151000.09547715,0.13210791,0.17014788,0.09657043,-0.25101966,0.22495411,0.04240968,0.55849916,0.10506121,0.02188284,0.34086347,-0.1006694,-0.25645822,-0.18686044,-0.23845044,-0.25476044,-0.08248209,-0.13891926,-0.26591149,0.10337788,-0.29146984,-0.39692977,0.28624445,-0.23641306,5152000.09330443,0.13405597,0.17320821,0.09949692,-0.25310126,0.22394577,0.03963259,0.55911827,0.10327449,0.01926889,0.34050041,-0.0992829,-0.26253504,-0.1903957,-0.2398054,-0.25618598,-0.08443087,-0.13985689,-0.26113155,0.10572635,-0.29449919,-0.39576197,0.28383312,-0.23844051,5153000.09629792,0.13434173,0.17653026,0.10269539,-0.25857842,0.22801718,0.04078729,0.56010389,0.10449759,0.01823227,0.34007397,-0.09901505,-0.25517899,-0.18356344,-0.24350248,-0.2570588,-0.08651879,-0.13439313,-0.26288652,0.11085163,-0.28745532,-0.39413777,0.29111481,-0.23768301,5154000.09575405,0.13788798,0.17283161,0.10508092,-0.25676423,0.22364262,0.03975691,0.55922228,0.10352916,0.018543,0.34654337,-0.09890371,-0.26207364,-0.18526265,-0.24234383,-0.25718832,-0.08518758,-0.16045868,-0.26360482,0.11117772,-0.29938141,-0.39283055,0.29078186,-0.23372142,5155000.09265151,0.13244951,0.16936837,0.09509521,-0.23950502,0.22256744,0.03947767,0.56080091,0.10594959,0.02783999,0.35028309,-0.09244449,-0.24998917,-0.18351719,-0.23862013,-0.25269529,-0.08250881,-0.14609298,-0.2645396,0.10420305,-0.29011175,-0.38952363,0.28125119,-0.22419299,5156000.09178742,0.12952702,0.17291811,0.0949981,-0.24235633,0.22377554,0.03955223,0.56256753,0.10776798,0.03200453,0.34284395,-0.08925568,-0.24171142,-0.17700508,-0.23609208,-0.25240442,-0.07780342,-0.13010393,-0.26571122,0.10893047,-0.29351634,-0.39170799,0.27739662,-0.23445222,5157000.09415806,0.12679823,0.17251512,0.09782651,-0.24782643,0.22459024,0.04346137,0.56423759,0.10887075,0.02732367,0.34436601,-0.08934243,-0.25679028,-0.17689063,-0.23470493,-0.25435823,-0.08734618,-0.14070567,-0.26195249,0.10889918,-0.28582394,-0.39403817,0.28141275,-0.23363163,5158000.09166534,0.12878087,0.17014785,0.09693565,-0.24679089,0.22284004,0.0445862,0.5629428,0.10697291,0.02634116,0.34753859,-0.08718351,-0.25665087,-0.17942005,-0.23996772,-0.25544545,-0.08509596,-0.14079954,-0.26316932,0.1068793,-0.29563558,-0.39536127,0.2865977,-0.23185313,5159000.09180909,0.13013297,0.17130174,0.10013344,-0.24670181,0.22507906,0.03466605,0.56052923,0.10960244,0.02654936,0.34619239,-0.08633143,-0.25552496,-0.17968005,-0.2398646,-0.25520334,-0.08199641,-0.13731255,-0.26480901,0.10636829,-0.28995466,-0.39481118,0.28437901,-0.23564972,5160000.09450161,0.12966053,0.17589249,0.10451204,-0.25355732,0.22554894,0.04110533,0.56012261,0.11049805,0.02332271,0.34929612,-0.09048614,-0.25241482,-0.18051408,-0.24063832,-0.25539181,-0.07993938,-0.13869454,-0.26542604,0.10864723,-0.29023081,-0.39488783,0.29119524,-0.22895288,5161000.09149864,0.13446321,0.17690222,0.10699602,-0.25439969,0.22709796,0.0389317,0.56338131,0.11052128,0.02063432,0.34359223,-0.09309147,-0.2590881,-0.17551066,-0.24128135,-0.25612548,-0.08138385,-0.1403579,-0.26312286,0.10229944,-0.28956982,-0.39407894,0.29188222,-0.22535975,5162000.09562139,0.14142784,0.17629351,0.10897103,-0.25684789,0.22544883,0.04054747,0.56106091,0.10897966,0.01843966,0.34671369,-0.09348564,-0.24442568,-0.17722413,-0.23948385,-0.25538531,-0.07866639,-0.14385825,-0.26434508,0.11401549,-0.28951615,-0.39187998,0.28599897,-0.229057,5163000.09218644,0.13360202,0.1763165,0.10054299,-0.24501997,0.22593641,0.04565015,0.55630189,0.10876336,0.02656852,0.34267581,-0.08476831,-0.24510986,-0.17585513,-0.23808312,-0.25326556,-0.07630637,-0.14777543,-0.2616801,0.1067068,-0.29335129,-0.39015535,0.28301781,-0.22871807,5164000.09022561,0.12973008,0.17262651,0.09560307,-0.23518836,0.2299668,0.04926457,0.56081229,0.10992907,0.03671095,0.3477039,-0.07961294,-0.24621792,-0.1754656,-0.2349236,-0.24919529,-0.07037033,-0.12684463,-0.26303715,0.10589593,-0.292869,-0.39077634,0.28529978,-0.22515447,5165000.09420213,0.13252242,0.17447688,0.09709565,-0.24410042,0.22580712,0.0471116,0.55933964,0.11030774,0.03322916,0.34924254,-0.08082563,-0.2396265,-0.1711884,-0.23617491,-0.25168419,-0.06959219,-0.1392422,-0.26436573,0.10713124,-0.28102234,-0.39332956,0.28179577,-0.22937679,5166000.09494505,0.12747455,0.17678815,0.09948102,-0.24152201,0.22443487,0.04670892,0.56348062,0.11215225,0.02856086,0.34803176,-0.08390552,-0.23706864,-0.17210288,-0.23351759,-0.25219324,-0.0775802,-0.13171001,-0.26589382,0.11079124,-0.28899547,-0.3958616,0.28609475,-0.23619555,5167000.09624197,0.13388437,0.17828913,0.10263257,-0.24489462,0.22217683,0.041976,0.5632748,0.1101356,0.02769579,0.34921172,-0.0843433,-0.24680302,-0.16629685,-0.23632333,-0.25320336,-0.07212279,-0.13529743,-0.26312888,0.10612359,-0.28968194,-0.39573267,0.28420484,-0.23570997,5168000.09540936,0.13410139,0.17687073,0.10321955,-0.24773391,0.22819138,0.04710595,0.5618068,0.10983516,0.02783195,0.35336918,-0.08777031,-0.23639308,-0.17035039,-0.23247208,-0.25227496,-0.0685835,-0.13251995,-0.2599687,0.10601965,-0.28667381,-0.39604163,0.27942345,-0.23244841,5169000.09560832,0.13391402,0.17392491,0.10388719,-0.25254926,0.2287676,0.04106765,0.56066436,0.10979644,0.02320376,0.35222062,-0.09149122,-0.24770044,-0.17141685,-0.23195854,-0.25149506,-0.06834012,-0.13616383,-0.26520461,0.10591926,-0.28398445,-0.39605296,0.28320912,-0.24439275,5170000.09746134,0.13568535,0.17865933,0.1074041,-0.25344759,0.2277084,0.04542838,0.5585922,0.10999601,0.0203538,0.35022098,-0.09060089,-0.23445868,-0.16792093,-0.23262477,-0.25050956,-0.06920251,-0.12946008,-0.2618286,0.10001204,-0.27587962,-0.39443177,0.28846776,-0.23884311,5171000.09598668,0.13831979,0.17845702,0.11057226,-0.25214103,0.22326611,0.04598048,0.55980617,0.11037965,0.02103364,0.3461079,-0.09042101,-0.23614797,-0.16395214,-0.23690924,-0.25038478,-0.06794821,-0.12907903,-0.26132208,0.10949661,-0.28627566,-0.39376819,0.28538164,-0.22837549,5172000.09433412,0.13590278,0.1748113,0.10173235,-0.24045569,0.22439367,0.05075261,0.55856895,0.1111084,0.02834987,0.34827217,-0.08732685,-0.24125589,-0.16375379,-0.23513591,-0.25024164,-0.06578381,-0.13325158,-0.25910613,0.10927657,-0.27460313,-0.39178213,0.28474227,-0.22718333,5173000.09240782,0.13111514,0.1703466,0.09849378,-0.23382515,0.22385089,0.04884965,0.5639317,0.11233518,0.0368036,0.34916842,-0.0824183,-0.24058978,-0.16333668,-0.22798312,-0.25051597,-0.06282473,-0.13376229,-0.25616145,0.10877,-0.2741752,-0.39111179,0.28005576,-0.2337663,5174000.09412435,0.13342153,0.1782027,0.10040253,-0.24121884,0.22497307,0.04833959,0.56050909,0.1123468,0.03292737,0.35389563,-0.08644632,-0.22372997,-0.16227248,-0.22935988,-0.24915113,-0.06285431,-0.12656356,-0.25954407,0.10586444,-0.27929685,-0.39479458,0.28025773,-0.2347088,5175000.09616297,0.13425131,0.17525318,0.0995278,-0.24024631,0.2291639,0.04531231,0.56353915,0.1113153,0.02906053,0.35880229,-0.08665669,-0.23747545,-0.1710043,-0.22986615,-0.24913578,-0.06299821,-0.1210421,-0.26035312,0.10833849,-0.28665313,-0.39640775,0.27870566,-0.23605342,5176000.0942243,0.13631104,0.17597547,0.10376057,-0.24447608,0.22918364,0.0476263,0.56190014,0.11074638,0.02854405,0.35999396,-0.08751627,-0.24020968,-0.16704711,-0.22943132,-0.24937442,-0.06345729,-0.11348074,-0.26015162,0.11021052,-0.2856262,-0.39580971,0.28282887,-0.23343581,5177000.09690628,0.13609572,0.17577329,0.10613383,-0.24278796,0.23121892,0.04350094,0.56461585,0.11065492,0.02656219,0.35082483,-0.09342106,-0.24798422,-0.16339785,-0.22942318,-0.2504116,-0.06383713,-0.11245654,-0.26145318,0.11107426,-0.28825468,-0.39666677,0.28271735,-0.23010792,5178000.0990109,0.1388365,0.17582822,0.10708665,-0.25187695,0.23022704,0.04718707,0.56244296,0.11028097,0.02320565,0.34908813,-0.09467275,-0.2506606,-0.16400695,-0.23372395,-0.24965806,-0.06282254,-0.13411309,-0.25836217,0.1107991,-0.28142011,-0.39569631,0.28338173,-0.23241453,5179000.09965403,0.13995574,0.18010262,0.11028776,-0.24981467,0.22699626,0.04405271,0.56301939,0.1102185,0.02061472,0.34920382,-0.09185711,-0.24026614,-0.16043568,-0.23316991,-0.24880825,-0.06262806,-0.13729009,-0.25949541,0.1138116,-0.28536373,-0.39610684,0.28235632,-0.2250582,5180000.0995528,0.1395385,0.17975439,0.11134554,-0.25135434,0.22871605,0.04281494,0.55932856,0.11207306,0.01882833,0.34759697,-0.09474953,-0.23502183,-0.15869281,-0.23232442,-0.25084019,-0.06401107,-0.13028973,-0.25806743,0.10957249,-0.27882856,-0.39444223,0.28346324,-0.22271436,5181000.09713619,0.13873917,0.17691755,0.10425626,-0.24042445,0.23097494,0.05048964,0.56003958,0.11163823,0.02801711,0.35910025,-0.08892529,-0.24567366,-0.16841249,-0.23137705,-0.2474294,-0.0579126,-0.13084891,-0.25926992,0.10480125,-0.27100694,-0.39067665,0.28760904,-0.22594556,5182000.09729373,0.13763788,0.17507458,0.10383474,-0.23280068,0.22576247,0.05402515,0.56189156,0.11369901,0.03512894,0.3491407,-0.08451087,-0.23410031,-0.15104505,-0.22693527,-0.24681696,-0.0590297,-0.12248918,-0.25560421,0.10972524,-0.27643284,-0.39053351,0.28072071,-0.23074232,5183000.09715951,0.13542749,0.17793649,0.10479282,-0.24054435,0.22742793,0.05358918,0.56002009,0.11233015,0.02999227,0.35919002,-0.08587795,-0.24107262,-0.15332845,-0.22944173,-0.24840081,-0.05230478,-0.11390366,-0.25437525,0.11069238,-0.28339601,-0.39359328,0.28141522,-0.22861321,5184000.09723695,0.14012067,0.17698209,0.10732474,-0.23853518,0.22619729,0.0513414,0.55987966,0.1133855,0.02855656,0.3537648,-0.08878046,-0.23718166,-0.15382166,-0.23017159,-0.24645393,-0.05594902,-0.12402382,-0.25856748,0.10770743,-0.28380707,-0.39409763,0.28294447,-0.23564339,5185000.09883238,0.14250596,0.17967108,0.10989106,-0.23998927,0.23217544,0.0521725,0.5642727,0.11449396,0.02814385,0.35924253,-0.09086601,-0.23305802,-0.15429053,-0.23440221,-0.24754064,-0.05713007,-0.12607589,-0.25757995,0.10368668,-0.28528839,-0.39423478,0.2862606,-0.22762772,5186000.10219371,0.14300583,0.17940924,0.11111893,-0.24315105,0.23332408,0.0465411,0.55873364,0.11319073,0.02639649,0.35590932,-0.0876727,-0.22875661,-0.153025,-0.2377311,-0.24784325,-0.05173656,-0.126932,-0.25890478,0.11557963,-0.2711291,-0.39541653,0.28844637,-0.23488471,5187000.10312799,0.14683357,0.17816295,0.11657691,-0.24751599,0.2305581,0.0520534,0.55812156,0.11374867,0.02321526,0.35991094,-0.09030381,-0.23996502,-0.15267241,-0.23870394,-0.24676253,-0.05504962,-0.12376969,-0.25877893,0.10804978,-0.27429658,-0.39477339,0.29234627,-0.22980233,5188000.1014728,0.14761442,0.17995356,0.11661571,-0.24591848,0.23149721,0.05248091,0.55867565,0.11102089,0.02049431,0.34877196,-0.09010266,-0.22977412,-0.14913571,-0.23537411,-0.24635707,-0.05394812,-0.12020697,-0.25717831,0.11096654,-0.27270639,-0.39370191,0.29411605,-0.22709572,5189000.10224664,0.14681543,0.18003638,0.11132598,-0.23509149,0.23100983,0.05278618,0.56026667,0.11514889,0.02540598,0.35120291,-0.08477857,-0.23462051,-0.15143725,-0.23364685,-0.24648952,-0.05495899,-0.12012605,-0.25702679,0.11525486,-0.28100303,-0.39339679,0.29801366,-0.22265068,5190000.09866378,0.14320394,0.1762252,0.10512128,-0.22789228,0.2294807,0.0565407,0.56168395,0.1156917,0.03599905,0.3498213,-0.08157113,-0.22928616,-0.1477754,-0.23530844,-0.24352421,-0.04695679,-0.11620436,-0.25538632,0.11374708,-0.27433977,-0.39035156,0.28651327,-0.22659869,5191000.10059714,0.14382564,0.17790686,0.10974635,-0.23309274,0.22902751,0.06103543,0.56246829,0.11745553,0.0350867,0.3545664,-0.08009329,-0.22513995,-0.14411418,-0.23381545,-0.24406779,-0.04526442,-0.11611843,-0.25339037,0.11312292,-0.27842307,-0.39172193,0.28372434,-0.22651763,5192000.1014195,0.14513935,0.17709796,0.11073603,-0.23201592,0.22762011,0.05372321,0.56497794,0.11520605,0.03043664,0.35699275,-0.09099853,-0.2420236,-0.15149696,-0.22971207,-0.24367021,-0.04471216,-0.12677941,-0.25333339,0.11395181,-0.2798039,-0.39161715,0.28810307,-0.23295084,5193000.1001562,0.14147754,0.17591454,0.1107171,-0.23248976,0.22732459,0.05885241,0.56282568,0.11488286,0.03011972,0.35294265,-0.08848223,-0.22838862,-0.15533279,-0.23483898,-0.2453903,-0.04452712,-0.10970207,-0.25420722,0.11128325,-0.27195045,-0.39249143,0.28465012,-0.23582754,5194000.09991353,0.14516209,0.18001321,0.1135698,-0.23661785,0.22607397,0.05490578,0.56115752,0.11618542,0.02857921,0.35315385,-0.08658493,-0.22700912,-0.15007195,-0.23204564,-0.24285769,-0.0468525,-0.12124079,-0.2571992,0.11282129,-0.26816866,-0.39375028,0.29188937,-0.23376088,5195000.10194628,0.14807864,0.18148978,0.11664891,-0.23994224,0.22209816,0.05785317,0.5634917,0.11793798,0.02621483,0.35707638,-0.08946176,-0.22770323,-0.14256963,-0.23379965,-0.2422749,-0.04800385,-0.107693,-0.25222144,0.11710951,-0.26961797,-0.39219597,0.28371468,-0.22940709,5196000.10426658,0.15048702,0.17922737,0.11878349,-0.23717584,0.22486055,0.05335521,0.56333423,0.11383055,0.02465613,0.36223894,-0.08722624,-0.22620426,-0.14344728,-0.23174012,-0.24115185,-0.04400418,-0.10909117,-0.2507427,0.11495475,-0.27534243,-0.39146835,0.28517535,-0.22293516,5197000.10228579,0.14843768,0.17870362,0.11399797,-0.22543208,0.23099267,0.05696791,0.56311977,0.11603983,0.02910356,0.34956011,-0.08092217,-0.22038525,-0.14367752,-0.23231505,-0.23958266,-0.03801276,-0.12185682,-0.25069761,0.11277502,-0.2726922,-0.38855499,0.29005039,-0.22054793,5198000.10044228,0.14339942,0.17676903,0.10761432,-0.21745504,0.23316728,0.0633526,0.56295091,0.11656974,0.04145997,0.36377478,-0.0755763,-0.22110768,-0.14137451,-0.23043534,-0.23779435,-0.040295,-0.11999379,-0.2507149,0.11181735,-0.27494657,-0.3875199,0.28476477,-0.23242769,5199000.10216474,0.14731048,0.17900459,0.11033434,-0.2211304,0.22944476,0.06303636,0.56412596,0.1161824,0.03981172,0.36470729,-0.07645899,-0.21948278,-0.14374305,-0.23094033,-0.2377058,-0.03507762,-0.11193478,-0.25149933,0.1055531,-0.27915993,-0.3893981,0.28521001,-0.22780393,5200000.10147727,0.14679882,0.17732976,0.1111655,-0.22482128,0.23389868,0.06623495,0.56197852,0.11912263,0.03643364,0.36741915,-0.07843379,-0.2194926,-0.14475766,-0.23540904,-0.23662524,-0.0392085,-0.12336206,-0.25316069,0.1068752,-0.28293955,-0.39034244,0.28798863,-0.22828744,5201000.10093474,0.15038379,0.17429794,0.11232796,-0.22182865,0.23205395,0.05912565,0.56491369,0.11876336,0.03406387,0.35830796,-0.08177744,-0.22569387,-0.1416152,-0.23509388,-0.23793006,-0.03445508,-0.11596413,-0.24869221,0.11036754,-0.26950502,-0.39191738,0.28389445,-0.22375056,5202000.10411156,0.1503104,0.17785017,0.11421052,-0.22374578,0.23019241,0.05814599,0.56314653,0.11790434,0.03351087,0.35316238,-0.08461681,-0.22577612,-0.13777213,-0.23316653,-0.23732843,-0.03665885,-0.1192998,-0.24962817,0.1080862,-0.27700803,-0.39051855,0.28404531,-0.2326417,5203000.10414549,0.15536968,0.18137009,0.11610699,-0.23001406,0.22694211,0.06178464,0.56287563,0.11789652,0.03114609,0.35735038,-0.08870695,-0.23713262,-0.13764727,-0.23389366,-0.23765697,-0.03804049,-0.11682276,-0.24855012,0.1091419,-0.27641115,-0.39174199,0.28911966,-0.22322738,5204000.10748971,0.15578742,0.18197362,0.11678691,-0.23261358,0.22765459,0.05925038,0.56526732,0.11630138,0.02839216,0.35796893,-0.08586196,-0.23166898,-0.13886629,-0.23919742,-0.23655005,-0.03747319,-0.12240763,-0.24945644,0.11408462,-0.26513332,-0.3887974,0.28932092,-0.22251908,5205000.10418359,0.15130217,0.17942959,0.11352315,-0.2243951,0.23135789,0.0558977,0.56334698,0.11646371,0.03062893,0.36673135,-0.08022079,-0.2299691,-0.1442657,-0.23374276,-0.23593758,-0.03553604,-0.10202985,-0.24887988,0.11249831,-0.2669571,-0.38847384,0.29118475,-0.21980654,5206000.09870113,0.14797011,0.1761982,0.10725099,-0.20772867,0.22590201,0.06838736,0.56174886,0.11855753,0.04211781,0.35465929,-0.07724575,-0.22693819,-0.13907009,-0.23241484,-0.23557879,-0.03486985,-0.10961808,-0.24904537,0.11140895,-0.2736477,-0.38727307,0.28717631,-0.22596775,5207000.10092463,0.14633293,0.17790686,0.11043254,-0.2109357,0.22635113,0.06496481,0.56522411,0.11817002,0.04005862,0.34681559,-0.07872564,-0.23114866,-0.13129407,-0.23365936,-0.2362957,-0.03600864,-0.11839851,-0.24726212,0.11361915,-0.27473006,-0.39072919,0.2834262,-0.23517941,5208000.10000415,0.1460558,0.17629148,0.1118383,-0.21902944,0.22944476,0.06048954,0.56310529,0.11809622,0.03568235,0.35963666,-0.0863266,-0.2362562,-0.14154923,-0.23224117,-0.23693125,-0.03206764,-0.12260525,-0.24918814,0.10458753,-0.28029114,-0.39243972,0.29119459,-0.22734278,5209000.09856142,0.14934754,0.18011114,0.11018048,-0.22210988,0.23100965,0.06247681,0.56036425,0.12030997,0.03536731,0.35102755,-0.08550061,-0.22604662,-0.13854997,-0.23240662,-0.23604806,-0.03094267,-0.12286461,-0.24985974,0.11261544,-0.27816239,-0.3927123,0.28718752,-0.22124034,5210000.10184856,0.15405968,0.18390138,0.11341728,-0.22394636,0.22973922,0.05966989,0.56120008,0.11602242,0.0335661,0.35125104,-0.08827057,-0.24322905,-0.1372955,-0.23287193,-0.23551784,-0.03472791,-0.11077136,-0.24902809,0.11588477,-0.27512059,-0.39216146,0.28869817,-0.22611211,5211000.10169337,0.15689357,0.18196106,0.11927559,-0.2254611,0.22808599,0.06248566,0.5657441,0.11576618,0.02978921,0.35201785,-0.0911791,-0.22619867,-0.13925329,-0.2335258,-0.23575847,-0.03628526,-0.10240734,-0.25028861,0.10902725,-0.27504045,-0.39207348,0.29185781,-0.23387644,5212000.10520199,0.15376313,0.18398421,0.12083606,-0.22711819,0.22803542,0.0626739,0.56244379,0.11638799,0.02620196,0.3551774,-0.09551644,-0.22855614,-0.14133835,-0.23859884,-0.2342519,-0.03410055,-0.11248893,-0.24529493,0.11120839,-0.27418712,-0.3899419,0.29240286,-0.22007561,5213000.10531706,0.15141541,0.18258856,0.11376779,-0.21956518,0.23127113,0.0638485,0.55948824,0.11513522,0.02919952,0.36371958,-0.0906502,-0.22647344,-0.14511421,-0.23616448,-0.23492265,-0.03463883,-0.11156982,-0.247789,0.11194345,-0.2731747,-0.38863671,0.28985047,-0.22201219,5214000.10232934,0.14904346,0.17724097,0.10692,-0.21161707,0.23341103,0.07094306,0.5612641,0.11786883,0.0408004,0.35776049,-0.08539575,-0.22687764,-0.14280713,-0.23537834,-0.23430145,-0.03340236,-0.12167735,-0.24663933,0.11112767,-0.26896399,-0.38878977,0.28833145,-0.23038471,5215000.10250846,0.15080051,0.17563306,0.10753413,-0.21304888,0.22631432,0.06277145,0.56215364,0.11767085,0.0384819,0.35257447,-0.08959795,-0.22525117,-0.13469043,-0.23065357,-0.23477581,-0.0336362,-0.10670787,-0.24385059,0.11309501,-0.26954418,-0.38996676,0.28620312,-0.23606122,5216000.10063092,0.15034263,0.1817912,0.11014781,-0.22251986,0.22878434,0.06139346,0.56232059,0.11784177,0.0338945,0.35935414,-0.09064221,-0.22900274,-0.13444205,-0.23479556,-0.23385122,-0.0391635,-0.11375655,-0.24563049,0.11049271,-0.2796922,-0.39383706,0.29220361,-0.23852554,5217000.10315238,0.14970244,0.18199384,0.11145528,-0.22356327,0.2346831,0.06014803,0.5633589,0.11759955,0.03316207,0.35078475,-0.09230249,-0.22746509,-0.14139533,-0.23238473,-0.23428558,-0.03797524,-0.12261304,-0.2458934,0.11426851,-0.28191653,-0.39523333,0.28048956,-0.23299086,5218000.10447454,0.15215234,0.18277475,0.11043254,-0.2238408,0.23236683,0.0609807,0.56414753,0.11519819,0.03317513,0.35023019,-0.09140634,-0.2343805,-0.14144208,-0.22971259,-0.23577556,-0.03993235,-0.11007959,-0.24551804,0.11406618,-0.27606758,-0.39522722,0.28563204,-0.23630051,5219000.10255202,0.15504335,0.18204424,0.11408488,-0.22382842,0.2290605,0.06202894,0.56407088,0.11682185,0.02953008,0.35488543,-0.09259076,-0.23701225,-0.13564424,-0.2333122,-0.23428968,-0.03986549,-0.11455631,-0.24595146,0.11288487,-0.27458808,-0.39373311,0.29423079,-0.22455117,5220000.10359243,0.1570161,0.18100482,0.11775342,-0.22586256,0.22640142,0.06228749,0.56368732,0.11485402,0.02756176,0.34948379,-0.09958921,-0.24110653,-0.1401435,-0.23407333,-0.23585422,-0.03740072,-0.11729955,-0.25028265,0.11459689,-0.28070393,-0.39430237,0.29490131,-0.22714733,5221000.10224664,0.14711541,0.17894797,0.10825304,-0.21804291,0.23128839,0.06136381,0.5631609,0.11445559,0.03437825,0.35624015,-0.09304912,-0.23501371,-0.14926536,-0.2345731,-0.23332714,-0.03368548,-0.1224251,-0.24650891,0.10849212,-0.27498651,-0.39257002,0.2907452,-0.22829038,5222000.0961504,0.14650479,0.1762346,0.10623892,-0.21854094,0.23288931,0.06493619,0.5625658,0.11641625,0.04085561,0.36211509,-0.08952159,-0.23993608,-0.14398365,-0.2311126,-0.23315813,-0.03705608,-0.12025126,-0.24590819,0.10937781,-0.28304794,-0.39342993,0.28859499,-0.2228727,5223000.10105188,0.15103425,0.18086717,0.10885905,-0.22325185,0.2287647,0.06278603,0.56219029,0.1161955,0.03624594,0.35807687,-0.09101845,-0.24174422,-0.13916452,-0.23059078,-0.23448978,-0.03522522,-0.11693493,-0.24894609,0.11262359,-0.2849648,-0.39614248,0.28994614,-0.23330224,5224000.10022359,0.14640547,0.18248856,0.10935385,-0.2224066,0.22384751,0.05889889,0.55992645,0.11639763,0.03362182,0.34813055,-0.09430895,-0.23871747,-0.14000525,-0.23136728,-0.23701817,-0.03476994,-0.11826877,-0.24858209,0.11463486,-0.27719724,-0.3958571,0.28473628,-0.23360567,5225000.1013322,0.149525,0.18115626,0.11069408,-0.22463295,0.23156594,0.05818308,0.56337655,0.11623794,0.03236396,0.3537128,-0.09396922,-0.24071009,-0.14225005,-0.23241003,-0.23611909,-0.03809569,-0.12902793,-0.24936168,0.10497796,-0.28339192,-0.39691615,0.28962553,-0.23441087,5226000.10215495,0.15089108,0.17658584,0.11271667,-0.22690386,0.23057285,0.05705936,0.56118286,0.11481555,0.03046256,0.35073337,-0.0967966,-0.2444597,-0.14069735,-0.23071434,-0.23536201,-0.03753658,-0.12674503,-0.2508063,0.10956555,-0.28366488,-0.39683223,0.28694692,-0.23293786,5227000.10340909,0.15272619,0.18297745,0.11495049,-0.23020732,0.22843219,0.0585622,0.56265354,0.11467612,0.02933551,0.34419319,-0.1028268,-0.23413013,-0.14228541,-0.23584813,-0.23470688,-0.03719642,-0.1223626,-0.24506372,0.11150081,-0.28240114,-0.39629614,0.29535031,-0.23547362,5228000.10370385,0.1494326,0.18323341,0.11165499,-0.2238728,0.22850333,0.05647413,0.56341743,0.11605793,0.03143199,0.35117203,-0.09633973,-0.23886545,-0.14064154,-0.23688075,-0.23530787,-0.03950538,-0.12559667,-0.24290487,0.10885928,-0.28664678,-0.39537036,0.2910789,-0.22700675,5229000.10153078,0.14715801,0.1739835,0.10337618,-0.21603417,0.22471517,0.07073053,0.55961478,0.11763885,0.04259213,0.34576002,-0.08885779,-0.24231344,-0.13644809,-0.23264061,-0.23440742,-0.04045248,-0.12279403,-0.24290879,0.10450637,-0.28117019,-0.39613608,0.28454283,-0.23756336,5230000.10255659,0.14743279,0.17803374,0.10830633,-0.2209997,0.22660388,0.06829616,0.56310797,0.11905377,0.03986584,0.34846899,-0.0933471,-0.23318,-0.14340717,-0.22585401,-0.23599155,-0.0359841,-0.13455439,-0.24587514,0.11037545,-0.29006666,-0.39905867,0.2825729,-0.24204573,5231000.10213513,0.14429972,0.17974247,0.10701625,-0.22343765,0.225648,0.06246604,0.56402761,0.11707188,0.03476195,0.3465462,-0.09533599,-0.23252894,-0.14484398,-0.23168786,-0.23752882,-0.03782336,-0.12696069,-0.2510075,0.11191634,-0.28988853,-0.40226659,0.28376994,-0.24249263,5232000.09856142,0.14469063,0.17876065,0.10723997,-0.22816826,0.22825493,0.06102195,0.56343704,0.1147766,0.03361953,0.34212795,-0.09462187,-0.24313936,-0.14493303,-0.23147124,-0.23763777,-0.03983521,-0.12397253,-0.24882844,0.10298306,-0.29056284,-0.40409425,0.28511789,-0.24865983,5233000.09972738,0.14582066,0.17980148,0.11215607,-0.23162049,0.22662267,0.0575561,0.56437331,0.11623778,0.03137179,0.34244859,-0.10144977,-0.24315,-0.14480081,-0.23339389,-0.24003413,-0.04225303,-0.1325063,-0.2514739,0.10655645,-0.29260278,-0.40459225,0.28324327,-0.24731222,5234000.09859492,0.1464718,0.17910703,0.11180115,-0.23372716,0.2301691,0.05801154,0.56377745,0.11869386,0.02965999,0.34422341,-0.1029758,-0.24193734,-0.14316118,-0.2294583,-0.23875014,-0.04045353,-0.12585369,-0.25099605,0.10943262,-0.29485816,-0.40522069,0.2842437,-0.2427495,5235000.09780674,0.14621595,0.17838161,0.11213313,-0.22774884,0.22861955,0.05623629,0.56283903,0.11450037,0.02940423,0.34540755,-0.10494293,-0.24220991,-0.14889576,-0.23354784,-0.24084365,-0.04356167,-0.12750089,-0.25426623,0.1107068,-0.29671472,-0.40489188,0.28557187,-0.23848288,5236000.09628611,0.14169361,0.17453533,0.10513303,-0.22209425,0.22327164,0.06351468,0.55948865,0.11585522,0.04010982,0.34029135,-0.10139488,-0.2499907,-0.15016305,-0.23275605,-0.23829323,-0.04132256,-0.1135088,-0.25524953,0.10484384,-0.2904135,-0.40271997,0.28101179,-0.24114634,5237000.09525535,0.13883081,0.17381625,0.10221972,-0.22093587,0.22697936,0.06235044,0.56077445,0.11711457,0.04060651,0.35161898,-0.09790086,-0.25221905,-0.14280035,-0.22853646,-0.23843455,-0.04007518,-0.12010617,-0.25355625,0.10084286,-0.29752967,-0.4083091,0.28352088,-0.24142621,5238000.09630876,0.13470545,0.1775485,0.10443596,-0.23042911,0.2282667,0.05976226,0.56129408,0.11477502,0.03480713,0.3447499,-0.10257567,-0.24679773,-0.15139562,-0.23103611,-0.24027342,-0.04672412,-0.1223492,-0.25578484,0.10657407,-0.29529089,-0.41182765,0.27341098,-0.24337198,5239000.09760735,0.1390034,0.1797784,0.10408515,-0.23367135,0.22677056,0.05966114,0.56726182,0.11285521,0.03365047,0.33475769,-0.10664914,-0.2476393,-0.15509579,-0.23256615,-0.24126653,-0.04771505,-0.13791437,-0.25404254,0.10838576,-0.29785261,-0.41213614,0.28016716,-0.25126386,5240000.09703054,0.13885316,0.17448138,0.10512194,-0.23410237,0.22273248,0.05259869,0.5633015,0.11331093,0.03118671,0.34169006,-0.1113006,-0.26049909,-0.15576254,-0.23461947,-0.24548489,-0.05595025,-0.14379081,-0.25685251,0.10325672,-0.30138144,-0.41517603,0.27899617,-0.25078216,5241000.09782945,0.13926409,0.17679478,0.10724392,-0.23740777,0.22985114,0.05420123,0.56637269,0.11414864,0.02883967,0.3493495,-0.11340843,-0.25009492,-0.15894683,-0.23131399,-0.24382496,-0.05788589,-0.1283706,-0.25780454,0.09692251,-0.30890226,-0.41452539,0.27768546,-0.25433305,5242000.09968332,0.14129518,0.17659304,0.10979737,-0.24123189,0.22685337,0.05444856,0.56272501,0.11459228,0.02622169,0.34681463,-0.11259655,-0.25882456,-0.15630166,-0.23334935,-0.24591751,-0.05901441,-0.14160834,-0.25938678,0.10343128,-0.3054857,-0.41408288,0.28459084,-0.24939305,5243000.09584324,0.13426799,0.17644806,0.10473707,-0.23651385,0.22677469,0.0536609,0.56200087,0.11326978,0.03193657,0.34430778,-0.11388084,-0.26281977,-0.16445071,-0.23039776,-0.244855,-0.0573331,-0.1314142,-0.26020208,0.10707222,-0.30412921,-0.41168195,0.28336176,-0.2457277,5244000.0924402,0.13129883,0.17153226,0.09780766,-0.23034328,0.2230821,0.05997764,0.56612408,0.11342048,0.03828821,0.34148285,-0.11449017,-0.25466496,-0.16612233,-0.22788328,-0.24507239,-0.05743092,-0.13958673,-0.26020005,0.09879983,-0.30391258,-0.41462606,0.27094516,-0.25260016,5245000.09708624,0.13090092,0.17381524,0.1010059,-0.23783191,0.22531243,0.05348962,0.5657835,0.11226161,0.03300384,0.33583456,-0.11602083,-0.25472024,-0.16455019,-0.23280711,-0.24843666,-0.06205259,-0.12860928,-0.25861701,0.10022517,-0.31822747,-0.42032781,0.26975134,-0.26207015,5246000.09512219,0.13491824,0.17604423,0.102234,-0.238381,0.22411321,0.05093594,0.56689751,0.11036029,0.02923736,0.34091961,-0.11659876,-0.25742689,-0.17319202,-0.23200178,-0.25041133,-0.06662823,-0.13549311,-0.26450202,0.09748996,-0.31326213,-0.42289591,0.27911648,-0.26130891,5247000.09590983,0.13394278,0.17355449,0.10146847,-0.24366143,0.22171669,0.04684586,0.56557465,0.10877384,0.02865636,0.33520064,-0.12353901,-0.25924358,-0.16780393,-0.23415224,-0.25323671,-0.0663712,-0.14102159,-0.26601014,0.0976935,-0.31609279,-0.42426085,0.27695453,-0.26345903,5248000.09850664,0.13587433,0.17584166,0.10319188,-0.24917538,0.22395822,0.04709733,0.56095481,0.10831241,0.02661325,0.33983657,-0.12535517,-0.26808277,-0.17028573,-0.23026818,-0.25254062,-0.06526588,-0.14258416,-0.2621268,0.10114747,-0.31694499,-0.42526418,0.27768672,-0.26352593,5249000.09931629,0.13581942,0.17876706,0.10676671,-0.24980064,0.22397825,0.04561691,0.565705,0.1103301,0.02217686,0.33845979,-0.12797734,-0.26900384,-0.17761357,-0.23139924,-0.25483954,-0.06800213,-0.14992797,-0.26841122,0.09900863,-0.31778678,-0.4234601,0.27968132,-0.26060182,5250000.09868307,0.13193786,0.18027322,0.1075642,-0.2523948,0.22603235,0.04859686,0.56264943,0.10991704,0.0220538,0.33194947,-0.12711579,-0.26713234,-0.17782579,-0.23707056,-0.25428373,-0.07372995,-0.14871785,-0.2658447,0.10160808,-0.31552109,-0.42194322,0.27879709,-0.25539678,5251000.09608685,0.12482776,0.17514697,0.09771299,-0.24293637,0.22482404,0.05003452,0.5625214,0.10892389,0.03058708,0.33173713,-0.12069342,-0.26306051,-0.17456251,-0.23426694,-0.25187859,-0.07339449,-0.14130257,-0.26362485,0.10646527,-0.31605223,-0.41896927,0.27775165,-0.26309326,5252000.09403612,0.1310548,0.17801394,0.09678522,-0.23976284,0.22413926,0.05494528,0.56255466,0.10983928,0.03347805,0.34286195,-0.12019592,-0.2708711,-0.17096019,-0.22921079,-0.25490198,-0.07615486,-0.14477672,-0.26690176,0.10140838,-0.32139894,-0.42224288,0.27804181,-0.26420024,5253000.09599843,0.12896359,0.1744224,0.09898182,-0.24824938,0.22378948,0.04883606,0.56271309,0.11009476,0.02844537,0.34325847,-0.12872767,-0.26839572,-0.17392044,-0.23023835,-0.25865,-0.07702858,-0.14708436,-0.26605368,0.09644953,-0.32568389,-0.42587116,0.27965701,-0.26292032,5254000.09557711,0.12797651,0.17277458,0.09856796,-0.25175121,0.21871831,0.05051411,0.5666455,0.10890366,0.02784659,0.33135834,-0.12396815,-0.27597612,-0.17458047,-0.23090532,-0.2593478,-0.07941245,-0.16183449,-0.2716653,0.09758025,-0.32694051,-0.42807603,0.27920189,-0.26557481,5255000.09441297,0.12499294,0.1757548,0.09753245,-0.25070855,0.21930222,0.04428939,0.56236887,0.10943562,0.02637032,0.33034983,-0.12986889,-0.28003758,-0.18470369,-0.23373491,-0.26005423,-0.07897308,-0.1512243,-0.27260199,0.10018122,-0.32907993,-0.42771947,0.27955151,-0.26610017,5256000.0937037,0.12738687,0.17277458,0.1009592,-0.25803074,0.21785611,0.04304685,0.5610218,0.10878992,0.02402251,0.3430711,-0.13466258,-0.26747248,-0.18411312,-0.23710543,-0.26139361,-0.07335749,-0.15897667,-0.27032474,0.09816151,-0.32067356,-0.42710742,0.27346158,-0.26837119,5257000.0955328,0.13144062,0.17873721,0.10580879,-0.26061031,0.21923533,0.04359348,0.56503958,0.10770772,0.02157407,0.32656503,-0.13331912,-0.26928544,-0.18309668,-0.24139485,-0.26001981,-0.08207274,-0.14396632,-0.27261755,0.10248997,-0.31973734,-0.42400327,0.26966661,-0.25952947,5258000.09544382,0.12900476,0.17526251,0.1023632,-0.25837946,0.22560538,0.04749193,0.56084728,0.10634482,0.02203503,0.32973379,-0.13094579,-0.28230083,-0.18751979,-0.23726046,-0.26085708,-0.0821824,-0.15779532,-0.27150583,0.09977485,-0.32191166,-0.42185369,0.27798718,-0.26132208,5259000.09250735,0.12258331,0.1687596,0.09330369,-0.25298101,0.21616115,0.04698573,0.56166637,0.10605123,0.03233649,0.33117434,-0.12669098,-0.2726666,-0.18806151,-0.2364331,-0.25959158,-0.08060351,-0.15993319,-0.26956016,0.09468708,-0.3194024,-0.42243013,0.27556711,-0.26379162,5260000.09497833,0.12437322,0.17190753,0.09611517,-0.2553761,0.21858956,0.04849432,0.5666734,0.10801852,0.03074633,0.33406082,-0.12665711,-0.27028266,-0.1804636,-0.23770627,-0.26083353,-0.08163973,-0.1510319,-0.27081883,0.09461976,-0.33383709,-0.42580658,0.27135691,-0.26269004,5261000.09572133,0.12312214,0.17355564,0.0972615,-0.25591934,0.21855618,0.04627347,0.5663051,0.10744689,0.02592621,0.34047699,-0.12857404,-0.28310668,-0.18487026,-0.23811363,-0.26289821,-0.08428436,-0.14340487,-0.27117154,0.09353489,-0.32983452,-0.42740154,0.26337349,-0.26896608,5262000.09392466,0.12586327,0.17167647,0.09826551,-0.25668752,0.21942315,0.04375017,0.56855762,0.10583022,0.02609716,0.33687708,-0.12913647,-0.29010066,-0.19054316,-0.23568051,-0.26406342,-0.08841687,-0.15216964,-0.27365661,0.09749123,-0.32835254,-0.42515376,0.26597095,-0.26877525,5263000.09515576,0.12536488,0.17335373,0.10062481,-0.26118383,0.22058645,0.04358231,0.56954521,0.10728917,0.02381683,0.33369726,-0.13192736,-0.28607303,-0.19864626,-0.23990616,-0.26497206,-0.08928819,-0.14787389,-0.27160892,0.09488732,-0.33769175,-0.424759,0.27316132,-0.2659176,5264000.09325992,0.12457073,0.17355613,0.10186861,-0.2654362,0.22084893,0.04141686,0.56947297,0.10553861,0.02273946,0.32512483,-0.13310663,-0.27898151,-0.19328241,-0.24042712,-0.26527011,-0.09267747,-0.15824722,-0.27592263,0.09400015,-0.32679209,-0.42517608,0.26864326,-0.26646644,5265000.09401367,0.13027422,0.1783884,0.10572838,-0.26389381,0.22096348,0.04113927,0.56846362,0.10623299,0.02009006,0.3291578,-0.13239805,-0.28105882,-0.18606824,-0.23719062,-0.26501462,-0.09073254,-0.17618793,-0.27366307,0.09901943,-0.31283382,-0.42243588,0.27404165,-0.26616034,5266000.09318302,0.12430265,0.17037851,0.09610789,-0.25552762,0.21935712,0.04209932,0.56475568,0.10479946,0.02512733,0.33367646,-0.12854677,-0.27802482,-0.19256005,-0.2386968,-0.26546016,-0.09100367,-0.16122507,-0.27111098,0.09993526,-0.3252182,-0.41785663,0.27240628,-0.26228848,5267000.09020425,0.1193928,0.1698865,0.09295685,-0.24779214,0.21744306,0.04383331,0.56505615,0.10630558,0.03346943,0.34140229,-0.12186832,-0.27152336,-0.18852228,-0.239107,-0.26323017,-0.09008244,-0.15946972,-0.27368951,0.10043334,-0.3297165,-0.41988078,0.27072841,-0.26905337,5268000.09484524,0.12356389,0.17407656,0.09501787,-0.25616485,0.21985282,0.04294809,0.57114166,0.10430656,0.03031446,0.34137332,-0.12925963,-0.27717081,-0.19504516,-0.2392417,-0.26504207,-0.09213542,-0.15685597,-0.27125692,0.09114116,-0.33412567,-0.42346069,0.27181253,-0.27239457,5269000.09470114,0.12300358,0.17361391,0.09697627,-0.25916669,0.21685654,0.04207107,0.57376045,0.10524334,0.02708056,0.33835801,-0.13290958,-0.28558558,-0.19388336,-0.23675886,-0.26773915,-0.09592068,-0.15625636,-0.27329621,0.09721901,-0.33230034,-0.42317736,0.26689735,-0.271559,5270000.09112209,0.12241808,0.17234199,0.09931955,-0.25866392,0.21875174,0.04040817,0.5726124,0.1046882,0.0258957,0.33271894,-0.13207759,-0.2849637,-0.19576885,-0.23658229,-0.26700515,-0.09402331,-0.17395012,-0.27406895,0.10215186,-0.32732275,-0.42272335,0.26800826,-0.26323485,5271000.09210808,0.12452041,0.17725912,0.10215584,-0.26362997,0.22194552,0.04179361,0.57359666,0.10394053,0.02314043,0.33483467,-0.13153324,-0.27827758,-0.19684651,-0.23943876,-0.27125102,-0.09518664,-0.17541061,-0.27338701,0.09479369,-0.33336043,-0.42221531,0.27002916,-0.26284623,5272000.09406934,0.12734504,0.17873415,0.10108808,-0.26433167,0.21913496,0.04047683,0.57303751,0.10487954,0.02026221,0.32504842,-0.13344052,-0.28559294,-0.19731022,-0.24072704,-0.27063209,-0.09747422,-0.17200418,-0.27582321,0.0922618,-0.33108792,-0.41882658,0.27984202,-0.25933492,5273000.0950116,0.13012236,0.17754652,0.10395727,-0.26594335,0.22395569,0.03889098,0.57081914,0.10435726,0.01819046,0.32689586,-0.13346334,-0.28138912,-0.19780388,-0.23876467,-0.27065429,-0.09898307,-0.16568768,-0.27748811,0.0934002,-0.32753637,-0.41709152,0.27295107,-0.25896788,5274000.09262928,0.12589876,0.17416109,0.0974438,-0.2569412,0.22451802,0.04393657,0.56814754,0.10272446,0.02306586,0.33713424,-0.13152175,-0.28055295,-0.19473794,-0.23931099,-0.26904339,-0.09826195,-0.17125537,-0.27524385,0.09613394,-0.32062155,-0.41398343,0.27285919,-0.26015115,5275000.09340449,0.11944823,0.16850296,0.0931163,-0.25082859,0.21718846,0.04569133,0.57396084,0.10366023,0.03189001,0.33364183,-0.12190979,-0.28178474,-0.19758175,-0.23706354,-0.2694684,-0.09680577,-0.16883692,-0.27425799,0.09613291,-0.32514384,-0.41385415,0.27003488,-0.26134613,5276000.09272881,0.11883455,0.1747418,0.09767763,-0.26097706,0.21898057,0.04290666,0.57325953,0.10647649,0.02950588,0.33670118,-0.12628087,-0.27942765,-0.19852413,-0.23790367,-0.27102375,-0.09285636,-0.16368987,-0.27512833,0.08976491,-0.33095825,-0.41596791,0.27271274,-0.26573002,5277000.0938365,0.11991221,0.17346941,0.09864985,-0.26168522,0.22113162,0.04316272,0.57813644,0.10341227,0.02546128,0.33590174,-0.12739205,-0.27450728,-0.20402355,-0.23244521,-0.26991439,-0.10091725,-0.1607946,-0.27699986,0.09432339,-0.32714635,-0.41700447,0.26667207,-0.26117525,5278000.09435741,0.12362152,0.17052229,0.09837897,-0.26136312,0.22318344,0.03905955,0.57616246,0.10305614,0.02449095,0.33282611,-0.13253491,-0.27359101,-0.20175102,-0.23899917,-0.2706739,-0.09676982,-0.1640835,-0.27367553,0.09109569,-0.32522908,-0.41576797,0.27373227,-0.25274131,5279000.09351461,0.12578738,0.175724,0.10153405,-0.2653383,0.21978037,0.04178197,0.57793272,0.10138697,0.02173577,0.33718812,-0.1338371,-0.28016746,-0.1985638,-0.24214981,-0.27192652,-0.09751166,-0.17377211,-0.27470508,0.10215379,-0.32644883,-0.41558561,0.27006179,-0.25769415,5280000.09382521,0.12873691,0.17876065,0.10652655,-0.27086753,0.21927631,0.03742491,0.57982111,0.10219668,0.01904756,0.33564779,-0.13424562,-0.28590617,-0.20242728,-0.24536398,-0.27301273,-0.0996497,-0.17641029,-0.27991781,0.10219973,-0.32714164,-0.41275638,0.26995808,-0.26317692,5281000.09779602,0.12881613,0.1796854,0.10690833,-0.27220148,0.21846357,0.03575885,0.57689565,0.10252824,0.01654086,0.33549398,-0.13692257,-0.27512246,-0.19874482,-0.24621935,-0.27306494,-0.09927166,-0.16316706,-0.27850351,0.09955963,-0.3229439,-0.41043955,0.27609548,-0.25624511,5282000.09951548,0.12581857,0.18104498,0.10647434,-0.2677708,0.2221719,0.03483658,0.57455337,0.1039461,0.01765022,0.34208593,-0.13083993,-0.27183571,-0.19411774,-0.24188921,-0.27276841,-0.09480641,-0.155155,-0.27725267,0.10140654,-0.32658368,-0.40823546,0.27483779,-0.25128669,5283000.09864709,0.12535086,0.17346789,0.09878029,-0.25562027,0.22118883,0.04795866,0.57311434,0.10405702,0.02911001,0.33918044,-0.12447466,-0.27349466,-0.19682907,-0.24170744,-0.26878053,-0.0937985,-0.1651082,-0.2727052,0.10549586,-0.31829375,-0.40413451,0.26932284,-0.25286078,5284000.09837068,0.1272212,0.17711216,0.09642272,-0.25687635,0.22517771,0.04403402,0.57777685,0.10483918,0.03039489,0.34270379,-0.12507138,-0.27103162,-0.19428472,-0.24343982,-0.27016613,-0.09097601,-0.1572537,-0.27250633,0.09704313,-0.31950399,-0.40598693,0.26994565,-0.25560611,5285000.09716177,0.12725925,0.17586894,0.09877782,-0.26217723,0.22194394,0.04290732,0.58015281,0.10583606,0.02725887,0.34252602,-0.12353117,-0.26392323,-0.19450063,-0.23718391,-0.27048671,-0.09217536,-0.15985914,-0.26806068,0.10058364,-0.32175586,-0.40745261,0.26722527,-0.24987569,5286000.09579822,0.12734737,0.17771979,0.0988906,-0.26511735,0.22312152,0.04453352,0.57983112,0.1056231,0.02454636,0.34000057,-0.12327828,-0.26515079,-0.19105186,-0.2404438,-0.27050823,-0.09491835,-0.16388382,-0.26931429,0.0984185,-0.33035481,-0.40812379,0.2728709,-0.2561225,5287000.09584235,0.12703666,0.17925248,0.10070634,-0.26186872,0.22112446,0.04368638,0.58144552,0.1034817,0.0240131,0.33995795,-0.12433309,-0.27610591,-0.1926657,-0.24004808,-0.27324769,-0.09166931,-0.16011468,-0.27133575,0.10464036,-0.32608855,-0.40765196,0.27969164,-0.25868806,5288000.10103221,0.12959775,0.17913274,0.10470621,-0.26998958,0.22263685,0.04204749,0.57982033,0.10549878,0.0213733,0.34482041,-0.125525,-0.27475137,-0.19684573,-0.24408391,-0.2703965,-0.08826399,-0.15868565,-0.2715393,0.09806799,-0.32201126,-0.40636483,0.2714327,-0.25029123,5289000.101366,0.12835798,0.17840923,0.10591726,-0.26941627,0.22465414,0.04242614,0.57668364,0.10527678,0.01980275,0.34544203,-0.12136073,-0.27653632,-0.1895584,-0.24301505,-0.27121297,-0.08613112,-0.15738277,-0.27115938,0.10433724,-0.32494387,-0.40391958,0.27507949,-0.247227,5290000.10103221,0.12618628,0.17895551,0.10616887,-0.26784939,0.22192968,0.03933208,0.57665855,0.10323748,0.01812832,0.34182933,-0.12288139,-0.27563837,-0.18312719,-0.24311651,-0.26886702,-0.08719509,-0.16863696,-0.27269191,0.10410799,-0.32037941,-0.40202704,0.2767525,-0.24840052,5291000.09704851,0.12545712,0.17655265,0.09917866,-0.25273165,0.22218126,0.04169401,0.57617503,0.10295284,0.02833958,0.34013098,-0.11546296,-0.26765171,-0.1885982,-0.23991804,-0.26523873,-0.08423228,-0.14705549,-0.26707697,0.10660491,-0.31125575,-0.39821836,0.27909666,-0.2412931,5292000.09564177,0.12977922,0.17681755,0.09967178,-0.25210464,0.22679707,0.0482393,0.57692158,0.10580326,0.03341546,0.34249339,-0.11090643,-0.24879815,-0.18600546,-0.24204288,-0.2659899,-0.07968519,-0.15327448,-0.26797518,0.10539938,-0.31838802,-0.39813647,0.27379581,-0.23717959,5293000.09891317,0.13228665,0.17416109,0.10293689,-0.25656879,0.22569716,0.0466085,0.57933795,0.10608471,0.02883708,0.35230857,-0.1102792,-0.25833586,-0.18153839,-0.24348719,-0.26737902,-0.0800479,-0.1589089,-0.26864779,0.09789464,-0.32452121,-0.40063623,0.2667748,-0.23860155,5294000.09826994,0.1268321,0.17548795,0.10341472,-0.25893402,0.22305378,0.04203968,0.57930642,0.10463398,0.0271831,0.35244289,-0.1110315,-0.26544958,-0.18151745,-0.23986159,-0.26557738,-0.07811885,-0.14800665,-0.26325721,0.09981033,-0.31417707,-0.40117115,0.27339575,-0.24778786,5295000.09910178,0.13089438,0.17329317,0.10580548,-0.25700992,0.22423702,0.03878972,0.58265054,0.10579883,0.02652738,0.3440648,-0.11203859,-0.26194268,-0.17862193,-0.24228141,-0.26749316,-0.07765308,-0.14379209,-0.26449919,0.10293891,-0.31022611,-0.40070155,0.27029943,-0.24337083,5296000.09826994,0.13040926,0.17901236,0.10899577,-0.25983056,0.22182284,0.04072169,0.58101732,0.10760511,0.02502036,0.34607059,-0.11068425,-0.25946864,-0.18197614,-0.24053772,-0.26541862,-0.07552761,-0.14173198,-0.26598278,0.10212091,-0.30720419,-0.39818904,0.27478793,-0.24702848,5297000.10027742,0.13374937,0.18419054,0.11198261,-0.26051536,0.21861167,0.04245128,0.57799768,0.10528573,0.02179578,0.34545374,-0.11087966,-0.25517499,-0.17444943,-0.24437624,-0.26544341,-0.0722006,-0.14729705,-0.26537529,0.10307547,-0.3112213,-0.39836091,0.27637738,-0.23908326,5298000.10409673,0.13304988,0.18297087,0.11229666,-0.26171431,0.22066575,0.04460581,0.57693928,0.10618073,0.02065723,0.34887496,-0.11060783,-0.25856805,-0.17556636,-0.24596146,-0.26506385,-0.07485737,-0.14854272,-0.26851192,0.11122172,-0.30669323,-0.39546496,0.27672413,-0.23695564,5299000.10106161,0.1316639,0.17683406,0.10271068,-0.24985124,0.22711407,0.04512482,0.5742811,0.1081828,0.03163144,0.34590572,-0.10282865,-0.25255704,-0.16988946,-0.23617594,-0.26085132,-0.07235793,-0.13402653,-0.26239789,0.10341027,-0.29455149,-0.39127904,0.2765024,-0.23316103,5300000.0981019,0.13095227,0.1739835,0.10070658,-0.24407288,0.22637984,0.05124674,0.57949871,0.1093028,0.03740844,0.34670025,-0.09936403,-0.2390651,-0.16785084,-0.23718147,-0.25955772,-0.06597689,-0.13535742,-0.25886536,0.09949398,-0.29795611,-0.3939957,0.27328092,-0.24132182,5301000.10165612,0.13109398,0.17829327,0.1041166,-0.25320289,0.22447956,0.04815169,0.57893682,0.11010757,0.03374603,0.3553696,-0.09627482,-0.24536964,-0.17101531,-0.23679382,-0.26065567,-0.06481718,-0.13102014,-0.26379818,0.11169469,-0.31102079,-0.39538282,0.27986637,-0.2391869,5302000.09844819,0.12485065,0.1760931,0.10638134,-0.2486736,0.22315538,0.0448941,0.57826215,0.10998642,0.03201998,0.3527295,-0.09449365,-0.25200915,-0.16529292,-0.24150108,-0.26088327,-0.0624135,-0.13746308,-0.26247057,0.10404413,-0.30689535,-0.39603502,0.27868971,-0.23884153,5303000.0983371,0.13231115,0.17745408,0.10743364,-0.25105393,0.22432429,0.04580356,0.5786795,0.11136363,0.03084796,0.3629351,-0.09747653,-0.23987076,-0.16718294,-0.2384091,-0.26212418,-0.06225682,-0.13290946,-0.26248068,0.10065741,-0.3105475,-0.3959443,0.28081706,-0.23387343,5304000.09783846,0.13613079,0.17904417,0.11128077,-0.25145423,0.22670241,0.05326051,0.58119249,0.10904839,0.02882589,0.36145219,-0.10296073,-0.24290776,-0.16556147,-0.24081187,-0.2611118,-0.06198385,-0.13129728,-0.26066321,0.1084558,-0.3017436,-0.39682508,0.27980518,-0.2345705,5305000.10290052,0.1326309,0.18123713,0.11382113,-0.2554045,0.21876614,0.04871891,0.5786044,0.11034967,0.02748234,0.35813233,-0.09873684,-0.24372005,-0.16103588,-0.23875672,-0.25942078,-0.05949801,-0.13567778,-0.26157695,0.10412332,-0.30124995,-0.39525396,0.28570026,-0.24061562,5306000.10147727,0.13614167,0.17666849,0.11525285,-0.25586084,0.22144535,0.04855924,0.57739657,0.11051928,0.02574157,0.35286194,-0.09418425,-0.24425618,-0.15642004,-0.23616245,-0.257487,-0.05668861,-0.14150152,-0.26226267,0.10878594,-0.29417911,-0.39417019,0.28585035,-0.245425,5307000.10188408,0.13631916,0.1817852,0.10563964,-0.24352664,0.23133919,0.04551715,0.57587022,0.10999856,0.03175653,0.35147101,-0.0855059,-0.23728047,-0.16145465,-0.23971704,-0.25727865,-0.0573318,-0.15097381,-0.26065317,0.1079722,-0.29537281,-0.39219075,0.28682196,-0.24025713,5308000.09828021,0.13679208,0.1750527,0.10268111,-0.235881,0.22562899,0.05105655,0.5778603,0.11151197,0.04217108,0.36098051,-0.08381519,-0.23076043,-0.1486042,-0.23177786,-0.25521725,-0.05269498,-0.13013758,-0.26211202,0.10585684,-0.30375934,-0.39143276,0.28333095,-0.23376398,5309000.09930354,0.13773684,0.17895971,0.10617449,-0.23931369,0.22735859,0.05452255,0.58004618,0.11215225,0.03765576,0.35876697,-0.08130303,-0.23357715,-0.15490161,-0.23615801,-0.25660264,-0.0522595,-0.14068636,-0.25642669,0.10738585,-0.29951686,-0.39302039,0.28595904,-0.24151349,5310000.09990329,0.13573971,0.1796813,0.10738626,-0.24399662,0.22819835,0.05318674,0.58047909,0.10919193,0.03523128,0.35526738,-0.0832388,-0.2305821,-0.15923391,-0.23479277,-0.25622261,-0.05367006,-0.13417305,-0.25927672,0.10719109,-0.29703575,-0.39549732,0.28376058,-0.23242059,5311000.097285,0.13746138,0.18069656,0.10703546,-0.24190955,0.22920871,0.04697044,0.581056,0.11051971,0.03423589,0.35984883,-0.08974563,-0.23713337,-0.15760842,-0.23597862,-0.25529039,-0.05061173,-0.12016667,-0.25939685,0.11209796,-0.30264464,-0.39614466,0.27948305,-0.24133183,5312000.09922601,0.13802087,0.18008864,0.11121904,-0.24947815,0.23199743,0.04937365,0.58003789,0.10996737,0.03243691,0.36243582,-0.08236118,-0.2383662,-0.15492328,-0.23505248,-0.25621557,-0.04483375,-0.12527071,-0.26280099,0.11367743,-0.30534244,-0.39362341,0.28668267,-0.2363876,5313000.1030119,0.14002496,0.18642928,0.11289455,-0.24944332,0.23367065,0.04960026,0.57897484,0.11126617,0.03115204,0.35810101,-0.08345992,-0.22945547,-0.14723553,-0.23563933,-0.25503269,-0.04507148,-0.13180916,-0.26372296,0.10712785,-0.30021006,-0.39289764,0.2895225,-0.23075706,5314000.10396618,0.14070821,0.18300731,0.11492095,-0.24814776,0.23574635,0.04976445,0.58071983,0.11092413,0.02806875,0.35548818,-0.08404928,-0.23634113,-0.14629875,-0.23468246,-0.25419974,-0.04713235,-0.13710836,-0.25631815,0.1083667,-0.29059455,-0.39293987,0.28570166,-0.23204161,5315000.10277473,0.1443011,0.18346934,0.1130775,-0.24310519,0.23668805,0.046631,0.57623547,0.11330884,0.03072505,0.35921928,-0.07640398,-0.23344603,-0.14949796,-0.2335709,-0.25317043,-0.04482231,-0.12072066,-0.26015255,0.11682387,-0.29790953,-0.39014539,0.28265211,-0.23445292,5316000.09869096,0.13682804,0.17684522,0.10564447,-0.23189327,0.23161733,0.05267049,0.57893527,0.11322125,0.04164509,0.3612195,-0.06944628,-0.22598058,-0.14571324,-0.23380683,-0.24886824,-0.04418573,-0.12242631,-0.25887418,0.11015172,-0.29852632,-0.38995376,0.28133333,-0.23520024,5317000.1005134,0.13617657,0.17745578,0.108344,-0.23699287,0.22992295,0.05486384,0.58533764,0.11530858,0.04101053,0.36102176,-0.07080248,-0.22882749,-0.14230436,-0.23192455,-0.25248668,-0.0424306,-0.12931895,-0.25891405,0.10920159,-0.29859516,-0.39164636,0.28282386,-0.22467978,5318000.10024711,0.1385847,0.17786229,0.11232274,-0.23911655,0.23164822,0.05174796,0.58079779,0.11701629,0.03721868,0.35960349,-0.0688033,-0.22686568,-0.14412282,-0.22914587,-0.25283691,-0.0413644,-0.13349956,-0.2591683,0.10842796,-0.29956415,-0.39341584,0.28486189,-0.22781484,5319000.10084709,0.14028837,0.1800907,0.1122756,-0.23792589,0.23253749,0.05050821,0.57758635,0.11534358,0.03702103,0.35821486,-0.06730362,-0.22873537,-0.14330487,-0.23359366,-0.25240901,-0.04103762,-0.11618575,-0.26047376,0.10898931,-0.30238986,-0.39495793,0.28117785,-0.2357405,5320000.09977885,0.14219221,0.18113153,0.11299242,-0.23624662,0.2352922,0.04929538,0.57711667,0.11600579,0.03516904,0.35440335,-0.06715026,-0.21475016,-0.1422627,-0.23234056,-0.25087622,-0.04121493,-0.11989677,-0.26055744,0.11120906,-0.29628581,-0.39486501,0.2811015,-0.23659663,5321000.10514347,0.14073472,0.18063733,0.11415802,-0.23806526,0.23396714,0.04761175,0.57570988,0.11366811,0.03426106,0.34898299,-0.066791,-0.2176965,-0.14393787,-0.23091698,-0.25010985,-0.04177683,-0.13005385,-0.26144931,0.11448383,-0.30385649,-0.39482683,0.28628185,-0.23606075,5322000.10322022,0.14659272,0.18431363,0.1154967,-0.24230449,0.2341249,0.0499214,0.57745832,0.11243933,0.03019152,0.3611863,-0.0671197,-0.2290974,-0.1375927,-0.22935417,-0.25060919,-0.03836104,-0.1169742,-0.25678608,0.11786919,-0.29943472,-0.39284277,0.28803408,-0.23701243,5323000.09967776,0.14454676,0.17718889,0.11073095,-0.23371172,0.23349829,0.05714032,0.57370955,0.11514081,0.03715958,0.36379012,-0.06159515,-0.22708316,-0.14316432,-0.22923584,-0.2507464,-0.04062954,-0.11724288,-0.25558987,0.11605029,-0.29407775,-0.39072788,0.28366685,-0.23011178,5324000.09802704,0.14346233,0.17580602,0.10660329,-0.22829355,0.23135181,0.05456284,0.57792461,0.11629928,0.04449316,0.37066481,-0.05167436,-0.22064808,-0.13634224,-0.22946942,-0.24766126,-0.0398101,-0.1102963,-0.25820422,0.11160514,-0.29300007,-0.38970405,0.28596899,-0.22969177,5325000.10416969,0.14262085,0.17933907,0.10935175,-0.23266169,0.23006018,0.05677349,0.5775708,0.11662782,0.0416092,0.36440611,-0.05911668,-0.22139873,-0.13358425,-0.22904199,-0.24912398,-0.03378012,-0.11545996,-0.25757939,0.11422466,-0.29474929,-0.3913202,0.28407922,-0.23588511,5326000.10259042,0.14135702,0.17959884,0.11046969,-0.23012061,0.22983561,0.04929071,0.57678354,0.11648803,0.03794064,0.35629717,-0.06153467,-0.22450593,-0.1364626,-0.23256646,-0.24945264,-0.04012347,-0.11904901,-0.25600779,0.1114753,-0.29150325,-0.39307529,0.28020132,-0.23427328,5327000.10070215,0.14308845,0.18066917,0.11069386,-0.23337168,0.22896554,0.05404432,0.57735932,0.11685295,0.03827222,0.35401773,-0.05346911,-0.22462864,-0.13704309,-0.22711475,-0.24929781,-0.03640295,-0.12010961,-0.258531,0.11418047,-0.29938269,-0.39312389,0.28951991,-0.23638059,5328000.1041358,0.14740464,0.18124768,0.11353541,-0.23674102,0.23595503,0.05446163,0.57739818,0.11677745,0.03675581,0.34717935,-0.05452804,-0.22431484,-0.13417517,-0.22993466,-0.2493436,-0.03513186,-0.10956729,-0.26121068,0.11409908,-0.29351169,-0.39236236,0.28838655,-0.23135482,5329000.10652556,0.1481653,0.18524157,0.11630259,-0.23774733,0.23593718,0.05696791,0.5742591,0.11787534,0.03393814,0.35593677,-0.06013638,-0.22899131,-0.13497329,-0.23195034,-0.24899764,-0.03366038,-0.12217268,-0.25388592,0.11430712,-0.29208726,-0.39188001,0.29072529,-0.22381993,5330000.10464451,0.14876039,0.18411081,0.11480861,-0.23492295,0.23216985,0.05431654,0.57292861,0.1166648,0.03332815,0.35248742,-0.0541034,-0.24237996,-0.13983719,-0.2290723,-0.24849977,-0.03553149,-0.1233591,-0.25741169,0.12162852,-0.29081181,-0.39064777,0.28919029,-0.22600171,5331000.10102227,0.14002901,0.17690402,0.10918732,-0.22169478,0.22910589,0.06019906,0.57324117,0.11829925,0.04610969,0.36072144,-0.04863616,-0.21644443,-0.13006221,-0.22820228,-0.24668559,-0.03589883,-0.10915907,-0.25555852,0.11643445,-0.29162827,-0.38926807,0.29064339,-0.22766343,5332000.09907091,0.14390364,0.17965777,0.10815438,-0.2225274,0.22887449,0.05966955,0.5759967,0.11843839,0.04662852,0.36648935,-0.05160587,-0.2208596,-0.13117407,-0.22485931,-0.24619187,-0.03235875,-0.11004008,-0.25738356,0.11528829,-0.28630048,-0.39112729,0.28645155,-0.22926602,5333000.09595416,0.14333807,0.17928348,0.1109679,-0.22702706,0.22782974,0.05793481,0.57765168,0.11831529,0.04197134,0.36866093,-0.05276885,-0.22016402,-0.13673668,-0.22840509,-0.2477257,-0.03244475,-0.11919533,-0.25528449,0.10980421,-0.29555598,-0.39268544,0.29527909,-0.22957277,5334000.09966023,0.14062072,0.18125387,0.11130425,-0.22779685,0.2298854,0.05532568,0.58001196,0.11802753,0.04011517,0.37005883,-0.056725,-0.22604792,-0.13602073,-0.23124473,-0.24789952,-0.03323542,-0.11236712,-0.25618538,0.11346757,-0.29248151,-0.39438248,0.28863978,-0.23118883,5335000.10211505,0.14301954,0.17893541,0.11168804,-0.23087747,0.23173301,0.05345719,0.57885343,0.11811813,0.03911101,0.36759955,-0.05755929,-0.22680095,-0.13651846,-0.23028465,-0.24571972,-0.03501558,-0.10357509,-0.2606931,0.12403077,-0.29861036,-0.39455137,0.28890651,-0.22655147,5336000.10297211,0.14507279,0.18093102,0.11490146,-0.23230228,0.23557098,0.05396258,0.58102453,0.11892705,0.03632247,0.36049104,-0.06123335,-0.22363032,-0.13510592,-0.22710964,-0.2461051,-0.03734375,-0.12098644,-0.2591899,0.11870538,-0.29021555,-0.39419028,0.28712013,-0.22725607,5337000.10421772,0.15038379,0.18684576,0.11595589,-0.23596916,0.23455888,0.05792724,0.57905036,0.11638143,0.03446429,0.35382849,-0.06157641,-0.22693679,-0.13385315,-0.2287197,-0.24759799,-0.03734258,-0.12297088,-0.25897461,0.11646651,-0.2929793,-0.39312184,0.29187015,-0.22617017,5338000.10072565,0.14590026,0.17913646,0.11110692,-0.22195747,0.22792111,0.06134668,0.57491916,0.11715933,0.04024105,0.36548668,-0.05988915,-0.21772222,-0.13599195,-0.22937024,-0.24598603,-0.03677625,-0.11176199,-0.25566918,0.11885937,-0.29093537,-0.39222693,0.2902863,-0.22902988,5339000.09738528,0.1416499,0.17708398,0.10478726,-0.21575484,0.22502208,0.06210286,0.57866162,0.11948181,0.04927532,0.36438265,-0.05822638,-0.22143106,-0.13360062,-0.22901037,-0.24335401,-0.03674733,-0.11002188,-0.25400665,0.11627001,-0.28331426,-0.3918699,0.28770226,-0.2297312,5340000.09773007,0.1415244,0.17778035,0.1067993,-0.22318293,0.23006727,0.05728687,0.58006048,0.11537617,0.04442966,0.36388463,-0.06606662,-0.21426408,-0.13242662,-0.22728431,-0.24392717,-0.03526686,-0.1141948,-0.25785547,0.11521269,-0.29685169,-0.39513847,0.28500196,-0.23905557,5341000.10211805,0.14300959,0.18154828,0.10916357,-0.2268225,0.23082091,0.05518088,0.58033562,0.11653723,0.04145886,0.35897303,-0.06703282,-0.21647529,-0.12946299,-0.2262408,-0.24810593,-0.03884259,-0.11430809,-0.25896302,0.11296892,-0.29185921,-0.39653984,0.29151347,-0.23917799,5342000.09968493,0.14684013,0.18241918,0.11028387,-0.23007023,0.23050503,0.05781611,0.57793981,0.11557461,0.03933041,0.35810226,-0.06731452,-0.22768867,-0.13344541,-0.22794707,-0.24726477,-0.0465111,-0.11123718,-0.26208651,0.1168426,-0.28777924,-0.39672041,0.28397897,-0.23176292,5343000.09945181,0.14649297,0.17989565,0.11028387,-0.23199335,0.22861224,0.05757456,0.58145976,0.11623778,0.03695653,0.35742453,-0.06886642,-0.22405005,-0.1407796,-0.23056068,-0.24544986,-0.04258546,-0.12433975,-0.26064566,0.12272988,-0.29787621,-0.3980065,0.2933777,-0.22893018,5344000.09979611,0.14793187,0.18354724,0.11385005,-0.23193586,0.23267311,0.05396258,0.57851338,0.11600854,0.0343285,0.35461736,-0.07284255,-0.23318757,-0.14085576,-0.22924986,-0.24740385,-0.04174228,-0.11838531,-0.25977114,0.119794,-0.29987404,-0.39540127,0.29676193,-0.23622014,5345000.09858531,0.1444905,0.17838928,0.11282197,-0.23101678,0.23309168,0.05104049,0.57664984,0.11375999,0.0323297,0.35976496,-0.07707376,-0.22927177,-0.14481162,-0.22835997,-0.24747857,-0.04376591,-0.12510252,-0.26198438,0.11641452,-0.29226744,-0.39529917,0.28926,-0.22710292,5346000.09781863,0.14128348,0.17746246,0.10671899,-0.22004601,0.22906445,0.05887677,0.5776329,0.11566211,0.04300969,0.35576016,-0.06600531,-0.22451748,-0.13944691,-0.22824004,-0.2450546,-0.04686946,-0.12090138,-0.26059601,0.11269227,-0.2914491,-0.39396,0.28485069,-0.22972351,5347000.0975747,0.14206678,0.17720276,0.1032052,-0.22312045,0.23038332,0.06084637,0.58197075,0.11898103,0.04440168,0.36521256,-0.07015067,-0.24115169,-0.14673631,-0.22769243,-0.24698472,-0.04510421,-0.11243655,-0.25922287,0.11741289,-0.29612178,-0.39651942,0.28567874,-0.23479417,5348000.10151955,0.14379698,0.18198809,0.10673531,-0.22593281,0.2314447,0.06399185,0.5775938,0.115511,0.03906359,0.3631503,-0.07786022,-0.2449539,-0.15090513,-0.22649424,-0.25018775,-0.04954532,-0.11993308,-0.25994992,0.11046764,-0.29987895,-0.39823756,0.28753191,-0.23842804,5349000.09936322,0.14098722,0.17981133,0.1091975,-0.23249176,0.22957577,0.05424002,0.58050907,0.11420123,0.03744221,0.36004713,-0.08109035,-0.2336835,-0.14870417,-0.22564888,-0.24849707,-0.04658591,-0.11769836,-0.26019964,0.1098264,-0.29973486,-0.4003112,0.28890908,-0.23180221,5350000.09737492,0.14530091,0.1792316,0.11028502,-0.23642333,0.22705181,0.05267375,0.58094627,0.11422174,0.03591464,0.34817854,-0.08451603,-0.23942375,-0.14604442,-0.23032759,-0.2496251,-0.04869593,-0.11854481,-0.26503515,0.11536428,-0.29463077,-0.40039968,0.28349823,-0.23629013,5351000.10124042,0.1459775,0.18189934,0.10942084,-0.23560539,0.23469266,0.05459997,0.58033538,0.1149346,0.03276068,0.36121351,-0.08793823,-0.23522794,-0.14487462,-0.23137122,-0.24989659,-0.05228186,-0.13037342,-0.26752672,0.11248171,-0.29823503,-0.39823762,0.29227939,-0.22921349,5352000.10076182,0.14490972,0.18424898,0.11293957,-0.23963502,0.23340434,0.05608422,0.57814717,0.11461358,0.03027328,0.36170322,-0.09286636,-0.23612566,-0.14931273,-0.23047377,-0.25214404,-0.04846041,-0.13120972,-0.26324943,0.11715386,-0.29483435,-0.39684713,0.28605843,-0.23754813,5353000.09941693,0.14627369,0.18184067,0.10921117,-0.2304174,0.2307217,0.05312484,0.57620698,0.11382805,0.03349535,0.35105595,-0.08982542,-0.24044606,-0.14969863,-0.23582266,-0.24976422,-0.04672896,-0.13778824,-0.25844833,0.11798067,-0.29762363,-0.39641094,0.28588173,-0.2300624,5354000.09758565,0.14199695,0.17946318,0.10291987,-0.22534215,0.23112118,0.06142667,0.57940894,0.116428,0.04306621,0.34974346,-0.08314875,-0.24820639,-0.14900002,-0.23232849,-0.24767998,-0.05378848,-0.12324192,-0.26072407,0.10864688,-0.29519865,-0.39551431,0.28724694,-0.23870301,5355000.09725278,0.14068855,0.17766637,0.10534496,-0.2309839,0.22940555,0.05568676,0.5800342,0.11277272,0.04043173,0.36060014,-0.08360007,-0.24492697,-0.14927767,-0.22788817,-0.25011647,-0.05697611,-0.11373066,-0.26179808,0.11624917,-0.29896045,-0.3975423,0.2863549,-0.23663341,5356000.09698629,0.14291024,0.18181413,0.10654353,-0.22993648,0.22705181,0.05268284,0.58284467,0.11529385,0.03574886,0.35366204,-0.08550713,-0.24080688,-0.14857273,-0.23273031,-0.25188595,-0.05239297,-0.1111827,-0.26095128,0.11633968,-0.29905224,-0.39914894,0.28542885,-0.23961425,5357000.09699746,0.14258006,0.1793481,0.10673531,-0.23415196,0.22775221,0.05336837,0.58083075,0.11485937,0.03461646,0.35925791,-0.08792495,-0.24053329,-0.15135455,-0.23471829,-0.25163972,-0.05402745,-0.11370601,-0.26043525,0.11283307,-0.30643839,-0.39705667,0.29085824,-0.24722779,5358000.09723058,0.1433218,0.17870998,0.10844573,-0.23879918,0.22670721,0.05938285,0.57888716,0.1146407,0.03395425,0.35099518,-0.09368842,-0.24384372,-0.15550239,-0.23130451,-0.25162187,-0.05442439,-0.12385833,-0.26110667,0.11216179,-0.30121857,-0.39763561,0.28310856,-0.23322409,5359000.10131811,0.14447068,0.18190031,0.11103629,-0.2401873,0.23007165,0.05714032,0.57959557,0.11358307,0.031478,0.35491166,-0.09876861,-0.24257846,-0.16024338,-0.23357126,-0.25275922,-0.05581841,-0.1341237,-0.26372159,0.11494212,-0.30009148,-0.39662018,0.28679532,-0.23589972,5360000.09778577,0.14819288,0.18187104,0.11361063,-0.23654078,0.22784455,0.0602802,0.58077866,0.11352311,0.02984722,0.35899296,-0.0940203,-0.24921472,-0.1616393,-0.23698445,-0.25276062,-0.05725406,-0.13596787,-0.26411963,0.11238877,-0.29767537,-0.39394778,0.2945725,-0.23515168,5361000.09817433,0.14343925,0.1782749,0.10315942,-0.22816066,0.22467794,0.05694965,0.5766657,0.11398002,0.03946495,0.34349769,-0.08982065,-0.24789207,-0.157878,-0.23299174,-0.25205275,-0.05156397,-0.13457859,-0.26313087,0.1123714,-0.29309106,-0.39204469,0.28870857,-0.23392136,5362000.09775243,0.13802104,0.17557904,0.10237578,-0.23006086,0.22294827,0.06035744,0.58212626,0.11598677,0.04265404,0.34828675,-0.09058953,-0.2360857,-0.15770178,-0.22952333,-0.25156495,-0.05628332,-0.12488817,-0.26376596,0.1052072,-0.29842615,-0.39307454,0.28390101,-0.23840588,5363000.09823005,0.14069402,0.1765645,0.10547306,-0.2345771,0.22553509,0.06604517,0.58185756,0.11505346,0.038886,0.35607079,-0.09381148,-0.23696457,-0.15740898,-0.23307951,-0.25324661,-0.061917,-0.13413367,-0.26139805,0.10497828,-0.30625382,-0.39476725,0.28090751,-0.23888856,5364000.09471071,0.13918449,0.17827469,0.10608006,-0.2356699,0.22656602,0.05894924,0.58150512,0.11212447,0.0359644,0.35614502,-0.09585772,-0.24601474,-0.15955061,-0.23040457,-0.25369528,-0.06036809,-0.13073272,-0.26340079,0.11158537,-0.30582225,-0.39551947,0.28478631,-0.23251548,5365000.09523199,0.14318842,0.17995727,0.10734265,-0.23526815,0.22874404,0.06018807,0.58094376,0.11424569,0.03556668,0.35655627,-0.09345463,-0.23986961,-0.15834323,-0.23247373,-0.25386345,-0.05945991,-0.12607451,-0.26380154,0.10890194,-0.30246964,-0.3941316,0.27810261,-0.22407795,5366000.09606455,0.13983519,0.17821714,0.10946937,-0.24056238,0.22611426,0.0551952,0.58149409,0.11005215,0.03335578,0.34466138,-0.09688502,-0.24840161,-0.1606722,-0.23871699,-0.25310454,-0.06191524,-0.13905047,-0.26491708,0.11316086,-0.29670554,-0.39387646,0.28033489,-0.23041989,5367000.09708606,0.14405195,0.18213274,0.1125878,-0.24741414,0.22707683,0.05560684,0.58291996,0.11089269,0.03008406,0.34515849,-0.10095833,-0.24202216,-0.15825287,-0.23562005,-0.25298062,-0.06096947,-0.13841392,-0.26364359,0.10726714,-0.30793685,-0.39395419,0.28256035,-0.23216358,5368000.09683081,0.14062072,0.18311815,0.1089396,-0.23686691,0.22544511,0.060001,0.57952964,0.11186626,0.03286508,0.35736892,-0.1016789,-0.24955514,-0.15728477,-0.23433043,-0.25465158,-0.06112937,-0.13398619,-0.26542735,0.11572935,-0.29846579,-0.39260238,0.28684637,-0.22510388,5369000.09745263,0.13765849,0.1746832,0.09757812,-0.22680803,0.21979354,0.05795125,0.58382529,0.11293951,0.04336054,0.3543568,-0.09711238,-0.24032922,-0.15231174,-0.23620296,-0.25269246,-0.05528415,-0.13754633,-0.26328012,0.10967984,-0.29913998,-0.38964212,0.28483361,-0.22935584,5370000.09377936,0.137381,0.18123457,0.09862523,-0.23097116,0.22287402,0.0530415,0.58225107,0.11236291,0.042454,0.35518155,-0.09449437,-0.24373861,-0.16275665,-0.23306085,-0.25169683,-0.0562791,-0.14315972,-0.25885877,0.10602651,-0.30306536,-0.39167011,0.27725014,-0.24182053,5371000.0970083,0.13867931,0.17595416,0.10282021,-0.23594008,0.22643863,0.0594108,0.58141667,0.11221338,0.03801133,0.34654665,-0.09486055,-0.24938971,-0.15537718,-0.235182,-0.25385591,-0.06052123,-0.13153578,-0.26628229,0.1126708,-0.30971709,-0.39431682,0.28775868,-0.23448874,5372000.09405543,0.1380993,0.17494093,0.10344344,-0.23505735,0.22589917,0.05315145,0.58120805,0.11441141,0.03627821,0.34959289,-0.10311273,-0.24769987,-0.15684059,-0.23289652,-0.25509679,-0.06186091,-0.14175834,-0.26700667,0.10991598,-0.30248886,-0.39461592,0.28382024,-0.23417009,5373000.09549844,0.14019236,0.17615879,0.10342845,-0.23930849,0.22794165,0.05497538,0.58245748,0.11101545,0.03430578,0.35232705,-0.10281406,-0.24979548,-0.15595406,-0.22961469,-0.25576437,-0.05891027,-0.13279246,-0.2657693,0.10970618,-0.30828974,-0.39439428,0.28757963,-0.23554815,5374000.09553158,0.14141575,0.17555156,0.10823799,-0.24445258,0.22409949,0.05488827,0.58250839,0.10992661,0.03242523,0.34578064,-0.10664174,-0.26281592,-0.16363961,-0.23535033,-0.25567362,-0.05855862,-0.1376971,-0.26613793,0.10846227,-0.31186575,-0.39208359,0.2845163,-0.2347693,5375000.09734135,0.14193605,0.18120322,0.11049256,-0.24737331,0.22678043,0.05535529,0.5800935,0.10958643,0.03009182,0.34172478,-0.10924758,-0.25841624,-0.1576502,-0.23510781,-0.25499943,-0.06628065,-0.13900726,-0.26465076,0.10799339,-0.30209062,-0.39160842,0.28644037,-0.23005091,5376000.09699746,0.14155111,0.17905734,0.1033191,-0.23518588,0.22605193,0.05390497,0.57793981,0.10819644,0.03458733,0.34568527,-0.10305277,-0.24901313,-0.16589114,-0.23787804,-0.25531301,-0.06465188,-0.13728528,-0.26512843,0.11254705,-0.30731538,-0.38963136,0.27920738,-0.2313659,5377000.09531076,0.13366163,0.17613053,0.09913645,-0.23121852,0.22247697,0.06141895,0.58136165,0.1119651,0.0424666,0.34641045,-0.100224,-0.2376152,-0.16345923,-0.23426297,-0.25434351,-0.05999546,-0.14799748,-0.26412007,0.11267368,-0.29838628,-0.3891829,0.28184512,-0.2316937,5378000.09505485,0.13480534,0.17984125,0.10139928,-0.23288423,0.22523177,0.0569384,0.58258367,0.11049189,0.03954985,0.3575142,-0.1075618,-0.24892913,-0.17237209,-0.23175222,-0.2567769,-0.06241379,-0.14497876,-0.2657747,0.10980584,-0.30463833,-0.3913345,0.28475341,-0.23520814,5379000.09685275,0.13354594,0.17827469,0.10422505,-0.24223943,0.22676909,0.05602415,0.5807839,0.10817992,0.03494317,0.35086584,-0.10868829,-0.25221404,-0.17087576,-0.23102884,-0.26016074,-0.06621842,-0.14348908,-0.26796854,0.11345006,-0.30784795,-0.39179543,0.28407708,-0.23615848,5380000.09530977,0.13572024,0.17549102,0.10484856,-0.24557401,0.22716726,0.05290864,0.58098143,0.10968389,0.03358279,0.3495307,-0.11037306,-0.25158221,-0.16663869,-0.23453587,-0.25893867,-0.06206782,-0.13560238,-0.26673591,0.10921074,-0.30652848,-0.39397019,0.28675851,-0.24168138,5381000.0970083,0.13898325,0.1785937,0.10500857,-0.24727862,0.22546107,0.05376882,0.58479542,0.10875515,0.03204147,0.34735078,-0.11293549,-0.25112635,-0.16995256,-0.23643717,-0.26100752,-0.07192113,-0.14005269,-0.26665452,0.10402419,-0.30995765,-0.39240071,0.2854223,-0.22870055,5382000.09785242,0.14000183,0.18166937,0.10803014,-0.25072959,0.22560889,0.05203884,0.58382893,0.10712314,0.0296989,0.35268015,-0.11303983,-0.26130959,-0.17706625,-0.23891063,-0.25997135,-0.06949317,-0.15528403,-0.26623246,0.1089614,-0.30640128,-0.39263558,0.28370321,-0.23885858,5383000.09724159,0.13744211,0.18608227,0.10967701,-0.2516185,0.22634296,0.05015621,0.57891977,0.10493072,0.02685805,0.34472162,-0.11911374,-0.25924048,-0.17403342,-0.23572263,-0.25958174,-0.06881081,-0.15159902,-0.26722977,0.10798847,-0.30906451,-0.39113745,0.28238213,-0.23342501,5384000.09838481,0.13450015,0.18488993,0.1041967,-0.24333715,0.22659105,0.05217965,0.57871163,0.10574151,0.03165662,0.34012151,-0.11082604,-0.25580364,-0.17390671,-0.24010186,-0.25917813,-0.06839093,-0.14639799,-0.26618269,0.10530479,-0.30811375,-0.38731879,0.2821047,-0.2334868,5385000.09366992,0.13315991,0.17633334,0.09819724,-0.23652273,0.22562268,0.0559592,0.58046216,0.10945171,0.03994704,0.35823423,-0.10491205,-0.25360849,-0.17084882,-0.23631524,-0.25779325,-0.06687297,-0.15045311,-0.26763144,0.11041392,-0.30984521,-0.38826638,0.2793873,-0.23025413,5386000.09499997,0.13560458,0.18117636,0.10044184,-0.24245906,0.22853494,0.05413497,0.58402973,0.10917135,0.03606527,0.34897387,-0.11160172,-0.25696647,-0.17659403,-0.23570041,-0.25782099,-0.07443966,-0.144574,-0.26615322,0.11125666,-0.30560371,-0.39047632,0.27689847,-0.23334733,5387000.0963756,0.13454966,0.17818762,0.1028054,-0.24789134,0.22811674,0.05234465,0.57980776,0.10707483,0.03265127,0.33836284,-0.11282159,-0.26179644,-0.17723547,-0.23972359,-0.26075283,-0.06970125,-0.13602589,-0.264994,0.10034916,-0.31664753,-0.39255467,0.27833968,-0.23097385,5388000.09534398,0.1344208,0.18076998,0.10384335,-0.2524704,0.22598679,0.05176163,0.58277595,0.10725623,0.03180987,0.34390682,-0.1123675,-0.26903167,-0.17063089,-0.23365809,-0.26158661,-0.07041367,-0.15708454,-0.26911473,0.10481843,-0.31171125,-0.39209265,0.28405952,-0.23617624,5389000.09623169,0.13220963,0.17902903,0.10686327,-0.25153363,0.22508352,0.04257163,0.58187842,0.10581841,0.03005684,0.34714228,-0.11461802,-0.26441118,-0.17631875,-0.23652649,-0.26200426,-0.07081968,-0.15031655,-0.27008924,0.1115144,-0.31022584,-0.39068386,0.2815764,-0.23098145,5390000.09806325,0.13737568,0.18088542,0.11001313,-0.25440237,0.22879755,0.05011838,0.58334345,0.10807223,0.02760502,0.35258973,-0.1138913,-0.26054266,-0.17223416,-0.23946118,-0.26199794,-0.07106944,-0.15001281,-0.26810053,0.11083943,-0.31532413,-0.38875848,0.28610343,-0.23355387,5391000.10154067,0.13886239,0.18149407,0.10913258,-0.25505614,0.22648405,0.04690151,0.57895052,0.10560326,0.02539824,0.34502852,-0.11351137,-0.26218486,-0.17396306,-0.23961094,-0.26314384,-0.07328236,-0.14825879,-0.27376756,0.11096121,-0.30089173,-0.387117,0.28655887,-0.23010004,5392000.09836208,0.13267036,0.17508887,0.09982657,-0.24429554,0.22648907,0.04718778,0.57927042,0.10687479,0.03344884,0.34104449,-0.10526023,-0.25918883,-0.17751515,-0.237653,-0.26052094,-0.0749461,-0.14522311,-0.27063784,0.11669581,-0.29840517,-0.38573876,0.28472096,-0.22575364,5393000.09766331,0.13214484,0.17769498,0.09867386,-0.2411394,0.22886562,0.04926338,0.5773142,0.10783058,0.03907319,0.35314462,-0.10944621,-0.25223967,-0.17186418,-0.23512234,-0.25976691,-0.07194185,-0.14711049,-0.26776981,0.1124593,-0.31115878,-0.38660213,0.28852007,-0.23743615,5394000.09986305,0.13210718,0.18341246,0.10540853,-0.24663201,0.22633716,0.04858452,0.57782423,0.106464,0.03352883,0.35341594,-0.1101795,-0.25976694,-0.17390898,-0.23623647,-0.26251101,-0.07043498,-0.14893337,-0.26964322,0.11254995,-0.31685072,-0.38793659,0.2821016,-0.23406723,5395000.09937409,0.1328657,0.17879698,0.10529678,-0.24931246,0.22469942,0.04827451,0.57836115,0.10674497,0.03260324,0.35736707,-0.11121465,-0.26990017,-0.179564,-0.24029231,-0.26151165,-0.07233552,-0.13925411,-0.26830271,0.10777125,-0.30369759,-0.3867867,0.28253224,-0.23398997,5396000.09441249,0.13536973,0.17879704,0.10529678,-0.2491243,0.22397183,0.04979453,0.58187842,0.10521132,0.03161924,0.34308022,-0.11062776,-0.26150316,-0.17335796,-0.24202122,-0.26223221,-0.07068274,-0.14054474,-0.27096567,0.11558088,-0.30313709,-0.38670179,0.28835371,-0.23534988,5397000.09920684,0.13392547,0.18242285,0.10999744,-0.25548086,0.22580376,0.04440681,0.57969236,0.10556551,0.02919348,0.35388806,-0.11054598,-0.25786868,-0.17618892,-0.24380702,-0.26221469,-0.06837998,-0.14211155,-0.26754835,0.11156694,-0.30959043,-0.38508424,0.28893483,-0.22876836,5398000.10042984,0.13962145,0.1792316,0.1126525,-0.25713912,0.22876796,0.04803756,0.57972074,0.10723341,0.02759186,0.35274392,-0.1093372,-0.26378161,-0.17654288,-0.24498796,-0.26210213,-0.06611797,-0.14165401,-0.26978317,0.10852923,-0.30470228,-0.3865639,0.29154882,-0.23033094,5399000.09846245,0.13663059,0.18099922,0.10878,-0.24994326,0.22635299,0.04646612,0.5767352,0.10607889,0.02658983,0.35038045,-0.1098263,-0.25669247,-0.17330189,-0.23932654,-0.2613351,-0.07233577,-0.14688228,-0.26756558,0.11214318,-0.30942035,-0.38386986,0.2837092,-0.22921722,5400000.09587656,0.13135013,0.17401862,0.10016081,-0.23882565,0.22593056,0.05319109,0.57664204,0.10694266,0.03906094,0.35036883,-0.10201212,-0.25549376,-0.16885446,-0.24028705,-0.25745505,-0.06688591,-0.14325586,-0.26480845,0.11364722,-0.30434671,-0.38113472,0.28526351,-0.23222524,5401000.0959987,0.13270919,0.17842008,0.10251703,-0.24189378,0.22769864,0.05929885,0.57715368,0.10716557,0.04018549,0.35752407,-0.10249441,-0.26260209,-0.16957767,-0.23665878,-0.25999197,-0.06959163,-0.12962335,-0.26899871,0.11617338,-0.3127816,-0.3830094,0.28442109,-0.23671342,5402000.09826338,0.12990865,0.17763741,0.10683097,-0.24722712,0.22709961,0.04882649,0.57627577,0.10596542,0.03518877,0.35112375,-0.10199331,-0.25079817,-0.16945294,-0.23906724,-0.26130447,-0.0712762,-0.14366238,-0.26780546,0.11163637,-0.30461958,-0.38423696,0.27877557,-0.23794192,5403000.09863001,0.13154151,0.18007262,0.10708656,-0.24480663,0.22680889,0.04869536,0.57925975,0.10520759,0.03376549,0.35090622,-0.10635667,-0.25061816,-0.1694829,-0.24109285,-0.26117256,-0.0668393,-0.15170993,-0.26542258,0.10984073,-0.30922243,-0.38375643,0.28719565,-0.2348945,5404000.09796348,0.13651632,0.17702897,0.10540853,-0.25078401,0.22339235,0.04760499,0.57686812,0.1045519,0.03198136,0.3599149,-0.10957187,-0.25764626,-0.17096286,-0.24301596,-0.26120996,-0.07371239,-0.16517013,-0.26425049,0.11342824,-0.3093895,-0.3827005,0.29314664,-0.23428626,5405000.09666447,0.13906294,0.18311815,0.10860584,-0.2505883,0.22696976,0.04410903,0.57782716,0.10476256,0.02947893,0.35248607,-0.11190836,-0.25912076,-0.17401274,-0.24367447,-0.26130146,-0.07782848,-0.14311039,-0.26601598,0.10720499,-0.30791989,-0.38390964,0.29510003,-0.2400457,5406000.1002181,0.14157851,0.18157895,0.11186892,-0.25197485,0.22982833,0.04989364,0.57745856,0.10426769,0.02587361,0.34770194,-0.10989536,-0.25879282,-0.17461155,-0.24653076,-0.26143685,-0.07425298,-0.1510374,-0.26773483,0.11458508,-0.30894959,-0.38145202,0.29080069,-0.22829407,5407000.09910639,0.13377452,0.1833756,0.10585693,-0.24920899,0.22868051,0.05171978,0.57728225,0.10526142,0.0298843,0.35739142,-0.10693606,-0.25562114,-0.17767115,-0.24407724,-0.26067755,-0.07054496,-0.15806086,-0.26493779,0.11242698,-0.30802801,-0.37910348,0.29222965,-0.22774276,5408000.09399173,0.12876862,0.17769428,0.09703605,-0.23889665,0.22695537,0.05144298,0.57737106,0.10791145,0.03964458,0.36118248,-0.10220513,-0.24622951,-0.17430176,-0.24212731,-0.25719646,-0.06797905,-0.13778165,-0.26311052,0.11676024,-0.30073816,-0.37779605,0.28661996,-0.22976811,5409000.09776343,0.13193697,0.17830394,0.10071331,-0.24112214,0.2288944,0.05027516,0.57885438,0.10790296,0.03708185,0.36604646,-0.09792405,-0.24944444,-0.17431238,-0.24126469,-0.25970736,-0.06784526,-0.14834729,-0.262683,0.11050955,-0.3030442,-0.38031641,0.28433901,-0.23144619,5410000.09868546,0.13144939,0.17720273,0.10558385,-0.24844143,0.22453758,0.04979819,0.57756013,0.10629198,0.03303454,0.36437258,-0.10522068,-0.25284359,-0.16888575,-0.24254636,-0.25932777,-0.07288368,-0.14486633,-0.26277989,0.11012083,-0.30836585,-0.38153413,0.28396228,-0.23052397,5411000.09579806,0.13868146,0.17711577,0.10483192,-0.25018919,0.22996023,0.04535843,0.57778686,0.10566709,0.03167334,0.35237625,-0.10573168,-0.26177299,-0.17322816,-0.24155179,-0.26041919,-0.07455987,-0.13737823,-0.26210877,0.10720805,-0.31043366,-0.38155556,0.28703353,-0.22608693,5412000.09643061,0.13479385,0.18137862,0.10718214,-0.25026387,0.22959529,0.04504079,0.57655811,0.10677793,0.02920097,0.35296232,-0.10845074,-0.25392976,-0.17781413,-0.24406663,-0.26082081,-0.07945859,-0.1450036,-0.26645809,0.10724832,-0.30570337,-0.38045564,0.29076838,-0.23153132,5413000.09747484,0.13763924,0.18132019,0.11134256,-0.25634211,0.22663374,0.0463389,0.5799976,0.10446722,0.02639011,0.34319597,-0.11068034,-0.26122484,-0.1826223,-0.24413896,-0.26149297,-0.07371482,-0.14915648,-0.26737085,0.1168462,-0.30475098,-0.37994659,0.29618752,-0.23164561,5414000.09924112,0.13876377,0.18288559,0.11257433,-0.25558758,0.23088935,0.04536464,0.575822,0.10464719,0.02330315,0.35734054,-0.11190737,-0.25999969,-0.17843422,-0.24734434,-0.26364249,-0.07746162,-0.1378144,-0.26578709,0.12045467,-0.30021688,-0.37997484,0.29734883,-0.22140843,5415000.10077422,0.13579288,0.1844504,0.10953178,-0.2530579,0.23349178,0.04274362,0.57668686,0.10460914,0.02385042,0.36110264,-0.1080871,-0.25859851,-0.17710127,-0.24565034,-0.26229721,-0.0715341,-0.13813308,-0.26683858,0.11044419,-0.30067807,-0.37761503,0.28855705,-0.22627525,5416000.10059381,0.13277535,0.17917207,0.10279185,-0.23968019,0.23485173,0.0485854,0.57390761,0.10499408,0.03552519,0.35703728,-0.09919877,-0.25855446,-0.17314583,-0.24555054,-0.2592597,-0.07259103,-0.13971576,-0.26273918,0.11486233,-0.30002204,-0.37484753,0.27954,-0.22419246,5417000.09896296,0.13632531,0.17949276,0.10186235,-0.2392302,0.22844206,0.04873563,0.57884544,0.10410399,0.03636295,0.36063582,-0.0963572,-0.24271047,-0.16900671,-0.23992051,-0.26042989,-0.07074161,-0.14384969,-0.26805204,0.11171028,-0.30766413,-0.37612984,0.28333449,-0.22769116,5418000.09837447,0.13435672,0.1830343,0.10389003,-0.24697502,0.23346652,0.04366394,0.57582247,0.10386631,0.03166099,0.35485196,-0.10453078,-0.25446054,-0.18016514,-0.24610263,-0.26078564,-0.07335064,-0.14255324,-0.26737657,0.11045483,-0.30886197,-0.37800914,0.28483075,-0.22895041,5419000.09989651,0.13445964,0.1781012,0.10397004,-0.25115055,0.23455203,0.04405502,0.5727185,0.10408471,0.03014149,0.34691086,-0.1046835,-0.25107402,-0.17686403,-0.24368037,-0.26120055,-0.07928006,-0.13670783,-0.2644684,0.11427598,-0.29362711,-0.3782503,0.29004535,-0.22221881,5420000.0973638,0.13432977,0.18195795,0.10612743,-0.25259209,0.22816503,0.04125253,0.57548231,0.10458477,0.02803476,0.35532808,-0.1067872,-0.24557261,-0.17274311,-0.24374995,-0.26015833,-0.07786977,-0.13792633,-0.26509562,0.11718378,-0.29790932,-0.37814271,0.29225311,-0.22249222,5421000.10085193,0.13853559,0.18175568,0.10932569,-0.25256735,0.2306222,0.04092762,0.57512635,0.10305213,0.02531534,0.35905173,-0.10962129,-0.26028648,-0.17619899,-0.24495316,-0.25962579,-0.07121509,-0.13651779,-0.26182759,0.11127218,-0.29560134,-0.37863725,0.29033571,-0.23431547,5422000.10074069,0.1413371,0.17981133,0.11182127,-0.26002514,0.22837418,0.04804463,0.57619107,0.10308933,0.02261725,0.34954232,-0.11135075,-0.26353812,-0.17407289,-0.24779794,-0.2606144,-0.07307609,-0.14581537,-0.26242253,0.11893085,-0.30431324,-0.37557951,0.29185125,-0.22482294,5423000.10340754,0.14037156,0.18555334,0.10865252,-0.25738513,0.22939083,0.04372813,0.57492381,0.10401814,0.02331691,0.3543368,-0.10707115,-0.25674263,-0.18238609,-0.24512781,-0.26003945,-0.07663071,-0.15290812,-0.26263258,0.11301571,-0.30217317,-0.37390381,0.29282686,-0.22159575,5424000.09799539,0.13485456,0.18079519,0.1010059,-0.24155787,0.23092742,0.04302641,0.57156175,0.10295145,0.03475016,0.3644805,-0.09809364,-0.24860024,-0.17086919,-0.24359126,-0.25717279,-0.0727037,-0.14167342,-0.26169166,0.11099096,-0.3012968,-0.37315401,0.28920183,-0.22626109,5425000.09657562,0.13834707,0.17940582,0.10127325,-0.24186395,0.22797559,0.04761869,0.57181174,0.10260961,0.03553972,0.35925251,-0.09848031,-0.24122663,-0.16885334,-0.24026996,-0.25719169,-0.07328076,-0.14743572,-0.26041132,0.1150334,-0.30372214,-0.37358966,0.29407969,-0.22585611,5426000.10147346,0.13571917,0.18039176,0.10357176,-0.2483532,0.22920549,0.04193477,0.57432264,0.10392341,0.02968167,0.35610256,-0.09951337,-0.24317473,-0.17259941,-0.2431723,-0.25840548,-0.07018229,-0.14952204,-0.25852877,0.11338935,-0.30617449,-0.37416372,0.29167041,-0.23029892,5427000.10095073,0.13769922,0.18285857,0.10387503,-0.24687047,0.22845615,0.04266489,0.57509571,0.10372699,0.02952845,0.35765392,-0.10107284,-0.25047362,-0.17298046,-0.24406663,-0.25804767,-0.07582007,-0.14827678,-0.25403768,0.11174679,-0.31114361,-0.37547126,0.29101363,-0.23646075,5428000.0993728,0.13770714,0.1841062,0.10687905,-0.25300974,0.23046641,0.04869137,0.57428336,0.10310304,0.02811064,0.35482642,-0.10334212,-0.24907166,-0.17741545,-0.2463876,-0.25898808,-0.07737751,-0.14801168,-0.25909528,0.11450881,-0.30372202,-0.37467432,0.29617873,-0.22498879,5429000.10163915,0.13843986,0.18160935,0.11009304,-0.25354347,0.23006727,0.04152849,0.57694495,0.1021274,0.025922,0.35074455,-0.1007245,-0.2547285,-0.1752415,-0.24825208,-0.25880975,-0.07301232,-0.14379457,-0.25895205,0.11570129,-0.29585809,-0.37169173,0.29487297,-0.22606534,5430000.10479892,0.13987146,0.18320359,0.11162762,-0.25762126,0.23204221,0.04225203,0.57180017,0.10307702,0.02351862,0.35593063,-0.09954033,-0.25777331,-0.16939197,-0.24797185,-0.25915521,-0.07101572,-0.14276147,-0.26190343,0.11399606,-0.30245864,-0.37198517,0.29628748,-0.22551115,5431000.10471723,0.13989832,0.1822146,0.10830002,-0.25150046,0.23221718,0.0400306,0.5702948,0.10482531,0.02590111,0.35692605,-0.09902374,-0.2585513,-0.16841057,-0.24974398,-0.25703523,-0.07320632,-0.1323607,-0.26178738,0.11594333,-0.29884756,-0.36855388,0.29445031,-0.21746184,5432000.10054708,0.13845895,0.17404747,0.10296798,-0.23554388,0.23099591,0.04723641,0.57441694,0.10532297,0.0381556,0.35797256,-0.09358653,-0.25774696,-0.15968843,-0.24865299,-0.25305316,-0.07142809,-0.13340725,-0.25726882,0.11352317,-0.29745737,-0.36776838,0.28559396,-0.22748864,5433000.10350533,0.13629948,0.17694183,0.10248735,-0.2409502,0.23220964,0.04581446,0.572312,0.10579994,0.03656656,0.35332713,-0.08990739,-0.243138,-0.16209969,-0.24553128,-0.25373811,-0.07020295,-0.14100985,-0.25463834,0.10893403,-0.29373759,-0.36971423,0.28838804,-0.23288195,5434000.09913987,0.13910292,0.18068232,0.10639982,-0.24100068,0.23058809,0.04261858,0.57441694,0.10431919,0.03156368,0.35171962,-0.09156547,-0.25311372,-0.16871457,-0.24369134,-0.25510281,-0.07361516,-0.13586023,-0.2561315,0.11227439,-0.29199466,-0.37086156,0.2936489,-0.22888781,5435000.10100217,0.13812242,0.17807204,0.10379645,-0.24497908,0.23460512,0.03979382,0.57393605,0.10260732,0.03163139,0.35816276,-0.09336361,-0.24430907,-0.16695586,-0.24140237,-0.25414449,-0.06808077,-0.13733725,-0.2533994,0.11175402,-0.29185086,-0.36976215,0.28785148,-0.22347556,5436000.09907091,0.14035024,0.17992677,0.10611241,-0.24820606,0.23068009,0.04726096,0.57436693,0.10389203,0.03113389,0.35655898,-0.09425245,-0.25121894,-0.16444142,-0.24464121,-0.25404361,-0.07207663,-0.13621198,-0.25694576,0.11460969,-0.29702121,-0.36926559,0.29312888,-0.22076836,5437000.1044206,0.14510326,0.18555538,0.10988539,-0.24962029,0.22834533,0.04085901,0.5729171,0.10362024,0.02611919,0.35387686,-0.09170587,-0.25393981,-0.16172723,-0.25012666,-0.25371194,-0.07092933,-0.13741186,-0.25889775,0.12256321,-0.28300315,-0.36800441,0.29233822,-0.22051854,5438000.1061573,0.14605413,0.18038931,0.11539033,-0.2509003,0.23212971,0.04744099,0.57279253,0.10369613,0.02514141,0.35875314,-0.09637059,-0.2500971,-0.15894285,-0.25101292,-0.25297707,-0.0700825,-0.14493223,-0.25491312,0.11177848,-0.29198191,-0.3677049,0.29686117,-0.21790966,5439000.10330626,0.14252378,0.1829972,0.10732601,-0.24874716,0.23263869,0.04257345,0.5709033,0.10378759,0.0273932,0.3592931,-0.09213086,-0.25133163,-0.16152506,-0.25016168,-0.25140747,-0.0655515,-0.14501733,-0.25078142,0.11041456,-0.28804058,-0.36601779,0.29794756,-0.22055185,5440000.09894681,0.13640043,0.17532054,0.09950715,-0.24062939,0.22965334,0.04706058,0.57382298,0.1063306,0.04051391,0.35607973,-0.08786128,-0.23530653,-0.15770449,-0.24542274,-0.24720374,-0.05940533,-0.13561048,-0.25184876,0.11535287,-0.28870711,-0.36379522,0.28740779,-0.22446448,5441000.09933715,0.13543734,0.17668121,0.10197607,-0.23700827,0.23088501,0.05290914,0.57507575,0.10551659,0.03802535,0.3526724,-0.08484399,-0.24054933,-0.15683548,-0.24517985,-0.24751766,-0.06045182,-0.12547326,-0.25249651,0.10943875,-0.28493005,-0.36449033,0.28683054,-0.21701317,5442000.09711904,0.14222448,0.17537767,0.1035084,-0.23970531,0.23104087,0.04897276,0.57408619,0.10474614,0.03350528,0.35176322,-0.08466058,-0.24607262,-0.15112942,-0.24352598,-0.24750836,-0.06090805,-0.13199991,-0.25446984,0.12003631,-0.28320152,-0.36706787,0.29878587,-0.22261117,5443000.10201705,0.14646365,0.17931852,0.10427486,-0.24259293,0.22791623,0.0491829,0.57330424,0.10570481,0.03216174,0.35896173,-0.08315606,-0.24439514,-0.14879088,-0.24585207,-0.24719426,-0.05881863,-0.13078657,-0.25284919,0.11761891,-0.28584281,-0.36791924,0.28819335,-0.22586752,5444000.10001688,0.13814856,0.17984049,0.10862176,-0.24754226,0.23217545,0.0463268,0.57342684,0.10377806,0.03082716,0.35479426,-0.08605029,-0.239557,-0.15183459,-0.24985121,-0.24741928,-0.06291369,-0.13576792,-0.25494954,0.11143814,-0.28898585,-0.36761004,0.29431376,-0.21343455,5445000.10038404,0.14572288,0.18308732,0.10938944,-0.2459141,0.23404537,0.04768548,0.57438976,0.10268768,0.02749451,0.35115749,-0.09149814,-0.23760083,-0.15403722,-0.24996716,-0.24743016,-0.06373025,-0.14469017,-0.25450596,0.11832385,-0.27868393,-0.36713064,0.29177025,-0.21569833,5446000.10227338,0.14753522,0.1860467,0.11222078,-0.24715173,0.23211083,0.04537464,0.57269657,0.10325943,0.02567485,0.34814116,-0.08791299,-0.25798529,-0.1508597,-0.24816874,-0.24634682,-0.06586778,-0.1348431,-0.25503957,0.11699591,-0.28286272,-0.36649308,0.29549649,-0.21931906,5447000.10452815,0.14287274,0.18453722,0.11020251,-0.24471174,0.23019332,0.04389343,0.57123971,0.10419092,0.02593755,0.34878013,-0.08527903,-0.24303202,-0.15088177,-0.24818213,-0.24673945,-0.06235757,-0.14127691,-0.25362137,0.11568066,-0.28622702,-0.36496487,0.30099294,-0.2166267,5448000.10267174,0.14381157,0.17778108,0.10247353,-0.2326926,0.23232016,0.05200868,0.57040346,0.10809825,0.03749719,0.35493517,-0.08055861,-0.23984227,-0.14707594,-0.24988343,-0.24443518,-0.06251854,-0.12412589,-0.25291526,0.11139125,-0.27868679,-0.36238378,0.29632246,-0.21615022,5449000.09834058,0.14234389,0.17731862,0.10352343,-0.23635086,0.22998902,0.05403885,0.57300603,0.10928334,0.03755033,0.35007486,-0.08016431,-0.23993972,-0.14401801,-0.24531302,-0.2420119,-0.05956041,-0.12524605,-0.25022051,0.11151337,-0.27462053,-0.3648726,0.2937699,-0.2189744,5450000.0962206,0.14391676,0.17581196,0.10607921,-0.24041641,0.22670871,0.05472266,0.57279241,0.10760104,0.03215143,0.35603642,-0.08400315,-0.24808516,-0.14776964,-0.2450664,-0.24469085,-0.05807168,-0.12244412,-0.25423342,0.11429422,-0.27025852,-0.36761135,0.29420859,-0.21434045,5451000.09919606,0.1418905,0.18074058,0.10619102,-0.2417599,0.22744404,0.05082394,0.57664388,0.10685931,0.0316608,0.35408524,-0.08703993,-0.24397843,-0.14452802,-0.24714923,-0.24406515,-0.05540882,-0.11846254,-0.25146246,0.11393318,-0.27640024,-0.36723971,0.2997981,-0.21692127,5452000.10156151,0.14509216,0.18280175,0.10782217,-0.2440102,0.23016952,0.04527047,0.57683182,0.10616758,0.03130236,0.35444719,-0.08616804,-0.24256162,-0.14837125,-0.24344172,-0.24450153,-0.05839412,-0.133669,-0.25307581,0.11289928,-0.27946791,-0.36909387,0.29066804,-0.22127919,5453000.10001849,0.14461185,0.18573448,0.10978966,-0.24665925,0.235844,0.04358364,0.57604116,0.10670445,0.02719968,0.35247761,-0.08905657,-0.24546434,-0.14985058,-0.2492561,-0.2438702,-0.05841381,-0.13285483,-0.25349927,0.10549902,-0.28342268,-0.36948639,0.28822055,-0.21219786,5454000.10315395,0.15382405,0.18349764,0.11198243,-0.24875826,0.23273526,0.04787861,0.57165331,0.1052531,0.02379669,0.35630691,-0.08959971,-0.24545388,-0.14394863,-0.24779727,-0.24243857,-0.06239098,-0.13176526,-0.25409967,0.11473759,-0.28830993,-0.36812049,0.30251005,-0.21913256,5455000.1050996,0.15340784,0.18956716,0.11422207,-0.25020692,0.23524958,0.0534679,0.57127208,0.10574722,0.02274244,0.34886631,-0.09286065,-0.24356399,-0.14268196,-0.24916722,-0.24324125,-0.05599327,-0.12914059,-0.25686368,0.11214516,-0.28445083,-0.36712646,0.30021781,-0.22424601,5456000.10259413,0.14433387,0.18436357,0.10949958,-0.23742938,0.23645882,0.04830102,0.57055938,0.10796122,0.02962322,0.34226805,-0.08907176,-0.23860691,-0.14213271,-0.24648376,-0.24444656,-0.05481779,-0.14328447,-0.25433743,0.11691234,-0.27896962,-0.36484465,0.29123646,-0.21901783,5457000.10094021,0.14278628,0.17804319,0.10611241,-0.23295012,0.23233549,0.05712782,0.57178491,0.1093367,0.03773249,0.3511101,-0.08112501,-0.23943965,-0.13778114,-0.2465395,-0.2423888,-0.04999046,-0.12467007,-0.25340083,0.11688837,-0.28089648,-0.36546972,0.29175067,-0.22206964,5458000.10017391,0.14614064,0.18047957,0.10764639,-0.24167472,0.23360746,0.05418534,0.57064486,0.10984874,0.03475485,0.35763264,-0.0847254,-0.24661748,-0.13833119,-0.24809766,-0.24137576,-0.05595536,-0.11401977,-0.25596967,0.11308087,-0.2797989,-0.36836472,0.29131907,-0.22758204,5459000.09859619,0.14690584,0.18457299,0.10726269,-0.2397135,0.23147887,0.04792916,0.57211685,0.10885634,0.03051671,0.35315368,-0.09029195,-0.24691737,-0.13920979,-0.24659379,-0.24158518,-0.0556216,-0.11501632,-0.25347969,0.10613896,-0.28183359,-0.36851659,0.28796878,-0.21807395,5460000.10191865,0.14978699,0.18326604,0.10846188,-0.24092376,0.23430805,0.04797767,0.57470918,0.10834347,0.03062712,0.3488425,-0.08661313,-0.24228813,-0.13218369,-0.24751242,-0.24141702,-0.05039416,-0.11525681,-0.25528792,0.11132398,-0.27627254,-0.37099919,0.29323164,-0.21991985,5461000.09857356,0.15127151,0.18643177,0.10929318,-0.24384086,0.23415166,0.05309933,0.57399881,0.10792047,0.02857973,0.34381819,-0.09027416,-0.25002605,-0.13358425,-0.24791594,-0.24197619,-0.05449835,-0.12645747,-0.2517623,0.1133183,-0.27823687,-0.37050387,0.29177025,-0.21507566,5462000.10216204,0.14403637,0.1823359,0.11273238,-0.24705914,0.23383588,0.0515415,0.57117331,0.10988566,0.02674658,0.34137821,-0.0915857,-0.25476,-0.13774966,-0.24930185,-0.24347518,-0.05133998,-0.13199586,-0.25553894,0.11050196,-0.28510547,-0.37038237,0.29415676,-0.21189229,5463000.10141658,0.14408112,0.18369675,0.11538717,-0.2458647,0.23698196,0.0552912,0.57172,0.10969874,0.02348164,0.34796575,-0.09317692,-0.25265065,-0.13873474,-0.25032485,-0.24224496,-0.05425445,-0.1235543,-0.25618404,0.11242698,-0.28626737,-0.36911011,0.29709578,-0.20971705,5464000.10134926,0.14253168,0.18091007,0.11235838,-0.23902376,0.23426029,0.05391679,0.57160765,0.10915125,0.02676875,0.35526925,-0.09084577,-0.24772173,-0.13837239,-0.24779899,-0.2417957,-0.05030488,-0.1243802,-0.25809211,0.1174322,-0.27888465,-0.36641186,0.29584947,-0.22100969,5465000.09661992,0.14012386,0.17890987,0.10547375,-0.2296214,0.23009075,0.05992162,0.57254136,0.11140031,0.03837844,0.34984982,-0.08408826,-0.24080513,-0.12694734,-0.24802133,-0.24013624,-0.04767475,-0.13421097,-0.25080827,0.1145953,-0.27482396,-0.36561871,0.29246438,-0.22205047,5466000.09756313,0.14544441,0.18346566,0.10841369,-0.23447905,0.23219034,0.05620926,0.57340819,0.11372878,0.0354909,0.34966254,-0.08625355,-0.24390839,-0.12939738,-0.2462192,-0.24160886,-0.04547041,-0.13625011,-0.25480443,0.11204597,-0.27978355,-0.36885032,0.29216778,-0.22028844,5467000.09961621,0.14458506,0.18355252,0.1111484,-0.23236404,0.2350587,0.05550611,0.57184398,0.11089692,0.03227136,0.34489971,-0.08886084,-0.24020617,-0.13061464,-0.24964546,-0.24155134,-0.0457484,-0.12199919,-0.25709742,0.11395222,-0.28242138,-0.36958593,0.29223445,-0.22004478,5468000.10075932,0.14506903,0.17879619,0.10950073,-0.23841509,0.23671724,0.05835682,0.5718624,0.1117826,0.0320455,0.34913024,-0.0918501,-0.24354284,-0.13537301,-0.24496469,-0.24190505,-0.04661461,-0.13556622,-0.25493142,0.1121952,-0.28713217,-0.36875913,0.28941545,-0.21747158,5469000.10121454,0.14863995,0.18079624,0.1127475,-0.24205248,0.23212612,0.05810906,0.57365334,0.11014839,0.03162985,0.35357973,-0.0943545,-0.24788788,-0.14232752,-0.25050047,-0.24091567,-0.04799489,-0.12744965,-0.25607434,0.11559314,-0.28120211,-0.37001938,0.29006481,-0.21779174,5470000.10239159,0.14935388,0.18099922,0.11801349,-0.24240781,0.2306459,0.05790042,0.57301688,0.11015098,0.029246,0.35707739,-0.09630487,-0.24149907,-0.13587177,-0.25261718,-0.24076526,-0.04441422,-0.11855447,-0.25575003,0.11302893,-0.27589446,-0.37054881,0.28752017,-0.21227852,5471000.10378186,0.14941104,0.18094061,0.11748356,-0.24267051,0.23288238,0.06046251,0.57082224,0.10953081,0.0249052,0.35219252,-0.0927442,-0.24450257,-0.12580302,-0.2504805,-0.24186012,-0.0516592,-0.12718958,-0.25829694,0.11826637,-0.2858212,-0.3684212,0.29517451,-0.21546985,5472000.10284695,0.14666408,0.18267404,0.11422745,-0.22986582,0.23719397,0.05913996,0.56826478,0.11177689,0.02992525,0.35200557,-0.09143763,-0.24701825,-0.13072152,-0.24891035,-0.23943444,-0.0477295,-0.12107935,-0.25145262,0.11153065,-0.27435541,-0.36705002,0.29302058,-0.21774408,5473000.100045,0.14603676,0.17578289,0.10743689,-0.22663452,0.23272328,0.06871337,0.57124168,0.11432662,0.0415364,0.34983134,-0.0805122,-0.23761229,-0.12974337,-0.24718384,-0.23735647,-0.0423641,-0.12529781,-0.25103372,0.10710566,-0.28223622,-0.3657454,0.29586717,-0.21587032,5474000.10215889,0.14646715,0.17815806,0.10921243,-0.2285568,0.23444565,0.06503902,0.57353991,0.11346598,0.03909206,0.34470177,-0.08562361,-0.2343418,-0.12892699,-0.25047114,-0.23894911,-0.0413945,-0.12509057,-0.25165409,0.10729238,-0.28081965,-0.36974367,0.29816046,-0.22053728,5475000.10223646,0.14601849,0.18024392,0.110571,-0.23331705,0.23378263,0.06003847,0.5701409,0.11268274,0.03543219,0.35453224,-0.09481592,-0.24226291,-0.12928766,-0.24952845,-0.23880319,-0.04016631,-0.12029248,-0.25487012,0.11123871,-0.28729531,-0.37033591,0.29115137,-0.22210371,5476000.10123477,0.1490567,0.17934468,0.11180248,-0.22913319,0.23434246,0.06344827,0.572088,0.11229821,0.03468478,0.3544893,-0.09543509,-0.24157898,-0.13071886,-0.24818893,-0.23750368,-0.04248377,-0.12721772,-0.25360584,0.11284722,-0.28577229,-0.36959016,0.30129051,-0.21973105,5477000.10209136,0.14684787,0.18079396,0.11292217,-0.23327635,0.23298258,0.0591816,0.57419896,0.11133949,0.03276257,0.3380487,-0.09252064,-0.23790729,-0.12746157,-0.25122839,-0.23859574,-0.04309614,-0.13071187,-0.25604239,0.11444906,-0.28508756,-0.37032285,0.29206178,-0.21152668,5478000.10616234,0.14809117,0.18166448,0.11432876,-0.239445,0.23511416,0.0604936,0.57279253,0.11155307,0.03022386,0.34705481,-0.09707127,-0.25114286,-0.13198814,-0.25206968,-0.23973957,-0.0427891,-0.13366707,-0.25373769,0.11376024,-0.2800101,-0.37022918,0.29995862,-0.21777157,5479000.10510518,0.149094,0.1799812,0.11751189,-0.23995826,0.23726359,0.06076457,0.56994379,0.11227623,0.02791473,0.34747717,-0.09456284,-0.2585845,-0.13408668,-0.2515288,-0.24034704,-0.04464361,-0.12988539,-0.25563267,0.10904448,-0.28841895,-0.36843011,0.29879764,-0.21803214,5480000.10373367,0.14832711,0.17963004,0.11238432,-0.23128904,0.23420945,0.06723747,0.56839448,0.11088117,0.02984081,0.34766331,-0.09490002,-0.25021338,-0.1310194,-0.25154334,-0.23963064,-0.03866315,-0.13252102,-0.25045025,0.11023629,-0.28453273,-0.36830536,0.29811946,-0.20984948,5481000.10049985,0.14796323,0.17780642,0.10947876,-0.21972477,0.22948252,0.0666968,0.56904978,0.11410726,0.04147368,0.34465685,-0.08912439,-0.25169212,-0.13198879,-0.25056887,-0.23777959,-0.03850804,-0.1193285,-0.2506547,0.11301102,-0.28430021,-0.36776051,0.29070821,-0.2173036,5482000.10099203,0.14913189,0.17847607,0.1109205,-0.22739394,0.23558125,0.06953582,0.57464325,0.11383346,0.03985751,0.35079005,-0.09359886,-0.24862629,-0.12621252,-0.24953544,-0.23892294,-0.04165689,-0.1195032,-0.2529465,0.11141959,-0.29079828,-0.37007153,0.28791681,-0.22580674,5483000.09806231,0.14809026,0.18134658,0.11380272,-0.22875442,0.23322274,0.06495093,0.57458574,0.11238958,0.03608661,0.35033765,-0.0977205,-0.24278976,-0.12665202,-0.25263882,-0.24017501,-0.04124101,-0.13588987,-0.25495216,0.11898587,-0.28540304,-0.37319028,0.28742057,-0.22014467,5484000.09967278,0.14635944,0.18125853,0.11266765,-0.23199971,0.23251058,0.06280871,0.57658285,0.11331093,0.03359418,0.34304309,-0.10139723,-0.24004976,-0.14027421,-0.25157553,-0.24039143,-0.04401869,-0.13558,-0.25357604,0.11509917,-0.28191772,-0.37403834,0.29367712,-0.2199904,5485000.1000945,0.14650962,0.17659411,0.11437909,-0.23368923,0.23448314,0.05657659,0.57432479,0.10935615,0.03265508,0.34141886,-0.1017309,-0.25042561,-0.13779762,-0.25103551,-0.23947445,-0.03871245,-0.12720835,-0.25440094,0.11207896,-0.28565741,-0.37552279,0.29466218,-0.2160847,5486000.10228363,0.14981459,0.1832315,0.11404215,-0.24174932,0.23941129,0.05395569,0.57356054,0.10980999,0.02961113,0.34752533,-0.10637779,-0.26216346,-0.12986472,-0.25177115,-0.24202,-0.04228706,-0.12999332,-0.25617507,0.11674487,-0.27959478,-0.37527701,0.29537442,-0.22071567,5487000.10512935,0.15276508,0.18485475,0.11716446,-0.24181296,0.23941195,0.0483235,0.57472891,0.10865344,0.02666153,0.33927876,-0.10492631,-0.25315347,-0.13562562,-0.25383967,-0.24279113,-0.04080796,-0.13038762,-0.25498721,0.11350846,-0.27392408,-0.37275687,0.29138732,-0.21900515,5488000.10254669,0.14836583,0.18165955,0.11792433,-0.23658858,0.23761225,0.06019152,0.57331675,0.10963393,0.02690603,0.34506083,-0.10197922,-0.24809043,-0.12996633,-0.25119475,-0.24241501,-0.04333108,-0.12707619,-0.25870934,0.11843248,-0.27788919,-0.37239015,0.29927143,-0.22137477,5489000.10003489,0.14007677,0.18009432,0.10757954,-0.22565573,0.23764703,0.05912435,0.57202929,0.11163693,0.03764169,0.34611523,-0.09767397,-0.24479824,-0.13259213,-0.24764213,-0.2401602,-0.03728211,-0.12466066,-0.25626048,0.11273434,-0.27829045,-0.36976749,0.29834631,-0.21437819,5490000.10281314,0.14331262,0.18224405,0.10935537,-0.22921589,0.23484913,0.05987103,0.57293677,0.11315536,0.03829072,0.34167203,-0.09844909,-0.24951361,-0.13064356,-0.24716167,-0.24121697,-0.0417431,-0.11973295,-0.25974375,0.11227601,-0.28012124,-0.37368289,0.28896824,-0.22591093,5491000.10450407,0.14303604,0.18343462,0.11188229,-0.23636611,0.23481467,0.06043339,0.5775938,0.11015869,0.0351069,0.34684911,-0.10079654,-0.25618303,-0.13430074,-0.25157061,-0.24297093,-0.04581394,-0.12052117,-0.26136947,0.11184303,-0.28587869,-0.37816519,0.29456085,-0.23010451,5492000.10182494,0.14210565,0.17954937,0.1121541,-0.23451285,0.23516481,0.06346777,0.57751614,0.11208828,0.03227674,0.35508394,-0.10640592,-0.25989741,-0.13557377,-0.2465013,-0.24195793,-0.04042463,-0.13265379,-0.25586045,0.11249369,-0.29303405,-0.37912124,0.29684275,-0.21711206,5493000.09974818,0.14771082,0.18102744,0.11514775,-0.23423201,0.23724265,0.06112659,0.5786137,0.10983723,0.03149351,0.34096459,-0.11035198,-0.25217235,-0.1347062,-0.24841744,-0.24455824,-0.0473697,-0.12970465,-0.25579381,0.11209705,-0.28900203,-0.37970209,0.29120415,-0.22343151,5494000.1049258,0.14833865,0.18386662,0.11787236,-0.2404701,0.24212261,0.05581684,0.57718611,0.11134216,0.02876671,0.34537548,-0.11507195,-0.26101857,-0.13463573,-0.24986288,-0.24432541,-0.03800739,-0.1315549,-0.25682184,0.11189048,-0.28816575,-0.37781054,0.29728571,-0.21796954,5495000.10541545,0.1502286,0.18517211,0.11932729,-0.24404004,0.24467844,0.0583148,0.57715023,0.11135283,0.0271223,0.34244931,-0.1124471,-0.26204073,-0.13716511,-0.25053632,-0.24410281,-0.04261442,-0.13838668,-0.2582902,0.1143659,-0.28084549,-0.37754333,0.29606485,-0.22422522,5496000.10741223,0.14888838,0.18281987,0.11768532,-0.23995396,0.2431898,0.06269444,0.57770509,0.11085948,0.02578062,0.34837303,-0.10843469,-0.26209149,-0.1425875,-0.25038961,-0.24547905,-0.04308314,-0.14268056,-0.25946259,0.11536881,-0.29120982,-0.37702197,0.29351813,-0.22472054,5497000.10199003,0.14698391,0.18206325,0.11019827,-0.23020704,0.23686136,0.0606704,0.57525641,0.11125599,0.03669455,0.35083348,-0.10062811,-0.25968796,-0.14004461,-0.2522876,-0.24535266,-0.04014103,-0.13267423,-0.25749457,0.1131958,-0.28867093,-0.37495154,0.29399422,-0.22193123,5498000.10019293,0.14667338,0.18064971,0.11045891,-0.23456374,0.23593156,0.06342793,0.57500112,0.11419509,0.03848266,0.35156327,-0.10490879,-0.25245497,-0.13112052,-0.24959041,-0.24501853,-0.03923614,-0.13643357,-0.26088345,0.11158554,-0.29516748,-0.37764817,0.29160696,-0.23107749,5499000.10300205,0.1425975,0.18491188,0.11351586,-0.23906529,0.23843013,0.06525651,0.57621425,0.1127802,0.03396516,0.34969887,-0.1063293,-0.24669053,-0.13770579,-0.24817757,-0.24544455,-0.04860846,-0.13694204,-0.26323861,0.11148977,-0.29125077,-0.38078791,0.29515877,-0.23270802,5500000.10228024,0.14309022,0.17975135,0.11394749,-0.23748675,0.2389192,0.06023358,0.57909584,0.10959353,0.03273814,0.34500563,-0.10838174,-0.24846587,-0.13649186,-0.25033766,-0.24642025,-0.03838405,-0.13261499,-0.26223266,0.11264417,-0.29663417,-0.38024795,0.30240497,-0.22750643,5501000.10220268,0.14631946,0.18181007,0.1144617,-0.24018253,0.2377314,0.06326163,0.57763523,0.1133907,0.0315684,0.34411407,-0.10832115,-0.25364137,-0.1381215,-0.25259095,-0.2479644,-0.04368149,-0.14047705,-0.25752461,0.11121348,-0.2974664,-0.38214585,0.29676527,-0.23609199,5502000.10477068,0.14855793,0.18697132,0.11707027,-0.24269538,0.24193019,0.0618019,0.57675242,0.11247329,0.02942037,0.34047544,-0.11265139,-0.25769186,-0.13945457,-0.24917199,-0.24972339,-0.04586272,-0.13412058,-0.25994924,0.11657339,-0.29212391,-0.38117179,0.30359504,-0.22843456,5503000.10858826,0.15190856,0.18113941,0.11642807,-0.24617159,0.24294524,0.06179349,0.57610524,0.10886351,0.02755027,0.34833473,-0.11750882,-0.26004702,-0.14350319,-0.24915999,-0.24768136,-0.04537626,-0.14323688,-0.26179761,0.12112951,-0.29259259,-0.37959272,0.29772684,-0.21847011,5504000.1050809,0.14991669,0.1825282,0.11733374,-0.24195161,0.24427617,0.0595869,0.5764553,0.11076545,0.02853542,0.34671912,-0.11173511,-0.25438491,-0.13987592,-0.25504076,-0.25014105,-0.04019881,-0.14540701,-0.26296642,0.11630521,-0.28944305,-0.37744492,0.29752102,-0.22265673,5505000.10204362,0.14323342,0.1788194,0.10989676,-0.23051925,0.23495525,0.06516989,0.57379115,0.11190828,0.04041216,0.34589124,-0.10358878,-0.25798139,-0.13823459,-0.24823435,-0.24773271,-0.04156175,-0.13512896,-0.26085716,0.12288918,-0.29128525,-0.3775067,0.29484454,-0.22550905,5506000.10174738,0.14615291,0.17998244,0.11220369,-0.23178148,0.23370628,0.06593803,0.57799226,0.11472789,0.04024084,0.35295331,-0.10553338,-0.24919479,-0.14181584,-0.24736211,-0.24980325,-0.04366447,-0.13395552,-0.26217717,0.11748508,-0.2931065,-0.38112295,0.30141127,-0.23005132,5507000.10447017,0.14308947,0.18346238,0.11329358,-0.2387913,0.24105383,0.0644708,0.57778966,0.10959938,0.03620343,0.34577274,-0.1132305,-0.25411481,-0.14287585,-0.24898367,-0.24925718,-0.04487272,-0.12698576,-0.26298499,0.11409378,-0.29641792,-0.38393432,0.30092454,-0.22939737,5508000.10468335,0.14189036,0.18459634,0.1134382,-0.24032156,0.23814888,0.06010722,0.57698679,0.11212447,0.03498681,0.34610316,-0.11241861,-0.25195298,-0.13873313,-0.24671422,-0.25205529,-0.03749971,-0.13638809,-0.2644248,0.11758604,-0.30254981,-0.38433161,0.30071506,-0.23334625,5509000.10430522,0.14425395,0.18291211,0.11439925,-0.24319881,0.23962,0.06224917,0.57764977,0.11163693,0.03315339,0.35127568,-0.11074269,-0.25314054,-0.14224851,-0.24969096,-0.25159505,-0.04139939,-0.12591077,-0.25838676,0.1157364,-0.29821795,-0.38484859,0.29664832,-0.23539765,5510000.10672031,0.14391996,0.18749982,0.11725161,-0.24558048,0.24194753,0.05309063,0.57578993,0.11057188,0.03147523,0.34658039,-0.11555517,-0.26102075,-0.14341348,-0.25233135,-0.25178343,-0.0459168,-0.13805427,-0.26324588,0.11503536,-0.29267311,-0.38373926,0.29322135,-0.23316643,5511000.10674466,0.14946666,0.18685743,0.11947738,-0.24414404,0.24336538,0.05969654,0.58043706,0.10987794,0.02735171,0.34322709,-0.11586777,-0.25905028,-0.14067997,-0.24777134,-0.25191668,-0.04208867,-0.13935076,-0.26554093,0.1158606,-0.29324588,-0.38200325,0.29804856,-0.22689602,5512000.10690954,0.14684844,0.18566264,0.11610516,-0.24097319,0.24039078,0.06188081,0.57737428,0.11130062,0.03046226,0.34755874,-0.11351543,-0.25919631,-0.1387403,-0.24923196,-0.25014722,-0.04555852,-0.13429657,-0.26382521,0.12096097,-0.29642683,-0.38041276,0.29629791,-0.23060673,5513000.1039807,0.14104728,0.18183477,0.10951497,-0.22867091,0.23649149,0.06555191,0.57471693,0.11161724,0.04169476,0.35035029,-0.11324091,-0.24914303,-0.14381878,-0.24342239,-0.24896613,-0.03884511,-0.14661489,-0.26408216,0.10684388,-0.29404667,-0.38135314,0.29874632,-0.23136786,5514000.10107242,0.1427969,0.1841604,0.10844591,-0.23453107,0.23674574,0.06463332,0.57674754,0.11252815,0.04080147,0.34790638,-0.11299053,-0.24665333,-0.13706768,-0.24135019,-0.25261834,-0.04214412,-0.14090414,-0.26316702,0.11401895,-0.30450496,-0.38517061,0.29164821,-0.24159694,5515000.10160549,0.14107957,0.18689199,0.11166323,-0.23883741,0.23616569,0.06333168,0.57685006,0.11244507,0.0363516,0.3463755,-0.11426507,-0.25280821,-0.14622006,-0.2459518,-0.25514334,-0.04453158,-0.13042557,-0.26442772,0.11140022,-0.30156419,-0.38786256,0.29028359,-0.22646143,5516000.10242868,0.1418138,0.18398674,0.1118396,-0.24203256,0.23480393,0.06351638,0.57741535,0.11120431,0.03433117,0.3444995,-0.11310989,-0.2634227,-0.14482558,-0.24613684,-0.25342283,-0.04582847,-0.13428392,-0.2666674,0.10987754,-0.30168524,-0.38827068,0.29247203,-0.23151194,5517000.10033993,0.14669126,0.18276793,0.11437069,-0.24189126,0.23909238,0.06044863,0.57808053,0.10789848,0.03221654,0.33703703,-0.11544171,-0.25925466,-0.15198351,-0.24274921,-0.2562162,-0.04953696,-0.13162956,-0.2655865,0.1120237,-0.30303988,-0.3894814,0.29349178,-0.23157173,5518000.10338708,0.1467699,0.18390152,0.11796246,-0.24776331,0.24282248,0.05470183,0.57776403,0.10668338,0.03004553,0.33942783,-0.12306053,-0.25889838,-0.1515366,-0.24708045,-0.25475568,-0.05005619,-0.14095892,-0.26677343,0.11640892,-0.3079659,-0.38952759,0.28996816,-0.23079793,5519000.10791939,0.15029444,0.18491779,0.12044852,-0.2479084,0.2465367,0.05344866,0.57784104,0.10779105,0.02814732,0.3331072,-0.12621611,-0.25398254,-0.14318964,-0.25170758,-0.25571048,-0.04736143,-0.13952264,-0.26854339,0.1167042,-0.30158415,-0.38762245,0.29117888,-0.22646154,5520000.1058226,0.14401232,0.18523365,0.11774539,-0.24905543,0.24212261,0.05681325,0.57788551,0.10853927,0.02730359,0.33688381,-0.12268069,-0.25630265,-0.15371664,-0.24722314,-0.25676852,-0.04903479,-0.14108175,-0.26661414,0.11451317,-0.29884851,-0.38601398,0.298336,-0.23188972,5521000.10119402,0.14216644,0.18279417,0.1114679,-0.23457216,0.23694541,0.06404033,0.5785625,0.10859348,0.03914912,0.34054857,-0.11407939,-0.25936392,-0.15157411,-0.24566455,-0.25355518,-0.0419061,-0.13802122,-0.26871589,0.11211402,-0.30163789,-0.3849417,0.29087597,-0.23399363,5522000.10136218,0.14058614,0.1829455,0.11055822,-0.23902619,0.23855019,0.06624396,0.57908076,0.1111206,0.04026052,0.35405588,-0.11574228,-0.26099384,-0.14982575,-0.24800657,-0.25561309,-0.04783466,-0.12770578,-0.27017373,0.11552493,-0.30006489,-0.38758442,0.2953448,-0.2376152,5523000.10272904,0.14253785,0.18480578,0.11336131,-0.24036512,0.23991406,0.06007498,0.58093959,0.10935336,0.03461669,0.35010642,-0.12057865,-0.26520643,-0.15569669,-0.24397154,-0.25675189,-0.04914856,-0.13732314,-0.26381171,0.10962955,-0.29630467,-0.39194262,0.29422393,-0.2362366,5524000.10579854,0.14600018,0.18512426,0.11474003,-0.24392457,0.24065028,0.06161581,0.58050472,0.1073221,0.03297,0.34784454,-0.12368554,-0.2670483,-0.15505615,-0.24043077,-0.25791678,-0.05022643,-0.1392487,-0.26208887,0.11739437,-0.30968389,-0.39086661,0.29147762,-0.24021098,5525000.1047651,0.14449541,0.1863448,0.11318557,-0.24673067,0.24023013,0.05470113,0.58100873,0.10747044,0.03287736,0.3382352,-0.12096401,-0.25952449,-0.15854935,-0.2452938,-0.2589812,-0.05119077,-0.13987301,-0.26639217,0.11339474,-0.309246,-0.39244974,0.29334784,-0.24059007,5526000.10514344,0.14532793,0.18593624,0.11667978,-0.24674952,0.24319017,0.05367784,0.57789177,0.1080695,0.03020329,0.34139511,-0.12655011,-0.25817555,-0.15992628,-0.24851401,-0.26079029,-0.05291901,-0.13943882,-0.27176186,0.11510493,-0.30638081,-0.39160922,0.28592509,-0.23738287,5527000.10706003,0.1467535,0.19041155,0.11691981,-0.24873047,0.23982838,0.05386932,0.57678354,0.10559922,0.02721326,0.34672835,-0.12738693,-0.2639735,-0.16274789,-0.24746308,-0.26001602,-0.05120265,-0.13187093,-0.27130356,0.1160089,-0.30448171,-0.39238885,0.29386169,-0.23543602,5528000.10791445,0.1466783,0.18511924,0.11553795,-0.24918292,0.24284019,0.05166125,0.57614166,0.10612338,0.02772034,0.34527725,-0.12711143,-0.2663137,-0.16287448,-0.24587557,-0.2586267,-0.0532357,-0.14190948,-0.26598194,0.11970779,-0.29798406,-0.38916039,0.29312894,-0.23002285,5529000.10204756,0.14035614,0.17963621,0.11012518,-0.2418907,0.23780066,0.05701645,0.5758397,0.10836206,0.03879456,0.34996888,-0.11867866,-0.25846344,-0.14826705,-0.24144427,-0.25664753,-0.0555023,-0.1431639,-0.26699159,0.1174915,-0.30071136,-0.3881717,0.28944623,-0.24187484,5530000.10019518,0.14464271,0.18004397,0.11235208,-0.24260548,0.23863526,0.05853189,0.57724774,0.10988045,0.03814653,0.35615453,-0.11664793,-0.24830335,-0.15327077,-0.24064711,-0.25868723,-0.05473438,-0.14158706,-0.26944429,0.11361795,-0.31091937,-0.39089793,0.2875998,-0.23970982,5531000.10264108,0.14307676,0.1845717,0.11413175,-0.24655864,0.24136662,0.05566164,0.57939661,0.10760281,0.03361795,0.35527483,-0.11968682,-0.25847599,-0.15750958,-0.24182279,-0.2605468,-0.04818198,-0.1263712,-0.2647123,0.11597763,-0.30907139,-0.39497909,0.29023775,-0.24360095,5532000.10484277,0.14093697,0.18654452,0.11294534,-0.24273618,0.23968546,0.05418209,0.57415217,0.10530886,0.03358659,0.34486851,-0.12154968,-0.26542571,-0.16068791,-0.24516998,-0.26010427,-0.05219102,-0.12920983,-0.26729399,0.11565287,-0.30618644,-0.39388394,0.29291749,-0.24372645,5533000.10556561,0.14359102,0.18547037,0.1114392,-0.24829546,0.23958163,0.05327225,0.5756377,0.10453583,0.03097471,0.35709479,-0.12650082,-0.26487088,-0.16088878,-0.24419802,-0.2605246,-0.05347634,-0.13586886,-0.26797998,0.10882378,-0.30903184,-0.39438981,0.29574072,-0.24459447,5534000.10700189,0.14650962,0.18642998,0.11430749,-0.25291565,0.24326055,0.04907351,0.57627118,0.10607581,0.02879887,0.33952156,-0.1316101,-0.27166361,-0.16843571,-0.24346346,-0.26085076,-0.05741452,-0.14671673,-0.26823774,0.10895268,-0.30611315,-0.39276469,0.2886388,-0.24066815,5535000.10660368,0.14508022,0.19154376,0.11568504,-0.25682548,0.24264722,0.04751847,0.57615703,0.10469084,0.02691877,0.33816105,-0.12859984,-0.2651172,-0.16405672,-0.24271645,-0.26184788,-0.05376603,-0.139937,-0.26678547,0.11110489,-0.30694565,-0.39176139,0.29871219,-0.2346548,5536000.1019394,0.14294702,0.18503043,0.11211011,-0.24303728,0.23346652,0.05636757,0.57182682,0.10746412,0.03284165,0.3438898,-0.11976965,-0.26340023,-0.15819472,-0.24423377,-0.26085132,-0.05570016,-0.14891723,-0.26810664,0.11362454,-0.30331925,-0.39107224,0.29108641,-0.23771597,5537000.10307336,0.13804945,0.17928882,0.10980579,-0.23745608,0.23692124,0.05331918,0.57055146,0.10625336,0.03987099,0.33861735,-0.11646494,-0.26500246,-0.15444832,-0.24281976,-0.25891769,-0.05667491,-0.1554099,-0.26859459,0.10688782,-0.30354485,-0.392057,0.28696421,-0.24066028,5538000.1036099,0.13925956,0.18161099,0.11081398,-0.24271874,0.23901781,0.05963505,0.57362461,0.10480355,0.03656647,0.3468661,-0.12086696,-0.26450753,-0.16465881,-0.24011278,-0.26094234,-0.05843196,-0.14590828,-0.26848859,0.11111605,-0.3026849,-0.39523599,0.29591772,-0.24059737,5539000.10258666,0.140339,0.18373027,0.11123052,-0.24159366,0.24029951,0.05381251,0.5741623,0.10370369,0.03428423,0.3451851,-0.12184862,-0.26464412,-0.16998298,-0.24109374,-0.26048842,-0.05679716,-0.15263101,-0.26585224,0.11703705,-0.3083609,-0.39675415,0.29293212,-0.24023338,5540000.10432256,0.1426806,0.18532766,0.11199986,-0.24859853,0.2386539,0.04881701,0.57561362,0.10299718,0.03297017,0.34609088,-0.12023211,-0.26490632,-0.16552238,-0.24210675,-0.26226395,-0.05985343,-0.13961798,-0.2693015,0.10667903,-0.31197703,-0.39684844,0.29139879,-0.23778538,5541000.10338708,0.14093108,0.1836997,0.11244879,-0.25163671,0.24021368,0.0509994,0.57276464,0.10338278,0.03074182,0.34812501,-0.12556951,-0.26133794,-0.16536489,-0.24321504,-0.26215482,-0.05758518,-0.1481342,-0.26791272,0.11025901,-0.31356353,-0.39615917,0.2917226,-0.23808755,5542000.10330938,0.13930801,0.18727133,0.1170021,-0.25374079,0.24564308,0.05156806,0.57460296,0.10091317,0.02770057,0.35269436,-0.12752767,-0.25884321,-0.16673769,-0.24378017,-0.26210383,-0.05726557,-0.14843883,-0.26897407,0.11801275,-0.3130964,-0.39617261,0.29753652,-0.23531556,5543000.105414,0.14584114,0.18520795,0.1170323,-0.25316522,0.24362832,0.04560473,0.57327306,0.10133173,0.02603731,0.34325302,-0.12559874,-0.27563921,-0.16946441,-0.24450578,-0.2645424,-0.06148437,-0.14069201,-0.26732126,0.10988011,-0.31503296,-0.39422631,0.29541159,-0.24559905,5544000.10371813,0.14245218,0.18195425,0.10524856,-0.24229161,0.23762543,0.05504629,0.57268113,0.10356037,0.03559287,0.34407711,-0.11980966,-0.26776651,-0.17148998,-0.24398629,-0.26157948,-0.06133694,-0.14518632,-0.26806095,0.11476153,-0.31414989,-0.39149821,0.29292777,-0.24840432,5545000.1020636,0.1374329,0.18210346,0.1060278,-0.24019964,0.23403333,0.05625043,0.57325315,0.10390397,0.04014786,0.35401943,-0.1166702,-0.2560125,-0.17231923,-0.23898239,-0.26081234,-0.06094939,-0.14268179,-0.26904902,0.10893831,-0.3134301,-0.3949559,0.28905699,-0.24637866,5546000.09935226,0.13617066,0.18297654,0.10716093,-0.2476164,0.23763147,0.0489435,0.57124472,0.10285886,0.03485658,0.35328242,-0.12164285,-0.25156677,-0.16149051,-0.238502,-0.26350373,-0.05918979,-0.14380252,-0.2709761,0.10627711,-0.31332642,-0.39776063,0.28618601,-0.25130415,5547000.09877446,0.14084731,0.18704557,0.10700046,-0.24834161,0.23856318,0.05087465,0.57178491,0.10131067,0.03304203,0.35475805,-0.12166829,-0.26795664,-0.17251363,-0.24142279,-0.26232219,-0.06335065,-0.14593937,-0.26727742,0.11037222,-0.31140628,-0.4004657,0.28691313,-0.24990182,5548000.09941904,0.13906763,0.18529961,0.11188713,-0.25192383,0.24136445,0.05002586,0.57277656,0.0998012,0.03184798,0.34026188,-0.12213758,-0.27014229,-0.17513862,-0.24389474,-0.26515755,-0.0657591,-0.13643086,-0.27234519,0.1077757,-0.31271914,-0.40136659,0.29055616,-0.24940644,5549000.10043076,0.14058247,0.18573594,0.11251266,-0.25913388,0.24438071,0.04764871,0.57439625,0.10161723,0.02907418,0.35128826,-0.12698443,-0.25588915,-0.17186531,-0.24031352,-0.26641726,-0.06910326,-0.14397494,-0.27220705,0.11354689,-0.31432369,-0.40044123,0.2976886,-0.25205255,5550000.1044261,0.14226581,0.18782867,0.11300993,-0.26133946,0.24190953,0.04522543,0.572532,0.0999286,0.02491459,0.34394002,-0.13004214,-0.26982614,-0.17544615,-0.24428721,-0.26589808,-0.06816451,-0.14374429,-0.27017251,0.11243279,-0.30420485,-0.39953741,0.28906399,-0.25117603,5551000.10500454,0.14414468,0.18503419,0.11456442,-0.26121688,0.24464399,0.04282824,0.57450688,0.10030128,0.02247859,0.35157555,-0.13197507,-0.27384865,-0.17707959,-0.24838677,-0.26630691,-0.06885538,-0.14902624,-0.27221212,0.11654782,-0.31283766,-0.39855751,0.29228872,-0.24502254,5552000.10337674,0.14145905,0.18465544,0.106111,-0.24988833,0.23797359,0.04928154,0.57087308,0.09954593,0.03056111,0.34865257,-0.12487012,-0.26715097,-0.18475631,-0.24468817,-0.26537603,-0.0712831,-0.14400294,-0.27014384,0.11329908,-0.31829602,-0.39676777,0.28934216,-0.25063631,5553000.09898544,0.13576894,0.18068232,0.10364217,-0.24666709,0.23901781,0.05193202,0.5706569,0.10022274,0.03752961,0.33850488,-0.11913555,-0.26187396,-0.17787433,-0.24168639,-0.26502463,-0.06756874,-0.14274016,-0.26845104,0.10621013,-0.31610411,-0.39865392,0.28253117,-0.24622276,5554000.09908545,0.13842461,0.18643488,0.10762312,-0.2497291,0.2397828,0.04526551,0.5697692,0.09971873,0.03337038,0.35125178,-0.12011993,-0.26731288,-0.18030554,-0.24114841,-0.26608631,-0.06730396,-0.13765669,-0.27280998,0.10912175,-0.3194626,-0.40169513,0.28229359,-0.2469143,5555000.09746284,0.13712341,0.18559255,0.10694912,-0.2560451,0.23992416,0.04446232,0.57097131,0.10207909,0.02865746,0.3499029,-0.12410155,-0.26140523,-0.17452413,-0.23719434,-0.26698923,-0.06782851,-0.13668655,-0.27298403,0.11427362,-0.31806415,-0.40436909,0.28466552,-0.26092938,5556000.09983029,0.1417769,0.18553375,0.10875953,-0.25922084,0.24299403,0.04073324,0.56909877,0.09881917,0.02724118,0.34884334,-0.12790382,-0.26107103,-0.18143395,-0.23762016,-0.26808494,-0.07065391,-0.14305425,-0.27049708,0.10770978,-0.32325774,-0.40453595,0.28935379,-0.2508693,5557000.10027511,0.14103599,0.18553248,0.10984998,-0.25968781,0.24353747,0.04257718,0.56976378,0.09665259,0.02604354,0.34729972,-0.13129127,-0.26702109,-0.18405198,-0.23895685,-0.26748362,-0.06931155,-0.15154554,-0.27500042,0.10636298,-0.31909621,-0.4049142,0.28306568,-0.24703343,5558000.10225565,0.13761739,0.18628737,0.11281732,-0.26231593,0.24578345,0.03828306,0.57234949,0.09764179,0.02262334,0.34645477,-0.13313238,-0.2675375,-0.18224928,-0.23848847,-0.2686291,-0.0713473,-0.14371492,-0.27306035,0.10855266,-0.31183058,-0.40338507,0.28894481,-0.2505309,5559000.10552848,0.13712756,0.18843952,0.11450095,-0.26556572,0.24478364,0.04274362,0.57053339,0.09838413,0.0202363,0.3436996,-0.12944198,-0.27948365,-0.18237227,-0.24444596,-0.2690427,-0.0695302,-0.15856975,-0.2717481,0.10609009,-0.32063761,-0.40228918,0.29195186,-0.25077125,5560000.10415676,0.1364156,0.18596579,0.11276878,-0.26423737,0.24164625,0.04056691,0.56839085,0.0977927,0.02090983,0.34776169,-0.13111758,-0.27738589,-0.1783196,-0.24373823,-0.26965052,-0.07475973,-0.1516742,-0.27790105,0.11767798,-0.31186184,-0.40045258,0.28896824,-0.24775754,5561000.09952953,0.13427962,0.18619697,0.1043178,-0.24998423,0.23818077,0.05077104,0.56985742,0.10052857,0.03152143,0.34665003,-0.11695848,-0.26116297,-0.18201108,-0.24028607,-0.26602218,-0.07026649,-0.14969271,-0.2731908,0.11021976,-0.31304982,-0.39937472,0.2830399,-0.2457135,5562000.10014147,0.13692945,0.18864691,0.10669651,-0.25450304,0.23722628,0.05105817,0.57040399,0.09890152,0.03285746,0.34966236,-0.11723527,-0.26590809,-0.18484463,-0.23379375,-0.26729733,-0.070173,-0.14069319,-0.27441481,0.10502572,-0.31630048,-0.40140587,0.28078452,-0.24988709,5563000.10416952,0.13223292,0.18722115,0.10820183,-0.26158848,0.23902971,0.04599059,0.57189822,0.09778481,0.02779824,0.34277061,-0.12309315,-0.26892152,-0.18392605,-0.2401623,-0.26823667,-0.07477031,-0.14690576,-0.27311745,0.10636496,-0.31872004,-0.40440595,0.28493962,-0.25331911,5564000.1043588,0.13843717,0.18861547,0.10826524,-0.26027247,0.23610766,0.04146648,0.571711,0.10001767,0.02743497,0.33886451,-0.11957826,-0.27310732,-0.18796176,-0.2400979,-0.2685841,-0.07645861,-0.14900833,-0.27537534,0.10361558,-0.32128069,-0.40639839,0.28480878,-0.25991023,5565000.10148732,0.13797146,0.18425436,0.10935504,-0.26167271,0.24062718,0.04265342,0.57069564,0.09915674,0.02586051,0.35363996,-0.12350291,-0.27775398,-0.18231069,-0.23988239,-0.26916176,-0.07567158,-0.14529599,-0.27430481,0.11156172,-0.32159388,-0.4069564,0.28539339,-0.2608918,5566000.10390017,0.13688439,0.18756586,0.11199986,-0.2635442,0.24520344,0.04255123,0.57250965,0.09935042,0.02323415,0.34753078,-0.12866358,-0.27086669,-0.18775494,-0.24253327,-0.26904228,-0.07752664,-0.15825972,-0.27443287,0.11304656,-0.32039213,-0.40633774,0.28844115,-0.2535921,5567000.10626253,0.13503727,0.18869822,0.1134107,-0.26920816,0.24271418,0.0377445,0.57085323,0.09986176,0.02002831,0.33823282,-0.12808384,-0.27453926,-0.18318936,-0.24600926,-0.27019581,-0.06983771,-0.14998354,-0.27623859,0.11034257,-0.32193393,-0.40396386,0.28871244,-0.25044435,5568000.10397791,0.13799541,0.186663,0.11292889,-0.26684889,0.24329387,0.04191108,0.56748009,0.0976105,0.02077729,0.34249604,-0.12314884,-0.26450381,-0.17652903,-0.24402067,-0.27094039,-0.07369985,-0.1503341,-0.27885604,0.10520831,-0.3213506,-0.40258181,0.29565534,-0.25229749,5569000.10188504,0.13137577,0.18320502,0.10409444,-0.2540063,0.23491089,0.04568651,0.57164663,0.10038966,0.03180478,0.35595289,-0.11684496,-0.2644937,-0.17737301,-0.24487782,-0.26597545,-0.07179321,-0.13927132,-0.27294281,0.10557915,-0.31165072,-0.40171292,0.28952035,-0.25454104,5570000.10325493,0.13131979,0.18233676,0.10532072,-0.25423118,0.23800191,0.04643483,0.57506752,0.10160518,0.03309646,0.35763034,-0.11041782,-0.26667869,-0.17178135,-0.2439651,-0.26794481,-0.07495618,-0.15444061,-0.27417669,0.11204597,-0.31188443,-0.40432277,0.28601611,-0.25543481,5571000.0997184,0.13155492,0.18451416,0.10789775,-0.26037049,0.23632601,0.04323396,0.57276744,0.09887225,0.0289817,0.34871256,-0.11738396,-0.26376286,-0.18332349,-0.24029528,-0.26945934,-0.07542808,-0.15202446,-0.27302673,0.108627,-0.31742704,-0.40756938,0.29088759,-0.25065747,5572000.10238709,0.13659422,0.18747889,0.10890704,-0.26186761,0.24136662,0.04680086,0.57053566,0.09969942,0.02727091,0.34717008,-0.12226512,-0.26704976,-0.17795026,-0.24110778,-0.26934278,-0.06887781,-0.15068918,-0.27588165,0.10597023,-0.3183364,-0.40692273,0.29275787,-0.25643355,5573000.10395446,0.13702962,0.18535714,0.11174351,-0.2648631,0.24113801,0.04150667,0.57640982,0.10038371,0.02633909,0.34197885,-0.11553552,-0.27250335,-0.18723042,-0.24544203,-0.26867127,-0.072092,-0.15057549,-0.2762365,0.11175755,-0.32270628,-0.40823182,0.28790453,-0.26005626,5574000.10507943,0.14065558,0.18570498,0.11389145,-0.26504302,0.24466179,0.04557344,0.57173163,0.10017519,0.02440432,0.34333637,-0.1203706,-0.26691097,-0.184696,-0.24229842,-0.2695387,-0.07086885,-0.15311219,-0.27425468,0.10735734,-0.32370779,-0.4083949,0.28973156,-0.25580409,5575000.1063944,0.14444779,0.18689787,0.11629672,-0.26667067,0.24424101,0.04257923,0.56949681,0.10078958,0.02188861,0.34871924,-0.1208117,-0.27276757,-0.18264188,-0.24554263,-0.26958042,-0.07494719,-0.15503977,-0.2749109,0.10878781,-0.32459614,-0.40662229,0.29030472,-0.25809586,5576000.10406591,0.13763963,0.19014809,0.11215902,-0.26691335,0.24180655,0.04438398,0.57096815,0.09865828,0.02322327,0.34737283,-0.1145262,-0.26491758,-0.18309869,-0.24564637,-0.26825422,-0.07315572,-0.15113911,-0.27322325,0.11303478,-0.32527411,-0.40480682,0.29509726,-0.24552162,5577000.10023927,0.13384216,0.18703353,0.10571084,-0.24775119,0.23869093,0.04679153,0.57016891,0.10043619,0.0361855,0.35072467,-0.10789829,-0.26388562,-0.17981909,-0.24073665,-0.26510823,-0.06846566,-0.15395051,-0.27238917,0.10816751,-0.31662619,-0.40322316,0.28989834,-0.25670615,5578000.10124042,0.13496116,0.18750449,0.10743517,-0.25204632,0.24078687,0.04969415,0.57401139,0.10047285,0.03602425,0.35371765,-0.11079801,-0.26386335,-0.1733796,-0.24591814,-0.26640481,-0.06712339,-0.14153135,-0.27200916,0.10426914,-0.32119599,-0.40521452,0.29226056,-0.2604382,5579000.10209721,0.13421512,0.18962942,0.10810664,-0.25309959,0.24296093,0.04249784,0.57450157,0.10139316,0.03153582,0.35293952,-0.11719535,-0.27175081,-0.17690197,-0.24402864,-0.26714087,-0.06849227,-0.15131006,-0.2727302,0.10517382,-0.32773831,-0.40835297,0.28981978,-0.26118016,5580000.10104089,0.1387171,0.1863448,0.10852269,-0.2552959,0.2445391,0.04435119,0.57217401,0.09918904,0.03034617,0.35676122,-0.12064109,-0.26899236,-0.18049991,-0.24019468,-0.26912686,-0.06806482,-0.14381993,-0.2725291,0.10580673,-0.32115754,-0.40981722,0.29291749,-0.25781214,5581000.10319797,0.14160778,0.18797089,0.10978793,-0.25779885,0.24236625,0.04293096,0.57383859,0.10173423,0.02731383,0.35251504,-0.11807152,-0.26838619,-0.18269771,-0.24012388,-0.26902255,-0.07155904,-0.13855782,-0.27732718,0.10963686,-0.31247449,-0.41051862,0.28661996,-0.25357628,5582000.10453209,0.13945784,0.18968652,0.11278545,-0.2633574,0.24169929,0.04806081,0.5767526,0.099863,0.02608012,0.3562476,-0.12027017,-0.2639651,-0.18134862,-0.24468683,-0.26708698,-0.06805622,-0.14648432,-0.27128297,0.11254774,-0.32305992,-0.41067654,0.28942037,-0.25903904,5583000.10603579,0.13566737,0.18759137,0.11432416,-0.26192757,0.24359198,0.03810383,0.57562745,0.099642,0.02365072,0.34985253,-0.11337016,-0.27311769,-0.18287651,-0.24634215,-0.26929539,-0.06651944,-0.14483184,-0.27716711,0.11452121,-0.32665691,-0.40890753,0.29493093,-0.24860936,5584000.1021517,0.13652153,0.18886697,0.11055822,-0.25123736,0.24198183,0.04339842,0.57518047,0.10245729,0.02813891,0.34582937,-0.10874336,-0.27820259,-0.18773758,-0.24344385,-0.2664876,-0.06876528,-0.15517315,-0.27529466,0.11367023,-0.31659719,-0.40768039,0.28908637,-0.25043607,5585000.10024976,0.13563022,0.18662688,0.10585268,-0.24838457,0.23872553,0.05008936,0.57425666,0.10172559,0.03880518,0.35780743,-0.10749941,-0.27477267,-0.17861585,-0.24132594,-0.26373228,-0.06550892,-0.15378456,-0.27165857,0.11510998,-0.31466845,-0.40713748,0.28740779,-0.25643316,5586000.10097378,0.13407327,0.18483251,0.10757682,-0.24944519,0.23875079,0.04809622,0.57532197,0.10206584,0.03629892,0.35984957,-0.10894334,-0.26208752,-0.17167775,-0.23970808,-0.26614973,-0.06539035,-0.15204355,-0.27470741,0.10856616,-0.32369226,-0.40948001,0.2859832,-0.25926483,5587000.10216442,0.13588768,0.18515374,0.10985158,-0.25318468,0.24485339,0.04918976,0.57786107,0.1012559,0.03121003,0.35612294,-0.1141725,-0.26652735,-0.17684634,-0.24419573,-0.26914662,-0.06700116,-0.14204599,-0.27721229,0.10529467,-0.32927579,-0.41258425,0.2858361,-0.25961822,5588000.10257618,0.14007223,0.1884968,0.10922634,-0.2529386,0.24566071,0.05048088,0.5763976,0.10162343,0.03032965,0.34626916,-0.11707056,-0.26554775,-0.18449016,-0.2426731,-0.26805279,-0.06833587,-0.14360534,-0.27761638,0.10643045,-0.33045816,-0.4146643,0.28936875,-0.25706062,5589000.10174213,0.13915175,0.18858378,0.11304181,-0.26063767,0.24285501,0.04408965,0.57548934,0.10039885,0.02847829,0.35262337,-0.12215762,-0.26745966,-0.18149744,-0.24462883,-0.26906914,-0.06926759,-0.14798276,-0.27780798,0.11148632,-0.32425287,-0.4134554,0.28626758,-0.26183358,5590000.10289974,0.13873085,0.18969129,0.11637953,-0.259298,0.24175228,0.04467081,0.57819784,0.1007834,0.02458321,0.34427828,-0.12004259,-0.26797256,-0.18271612,-0.24701089,-0.26832366,-0.0637167,-0.15080665,-0.27560574,0.11205498,-0.32682037,-0.41298953,0.29080653,-0.25703266,5591000.10613039,0.14696448,0.18835253,0.11750177,-0.26002038,0.24783683,0.04482294,0.57562929,0.10013528,0.02294684,0.35738727,-0.12152191,-0.27204689,-0.17996879,-0.24627338,-0.26830605,-0.0643686,-0.14289731,-0.27842087,0.11396462,-0.32580212,-0.41112524,0.29185924,-0.25288156,5592000.10317717,0.14038679,0.190064,0.10858885,-0.25210029,0.24364564,0.0498447,0.57338053,0.10129314,0.02891265,0.35139948,-0.11759927,-0.276366,-0.17276545,-0.24631585,-0.26656258,-0.06930931,-0.15252452,-0.27418253,0.10805983,-0.32249209,-0.40960276,0.29254109,-0.24843295,5593000.0997076,0.1380125,0.18759549,0.10516026,-0.24500301,0.2414176,0.05502619,0.57897776,0.10338419,0.03740191,0.35467789,-0.11223595,-0.27250323,-0.1681461,-0.24440086,-0.26522639,-0.06679926,-0.14609538,-0.27789202,0.11473342,-0.32554829,-0.40992299,0.28501639,-0.2544564,5594000.10035295,0.13914679,0.18826905,0.10922445,-0.2499533,0.2410447,0.0539728,0.58089733,0.10344007,0.03316192,0.35462987,-0.11502413,-0.26149738,-0.17778011,-0.24498685,-0.2660875,-0.0653521,-0.15666652,-0.27339637,0.10461558,-0.32641584,-0.41287512,0.27941844,-0.25852489,5595000.10139861,0.13699481,0.19048302,0.10957737,-0.25291979,0.24143089,0.05318946,0.57906228,0.10287242,0.02987395,0.35243356,-0.12009455,-0.26779824,-0.1753087,-0.24450138,-0.26637709,-0.06715779,-0.15806744,-0.28017104,0.10232313,-0.32115865,-0.41531265,0.28532633,-0.2561731,5596000.10295625,0.13490981,0.19048104,0.11009084,-0.25415748,0.24286926,0.04532551,0.58166122,0.10193652,0.02852623,0.35004964,-0.11816914,-0.26634419,-0.16945435,-0.24818687,-0.26692352,-0.06674019,-0.14387044,-0.27592757,0.10768061,-0.32265735,-0.41595122,0.29332465,-0.25185466,5597000.10175424,0.14156015,0.18861547,0.11249638,-0.25593546,0.24222401,0.04783671,0.58116966,0.10385924,0.02685699,0.34515479,-0.12041543,-0.26231906,-0.17044115,-0.24706283,-0.26841816,-0.0646276,-0.14972845,-0.27590945,0.10617454,-0.31869689,-0.41490394,0.29048979,-0.25603703,5598000.1038246,0.14423579,0.19179145,0.11532035,-0.26170221,0.24836379,0.05017502,0.58189613,0.10313427,0.02512788,0.33980545,-0.12496853,-0.2715492,-0.17965446,-0.24453491,-0.26805693,-0.06689902,-0.15912975,-0.27512076,0.11206075,-0.32210171,-0.41414669,0.29194883,-0.25400832,5599000.1069322,0.14551504,0.19158752,0.11424477,-0.25719473,0.24869743,0.05106283,0.57813346,0.10264984,0.02334062,0.34548238,-0.12312197,-0.26930526,-0.1705793,-0.24397652,-0.26655245,-0.06956765,-0.16378143,-0.27486065,0.11770249,-0.32631421,-0.41229743,0.2964994,-0.25493005,5600000.10515716,0.14166065,0.18727534,0.10724312,-0.24635229,0.24201545,0.04992996,0.57796264,0.10563914,0.03273319,0.33582976,-0.10929309,-0.26865327,-0.1660205,-0.24428,-0.2655164,-0.06777512,-0.15636916,-0.27646756,0.11781106,-0.31009015,-0.41058064,0.28944862,-0.25541306,5601000.10108652,0.14075884,0.18855985,0.10784694,-0.24704227,0.24299403,0.0526129,0.58182597,0.10680884,0.0370697,0.35307246,-0.11224581,-0.25338957,-0.16603275,-0.24240787,-0.26546222,-0.06635894,-0.14891967,-0.27396598,0.10641267,-0.32196313,-0.41066194,0.28316331,-0.26126984,5602000.10379098,0.14190501,0.18867809,0.11137246,-0.25208753,0.24383384,0.04436401,0.57852405,0.10675385,0.03193531,0.35079005,-0.11570253,-0.26705703,-0.16075429,-0.24336743,-0.26373565,-0.06094533,-0.14650162,-0.27104121,0.1038449,-0.31887907,-0.41418585,0.28660643,-0.26078868,5603000.10088663,0.14372151,0.18981212,0.10906383,-0.25173974,0.24418542,0.04442564,0.58048052,0.10588042,0.03004348,0.34103641,-0.12163922,-0.2578373,-0.16583525,-0.24658161,-0.26399958,-0.06494445,-0.14928904,-0.27614799,0.10511646,-0.31467023,-0.41349399,0.28691834,-0.25837013,5604000.1047582,0.14245297,0.19187851,0.11029823,-0.25238383,0.24374796,0.04780896,0.58510119,0.10552263,0.02903914,0.33840883,-0.1220866,-0.26074418,-0.16185524,-0.24549715,-0.26588032,-0.06838765,-0.15706858,-0.27823725,0.11384657,-0.32900819,-0.41348001,0.29311845,-0.26079118,5605000.10232162,0.14294398,0.18751185,0.11395622,-0.25531724,0.24122579,0.0511626,0.58468372,0.10723849,0.02695064,0.3466042,-0.11745107,-0.25946245,-0.16808526,-0.24580234,-0.26550975,-0.06606386,-0.1596379,-0.27595493,0.11269956,-0.32331809,-0.41136339,0.28881124,-0.26013726,5606000.10305529,0.14623302,0.19030689,0.11605871,-0.25602055,0.24434577,0.05013728,0.58175081,0.10760385,0.02421167,0.34117284,-0.11965582,-0.25659251,-0.16426,-0.24780044,-0.26506019,-0.0633285,-0.14965342,-0.27646506,0.11201838,-0.31316006,-0.41057888,0.28577605,-0.25572595,5607000.10352183,0.14369887,0.18736573,0.11182367,-0.25299329,0.24385521,0.05244469,0.58065718,0.10480923,0.02651319,0.3338699,-0.11933577,-0.26562339,-0.16878413,-0.24980311,-0.26479936,-0.06378078,-0.15826426,-0.2764447,0.11337795,-0.31437632,-0.40829569,0.29502332,-0.24864376,5608000.09936322,0.14247179,0.18733455,0.10467876,-0.23710108,0.23966686,0.05429949,0.5796681,0.11077008,0.03906453,0.34592217,-0.11373031,-0.26556852,-0.15350683,-0.24725455,-0.26127779,-0.06245613,-0.15492661,-0.27462456,0.10864271,-0.31758425,-0.40650252,0.28888297,-0.24971515,5609000.09877446,0.1434049,0.18457592,0.10595354,-0.24425612,0.23945016,0.05467234,0.58545637,0.11151014,0.03810098,0.34545693,-0.10526963,-0.26828817,-0.1543213,-0.24833085,-0.26277635,-0.0587662,-0.15284678,-0.27308309,0.11010166,-0.32095748,-0.4081606,0.28358105,-0.25069299,5610000.0994413,0.14159657,0.18963966,0.1088374,-0.24560374,0.24013443,0.0523537,0.58090758,0.10762769,0.03350392,0.34459496,-0.11205342,-0.26334268,-0.16183122,-0.2451566,-0.26394823,-0.06232335,-0.15082906,-0.27558908,0.10461862,-0.32246569,-0.41064861,0.28026688,-0.25202549,5611000.10005268,0.14538878,0.18547794,0.11215765,-0.2466599,0.24395648,0.0537233,0.58367151,0.1091677,0.0326361,0.33583057,-0.11553203,-0.27216431,-0.15051423,-0.2459137,-0.26048067,-0.06135898,-0.13910198,-0.27719128,0.10702898,-0.32253978,-0.40917045,0.28980857,-0.25147033,5612000.10127635,0.14742292,0.18588515,0.11204545,-0.25170782,0.24115142,0.05857644,0.58463138,0.10999788,0.03115364,0.33592004,-0.11489467,-0.27059609,-0.14856711,-0.24916685,-0.26198342,-0.05973901,-0.14569351,-0.27404982,0.10320888,-0.31237814,-0.40721378,0.29186895,-0.2497547,5613000.10218869,0.14686155,0.1866692,0.11400409,-0.25205484,0.23969841,0.05532638,0.58324844,0.11292965,0.02939688,0.34008181,-0.11483016,-0.26489961,-0.15455326,-0.2507416,-0.26246607,-0.06086195,-0.14649943,-0.27449623,0.10799645,-0.31847525,-0.4068068,0.28866962,-0.25219247,5614000.10476056,0.1495042,0.18643618,0.11694194,-0.2570883,0.24019089,0.05387502,0.5816226,0.11054871,0.02846191,0.34511006,-0.11340696,-0.26931739,-0.15364239,-0.2507697,-0.26032853,-0.06751197,-0.1424147,-0.27883524,0.11364722,-0.32151678,-0.4059501,0.28781575,-0.25166646,5615000.10455855,0.14418057,0.18585242,0.1102208,-0.24626721,0.24084005,0.05324921,0.58175093,0.10880416,0.03400142,0.33885142,-0.10596689,-0.26972646,-0.15322514,-0.25126803,-0.25787097,-0.06491603,-0.1565395,-0.27596539,0.10587972,-0.31055278,-0.4030064,0.29394209,-0.24259263,5616000.09949681,0.14405276,0.18352877,0.10288481,-0.23863482,0.23655118,0.06615108,0.58016849,0.11248433,0.04363851,0.34306639,-0.10467721,-0.25651196,-0.14369772,-0.24897607,-0.25717321,-0.06247736,-0.15514113,-0.27381301,0.10575558,-0.31466782,-0.40073314,0.29061952,-0.24172035,5617000.09904087,0.14538544,0.18530364,0.10552026,-0.24142976,0.23598054,0.06193863,0.58015621,0.11369395,0.03979494,0.34580737,-0.10717891,-0.25454149,-0.14759754,-0.24765082,-0.25901207,-0.06049641,-0.13803811,-0.27474347,0.10919468,-0.32119915,-0.40355012,0.28900725,-0.25437111,5618000.09807298,0.14552636,0.18603167,0.10619102,-0.24157511,0.23980179,0.06488482,0.58234686,0.1125225,0.03699987,0.34536707,-0.10854425,-0.25467384,-0.15189771,-0.2499565,-0.25861618,-0.0609742,-0.14176387,-0.2712037,0.11135962,-0.32840508,-0.40485656,0.29248387,-0.24828894,5619000.100353,0.14621116,0.18568225,0.10551623,-0.24558428,0.24448384,0.05618086,0.58660448,0.11456423,0.03731886,0.34651521,-0.10736625,-0.25822082,-0.15218915,-0.24721651,-0.26028419,-0.05629975,-0.14771274,-0.27221689,0.10479998,-0.32720506,-0.40600383,0.28262076,-0.25053522,5620000.0993297,0.1440888,0.18617743,0.10774659,-0.24713175,0.23669869,0.05329863,0.58509284,0.11166794,0.03569278,0.34688267,-0.10899883,-0.26322034,-0.1550732,-0.2447913,-0.25969923,-0.0593418,-0.15322161,-0.27599877,0.10264152,-0.32490265,-0.40466031,0.29485968,-0.24962531,5621000.10005268,0.14548445,0.18961163,0.11312053,-0.24847709,0.23827688,0.0525468,0.58137465,0.11154764,0.03252421,0.3439644,-0.11144901,-0.26670375,-0.15357842,-0.24900234,-0.26114628,-0.06272826,-0.1493206,-0.27775171,0.10907129,-0.31827125,-0.40313002,0.29281223,-0.24423219,5622000.10338087,0.15044193,0.18812579,0.11454991,-0.24923941,0.24659012,0.05417935,0.5828144,0.10965094,0.03050953,0.33432895,-0.11162169,-0.26592258,-0.15635897,-0.25206926,-0.2606861,-0.06280107,-0.15370046,-0.27934799,0.11292358,-0.31612819,-0.40025494,0.29066804,-0.24373016,5623000.0988175,0.14437297,0.18254167,0.108394,-0.24420202,0.2401749,0.05684217,0.58281058,0.11039189,0.03589506,0.33933201,-0.10283311,-0.26207983,-0.15069401,-0.25194541,-0.25914058,-0.06103977,-0.15891406,-0.2738646,0.10770389,-0.31266174,-0.39789125,0.29173672,-0.23768334,5624000.09560514,0.14185667,0.18576869,0.10312154,-0.23625396,0.23952585,0.05999151,0.58325493,0.11317629,0.045244,0.33967456,-0.10378691,-0.26841679,-0.14376894,-0.2482463,-0.25664195,-0.06097148,-0.13640566,-0.27895379,0.10382138,-0.31366235,-0.39701679,0.28187475,-0.24740432,5625000.09708078,0.14172533,0.18577047,0.10479661,-0.24515887,0.2415345,0.06416739,0.5858075,0.11536855,0.04137896,0.34492692,-0.10800105,-0.27212968,-0.1491363,-0.24829882,-0.2576609,-0.06495514,-0.14823332,-0.27426505,0.10315959,-0.31870481,-0.40079293,0.28938508,-0.25077766,5626000.09799299,0.14097701,0.18882793,0.10910738,-0.24599518,0.24275969,0.06283968,0.58740383,0.11388066,0.03780372,0.33791038,-0.10702733,-0.2693297,-0.14825013,-0.25167677,-0.25914609,-0.06036431,-0.15649237,-0.27498797,0.10364014,-0.32246146,-0.40153983,0.29309261,-0.24713029,5627000.09635773,0.14189562,0.18944079,0.10954106,-0.24784264,0.2456414,0.05846524,0.58253574,0.11017147,0.03739407,0.33223239,-0.10488709,-0.26690018,-0.15389463,-0.25282133,-0.26009345,-0.06124732,-0.16461901,-0.27636635,0.10832873,-0.32178313,-0.40232539,0.29230258,-0.24348593,5628000.09810613,0.14637725,0.18862401,0.10670486,-0.24786793,0.24279732,0.05742892,0.58175981,0.11075807,0.03639459,0.33616853,-0.10947372,-0.26842052,-0.15501115,-0.25305897,-0.2618795,-0.06070968,-0.14080358,-0.27966207,0.10557374,-0.31974244,-0.40152583,0.29138145,-0.24427386,5629000.09968504,0.14743924,0.18675999,0.11106788,-0.25279883,0.24425498,0.05409473,0.58332449,0.11037439,0.03396315,0.33933201,-0.10938773,-0.26931113,-0.15318917,-0.25347677,-0.26247919,-0.06107077,-0.14939825,-0.28045598,0.09746965,-0.33121154,-0.40105996,0.2927191,-0.24306871,5630000.10341381,0.14912309,0.19290751,0.11108453,-0.2524752,0.24650225,0.05337904,0.58811945,0.10900926,0.03102025,0.33282343,-0.10850329,-0.26928782,-0.15588318,-0.25408641,-0.26099858,-0.06320925,-0.15929493,-0.27799335,0.10213745,-0.31709573,-0.3986654,0.29376316,-0.23845717,5631000.10237787,0.14572275,0.18658414,0.10416906,-0.24256554,0.24003392,0.06155476,0.58579457,0.10905593,0.03729698,0.32591483,-0.10490242,-0.26116005,-0.15805288,-0.25389761,-0.25863427,-0.06215628,-0.15518484,-0.27387893,0.10595413,-0.32028809,-0.39605537,0.2954652,-0.24089405,5632000.09754068,0.13729395,0.18411186,0.10045329,-0.24204466,0.24181968,0.05812463,0.58435571,0.10939803,0.04437776,0.33373126,-0.10245147,-0.25677744,-0.153556,-0.24902849,-0.25717461,-0.06120486,-0.15759864,-0.27646947,0.10252587,-0.32314065,-0.39655143,0.29182559,-0.24296474,5633000.09937431,0.13920751,0.18868275,0.10457318,-0.24700333,0.2433781,0.05871981,0.58426124,0.1111301,0.0416931,0.34224489,-0.10403928,-0.2712917,-0.15417686,-0.25069642,-0.2595396,-0.05915538,-0.16053763,-0.27395818,0.10634758,-0.32047665,-0.39970896,0.29766211,-0.24425593,5634000.10155466,0.14050043,0.18882687,0.10785852,-0.253555,0.24172917,0.05784119,0.58360755,0.10901473,0.03795182,0.34062836,-0.10775148,-0.27119553,-0.15084209,-0.25283176,-0.25948891,-0.06097886,-0.15526298,-0.27608591,0.10634758,-0.32227698,-0.40158337,0.28841919,-0.24932906,5635000.10282332,0.14150837,0.18941031,0.10729899,-0.24893925,0.24478231,0.05520225,0.58539027,0.10819271,0.03770292,0.33661246,-0.10821596,-0.26787764,-0.153945,-0.24980766,-0.26063818,-0.06650503,-0.14630575,-0.27809238,0.09828377,-0.33146107,-0.40090621,0.28465828,-0.2499408,5636000.10080913,0.14247443,0.18792419,0.10887152,-0.25252664,0.24395648,0.05064166,0.58600044,0.10841196,0.03556385,0.34182692,-0.11249415,-0.26760885,-0.15551604,-0.25141418,-0.26247743,-0.06818451,-0.15415514,-0.27592263,0.10616045,-0.32319263,-0.40072781,0.28971541,-0.24883282,5637000.10271253,0.1466435,0.18774971,0.11321808,-0.2553786,0.24444713,0.05576989,0.58445787,0.10687318,0.03282125,0.32964322,-0.1139757,-0.26051793,-0.15669751,-0.25426906,-0.26344824,-0.06315742,-0.17033401,-0.28151789,0.10858346,-0.32648423,-0.39887264,0.29318473,-0.24421878,5638000.10284592,0.14201984,0.18588592,0.11057346,-0.25247985,0.24502903,0.05499937,0.5824278,0.10561682,0.03130464,0.34414569,-0.11179208,-0.2720148,-0.15334721,-0.25768065,-0.26421452,-0.06594685,-0.16312753,-0.27656183,0.10607788,-0.32417175,-0.3983658,0.29655543,-0.23577441,5639000.09852983,0.14010151,0.1848087,0.10236216,-0.24286582,0.2370932,0.05945007,0.58033985,0.10931611,0.0434645,0.34706721,-0.10143565,-0.27075574,-0.15325047,-0.25185761,-0.25998425,-0.06247769,-0.14765985,-0.27415571,0.10502744,-0.317756,-0.39574388,0.29695621,-0.23616564,5640000.09918528,0.13726868,0.18603224,0.10297865,-0.24027649,0.23731843,0.06243082,0.58453643,0.1121041,0.04592633,0.34703809,-0.10432965,-0.26312029,-0.15654658,-0.2479133,-0.26180467,-0.06185143,-0.15324557,-0.2774457,0.10468691,-0.32070619,-0.39687979,0.29045838,-0.24326397,5641000.10081998,0.13731213,0.18478094,0.10499287,-0.24985273,0.2404169,0.05993608,0.5851813,0.10732853,0.04122582,0.33925468,-0.1095075,-0.27522957,-0.15059854,-0.25491235,-0.26398849,-0.06178436,-0.15423228,-0.27807555,0.10157365,-0.3300783,-0.3988736,0.29104644,-0.24340264,5642000.09793859,0.13678342,0.18507181,0.10572996,-0.25201443,0.23878516,0.05348962,0.58211035,0.10787642,0.03866823,0.33427599,-0.10646081,-0.26943666,-0.15584297,-0.25218275,-0.26302391,-0.06566902,-0.16407682,-0.2818577,0.10041478,-0.32654124,-0.4000065,0.28894192,-0.25230557,5643000.09836146,0.14245018,0.18568225,0.10837498,-0.25457066,0.2400963,0.05450557,0.58362377,0.10654441,0.03823628,0.33071488,-0.10950928,-0.27086505,-0.16339551,-0.25523075,-0.26308224,-0.06385026,-0.16463524,-0.27840579,0.11030239,-0.32237655,-0.40034047,0.29275799,-0.24608296,5644000.10402705,0.14521956,0.18568155,0.10927303,-0.25426859,0.24106352,0.05255574,0.58289272,0.10402516,0.03721099,0.33811596,-0.10666712,-0.26584944,-0.16039343,-0.25689617,-0.26510805,-0.06685285,-0.16028872,-0.27676421,0.10638401,-0.32106587,-0.40008494,0.29442054,-0.24008802,5645000.10441735,0.14419734,0.18789254,0.11361933,-0.25865582,0.24390692,0.05369287,0.58402133,0.1039533,0.03418205,0.33355442,-0.10825387,-0.26417524,-0.16179378,-0.25912318,-0.26547688,-0.06294534,-0.16164866,-0.27845821,0.10557915,-0.32376319,-0.39945808,0.29339767,-0.24447159,5646000.10158805,0.14027528,0.18602903,0.10929263,-0.24812028,0.2390047,0.04880502,0.57978684,0.1050292,0.03865705,0.32971868,-0.10165978,-0.25164765,-0.16624059,-0.255891,-0.26257327,-0.06687593,-0.16808428,-0.27691719,0.10851303,-0.32022607,-0.39670753,0.29931712,-0.23380744,5647000.09747292,0.14123495,0.18193176,0.10280848,-0.2400436,0.24010564,0.05888433,0.58040386,0.10736359,0.05005948,0.33793953,-0.0968342,-0.25818872,-0.15926139,-0.25035357,-0.26040024,-0.06678199,-0.16155672,-0.27617076,0.10983039,-0.31972006,-0.39693862,0.2933948,-0.24155934,5648000.09959556,0.1402998,0.1873714,0.10509079,-0.24484806,0.24162541,0.05743511,0.58197355,0.10833894,0.0458953,0.33967456,-0.10307343,-0.25792414,-0.15894501,-0.25270709,-0.26204777,-0.0661494,-0.15525503,-0.27545345,0.10384541,-0.32829463,-0.39906609,0.29362527,-0.24847639,5649000.09901652,0.13600446,0.18906024,0.10579628,-0.24883693,0.24046709,0.05410092,0.58336067,0.10728907,0.0434355,0.33947161,-0.09999048,-0.26499373,-0.16015758,-0.25614861,-0.26407194,-0.06346328,-0.15812665,-0.27851325,0.10461867,-0.31682658,-0.40193841,0.30030826,-0.24957338,5650000.09977315,0.13558131,0.18710963,0.1074454,-0.25250626,0.23891112,0.05160665,0.58280194,0.10666474,0.042298,0.33823177,-0.10118672,-0.26560494,-0.16065717,-0.25053692,-0.26419225,-0.0629237,-0.15216029,-0.28123334,0.10739427,-0.32667017,-0.40207866,0.28804567,-0.24643108,5651000.10041875,0.13882399,0.18713826,0.1087912,-0.2545644,0.23973286,0.05465342,0.58763242,0.10446327,0.0393548,0.32852525,-0.10765089,-0.26808923,-0.1626614,-0.25193676,-0.26600042,-0.06643973,-0.15033475,-0.2781662,0.11203241,-0.33020723,-0.40202922,0.2940205,-0.24294116,5652000.10306896,0.14220148,0.18667211,0.11121322,-0.25978997,0.24278362,0.05280294,0.58792776,0.10666196,0.03725161,0.34547964,-0.10485704,-0.27216694,-0.16116276,-0.25399613,-0.2673018,-0.0656106,-0.16162063,-0.28340954,0.1083176,-0.32862973,-0.40125737,0.29103065,-0.24121647,5653000.10322493,0.13963097,0.18966922,0.11236846,-0.25833052,0.24127664,0.05153945,0.58141363,0.10303494,0.03538218,0.3421002,-0.10404123,-0.26427004,-0.16151971,-0.25587931,-0.26690003,-0.06415609,-0.17037542,-0.28185126,0.1142615,-0.32813737,-0.400444,0.28929931,-0.24388473,5654000.09906275,0.13788363,0.18498291,0.10457012,-0.24876831,0.23887977,0.05433273,0.58392119,0.10548833,0.04205149,0.34266418,-0.10266072,-0.26054385,-0.16804177,-0.25349781,-0.26520607,-0.07240336,-0.15325631,-0.27899939,0.11109258,-0.3274813,-0.39913329,0.29055932,-0.24178505,5655000.09684954,0.13154131,0.1851006,0.10114016,-0.24305245,0.2359708,0.05699488,0.58309376,0.10694954,0.0492444,0.35403445,-0.09127974,-0.26271966,-0.16697383,-0.25540647,-0.26322806,-0.06529166,-0.16095544,-0.27576315,0.10721266,-0.32044578,-0.40073672,0.29343849,-0.25575185,5656000.09822696,0.13392751,0.18932307,0.10535949,-0.24826252,0.23920552,0.05570059,0.58759397,0.10703886,0.04392338,0.34121558,-0.10005393,-0.26344207,-0.16446307,-0.25413322,-0.26718086,-0.06688141,-0.16549456,-0.27999642,0.10156845,-0.33228642,-0.40322185,0.28949958,-0.2498237,5657000.10049673,0.13753615,0.19037257,0.10526137,-0.25143951,0.24379911,0.05460341,0.58784091,0.10572839,0.04114606,0.33982277,-0.10587184,-0.27398929,-0.16985869,-0.25513017,-0.26818588,-0.06802704,-0.15232301,-0.27994531,0.10373028,-0.32762456,-0.40489337,0.29430443,-0.2505601,5658000.10218886,0.13573259,0.18661474,0.10700896,-0.25736624,0.24414855,0.0515196,0.58635849,0.10540524,0.04003163,0.33445156,-0.09808415,-0.27209356,-0.17273891,-0.25634676,-0.26786536,-0.06914759,-0.16094373,-0.27969289,0.11049168,-0.32840335,-0.40608445,0.29301807,-0.24944043,5659000.10081893,0.13857844,0.18536304,0.10907847,-0.25866252,0.24425498,0.04914955,0.5913229,0.1045786,0.03665502,0.34701997,-0.09866587,-0.27180961,-0.17065714,-0.25643456,-0.26869613,-0.07033543,-0.17230426,-0.27942809,0.10752814,-0.32920057,-0.40491214,0.29840109,-0.24568559,5660000.10158758,0.1376003,0.19162668,0.11397141,-0.25983673,0.24801168,0.04488447,0.5904004,0.1055905,0.03490696,0.33770919,-0.10147578,-0.27067742,-0.17130816,-0.2540538,-0.27003315,-0.06680011,-0.16730019,-0.28219494,0.11409034,-0.33416235,-0.40376273,0.29729518,-0.24878937,5661000.10574305,0.1420251,0.19629319,0.11567374,-0.26178783,0.24671169,0.04759113,0.58208966,0.10466286,0.03203937,0.34289119,-0.10174993,-0.273101,-0.17081797,-0.25766173,-0.27008945,-0.07129176,-0.15887958,-0.28260258,0.11679781,-0.32927391,-0.40280852,0.30284935,-0.24586886,5662000.10169903,0.13369912,0.19045848,0.10815109,-0.25166231,0.24416892,0.04961215,0.58616555,0.10406952,0.03937948,0.33772424,-0.09806111,-0.27362263,-0.17629668,-0.25587323,-0.26882473,-0.06980097,-0.1544496,-0.2821551,0.10648037,-0.32820684,-0.39936906,0.30166245,-0.24085526,5663000.10294551,0.1324901,0.1920646,0.10607921,-0.25261924,0.24155335,0.05780981,0.58573228,0.1075843,0.04541786,0.34264594,-0.09649774,-0.26779953,-0.17179546,-0.25047818,-0.26727429,-0.06501509,-0.15704845,-0.28164151,0.10452671,-0.33520034,-0.39997971,0.30030119,-0.24656565,5664000.10370252,0.13335621,0.19323389,0.10833779,-0.2562167,0.24119391,0.05595411,0.58912331,0.10656879,0.04087519,0.33359513,-0.09845326,-0.26572576,-0.16801287,-0.2518847,-0.26960945,-0.06701858,-0.16508538,-0.27871463,0.11117627,-0.33018005,-0.40344423,0.29109743,-0.24998443,5665000.10380154,0.13399628,0.19300139,0.10801928,-0.25841755,0.24356429,0.05220691,0.58828568,0.1070256,0.03840974,0.3404181,-0.09717512,-0.27771285,-0.16838019,-0.25625241,-0.26893052,-0.07077562,-0.15931825,-0.28075621,0.11153862,-0.33398649,-0.40516949,0.29028419,-0.25088191,5666000.10446777,0.13639909,0.19084191,0.10975059,-0.25998512,0.24212426,0.05929656,0.58723879,0.10784375,0.03727664,0.34568855,-0.09817025,-0.27609861,-0.16495074,-0.25077611,-0.27021185,-0.07234915,-0.15176471,-0.28233936,0.10780317,-0.33782223,-0.4059923,0.29466859,-0.25504172,5667000.10576881,0.13404624,0.19323231,0.11111471,-0.2632474,0.24388194,0.05029863,0.58865321,0.10750347,0.03620713,0.33789086,-0.10025791,-0.27239692,-0.17015153,-0.25192273,-0.27296573,-0.07687785,-0.1576103,-0.28469047,0.10629886,-0.33473071,-0.40505111,0.29595459,-0.25001255,5668000.10610352,0.13797146,0.19381553,0.11299285,-0.26405889,0.24228503,0.05463141,0.59086806,0.10763273,0.03334833,0.33663106,-0.09872545,-0.27336544,-0.1710864,-0.25200066,-0.27196294,-0.07670946,-0.17127,-0.28302911,0.10808399,-0.32863784,-0.40312767,0.29682967,-0.24234258,5669000.10971192,0.13772215,0.19217816,0.1149832,-0.26093736,0.24234174,0.04967984,0.58919805,0.10826714,0.0309999,0.34208891,-0.09947246,-0.27756304,-0.17206205,-0.25543952,-0.27038875,-0.07273837,-0.16516525,-0.28392163,0.10924724,-0.32837799,-0.40198684,0.29945162,-0.24853161,5670000.10344128,0.13243587,0.19118387,0.10772242,-0.25071964,0.24132718,0.05424028,0.58744001,0.10933497,0.0419172,0.33762226,-0.09161526,-0.26327071,-0.16233343,-0.25184917,-0.26779118,-0.07714917,-0.16082972,-0.28584197,0.10550086,-0.32115039,-0.39876184,0.29903427,-0.25129816,5671000.10397791,0.13196898,0.19189,0.10702943,-0.25495699,0.24216251,0.05413637,0.58632106,0.11125751,0.04433731,0.3438893,-0.09062798,-0.27454248,-0.16409431,-0.25440258,-0.26947418,-0.08027872,-0.16687267,-0.28398514,0.11322413,-0.33110774,-0.39898765,0.2937791,-0.25323534,5672000.10758436,0.13333194,0.18987828,0.10901517,-0.25766039,0.24303935,0.05646018,0.58694565,0.11219577,0.03963638,0.34206739,-0.08997268,-0.27887076,-0.1674483,-0.25536093,-0.26899534,-0.07076682,-0.16322282,-0.28088483,0.11306043,-0.33075476,-0.40093401,0.29664156,-0.25094768,5673000.10284304,0.13652888,0.19209266,0.10838953,-0.25592458,0.24282873,0.04888086,0.58813,0.11123637,0.03985844,0.34250212,-0.09000121,-0.27585799,-0.16107938,-0.2520664,-0.27031538,-0.07237609,-0.15129198,-0.28012303,0.11126574,-0.33933318,-0.40176293,0.29706535,-0.24912049,5674000.10786574,0.13919851,0.18923581,0.11101937,-0.26170188,0.240605,0.05329618,0.59046543,0.11290856,0.03820153,0.34601501,-0.08847503,-0.27715069,-0.15792948,-0.25393084,-0.27083439,-0.07510189,-0.16093236,-0.28327844,0.11401547,-0.3284438,-0.40207708,0.2975212,-0.24837171,5675000.10664133,0.13874552,0.1951841,0.11299285,-0.262153,0.24300781,0.05285488,0.58810544,0.11106679,0.03545143,0.33686125,-0.09017829,-0.27984554,-0.16192843,-0.25348213,-0.26955253,-0.07542483,-0.17552143,-0.28616151,0.11272743,-0.33539808,-0.4000802,0.29923469,-0.24344577,5676000.10634032,0.13903138,0.19334564,0.11342632,-0.26445043,0.2477317,0.05422131,0.58609962,0.11177382,0.03362875,0.35152197,-0.09130039,-0.27499044,-0.16650301,-0.25648502,-0.26889282,-0.0737453,-0.15421435,-0.28389156,0.11557509,-0.32354861,-0.39824018,0.30162168,-0.2433196,5677000.10629283,0.13692531,0.19497477,0.11217605,-0.25717801,0.24257085,0.05191755,0.58502162,0.11211514,0.03668652,0.33473808,-0.08667804,-0.27052182,-0.15950114,-0.25260577,-0.26892146,-0.07377393,-0.16669913,-0.28246355,0.11103411,-0.32570839,-0.39516902,0.30296066,-0.2453385,5678000.10522474,0.13481086,0.18952294,0.10490221,-0.24753304,0.24020334,0.05759367,0.58497238,0.11200877,0.04662494,0.33990106,-0.07393787,-0.26507476,-0.15948769,-0.25218886,-0.26808897,-0.0685046,-0.16127878,-0.27683616,0.1171722,-0.31911618,-0.39198104,0.29495415,-0.24487911,5679000.1033011,0.13027036,0.18967323,0.10739351,-0.25499594,0.24312739,0.05632612,0.58679527,0.11447804,0.04533498,0.34693459,-0.07463883,-0.2755194,-0.15552364,-0.25312471,-0.26865396,-0.07261619,-0.15465856,-0.27906758,0.11530542,-0.31980011,-0.39418694,0.29307449,-0.24843842,5680000.1038918,0.13469513,0.18847953,0.10801606,-0.25638819,0.24153097,0.0560258,0.58717299,0.11221155,0.04042697,0.33936432,-0.07764024,-0.26841235,-0.15632999,-0.25441778,-0.268013,-0.06785681,-0.15407103,-0.28079578,0.11040183,-0.32473603,-0.39653546,0.30497047,-0.24928986,5681000.10627572,0.13970111,0.19186179,0.11119306,-0.25704163,0.24070829,0.05734956,0.58941019,0.1122957,0.04125862,0.34282327,-0.07535329,-0.26641482,-0.15375395,-0.25288874,-0.26791894,-0.07394771,-0.15026338,-0.28153449,0.11875273,-0.32674634,-0.39437351,0.29935396,-0.24719113,5682000.10839421,0.14182904,0.19235443,0.11234856,-0.25841007,0.2397788,0.053027,0.58816844,0.11428142,0.03862512,0.34566373,-0.0769781,-0.27075323,-0.15844205,-0.25680965,-0.26766354,-0.06979065,-0.16100985,-0.28006035,0.11961083,-0.32085034,-0.39306819,0.29865435,-0.2498004,5683000.10654303,0.14291815,0.19203338,0.11507925,-0.26192674,0.24327163,0.05649589,0.59115803,0.11353925,0.03584137,0.35165933,-0.08033891,-0.27598614,-0.15259238,-0.25778934,-0.26861486,-0.07572104,-0.16070203,-0.28274816,0.11346032,-0.32097247,-0.39193299,0.30182981,-0.23657805,5684000.10911873,0.14549784,0.19448391,0.11620382,-0.26367947,0.24694063,0.04717429,0.58793467,0.11632067,0.0348205,0.3450506,-0.07801132,-0.264736,-0.14512925,-0.25618842,-0.26914993,-0.07113213,-0.16741242,-0.28206211,0.11310451,-0.31947586,-0.39059609,0.30697688,-0.23381329,5685000.10599536,0.13892718,0.19034015,0.11033164,-0.25098243,0.24083745,0.05377684,0.58445615,0.11590199,0.04200072,0.34823611,-0.06985651,-0.26494241,-0.14717382,-0.25204787,-0.26568571,-0.06994745,-0.16074382,-0.27812174,0.11798203,-0.31787753,-0.38643053,0.30144227,-0.2386637,5686000.10272276,0.13761644,0.18972836,0.10531045,-0.24233313,0.24120162,0.06035363,0.58788842,0.11892451,0.04903201,0.3487891,-0.05996587,-0.25944775,-0.14333208,-0.25382018,-0.26460227,-0.06408514,-0.15015857,-0.28000945,0.10586786,-0.31675962,-0.38670406,0.30122191,-0.23815215,5687000.10237844,0.13966857,0.19005291,0.10812435,-0.24933702,0.24237305,0.05898768,0.58678645,0.11894362,0.04477825,0.34175467,-0.06024041,-0.27243084,-0.13929728,-0.25540119,-0.26592165,-0.0664984,-0.15618408,-0.27868801,0.11231987,-0.32175049,-0.38992834,0.30306461,-0.24086718,5688000.10420472,0.14159729,0.19294071,0.10839729,-0.25335473,0.24174148,0.05438098,0.59029198,0.11846358,0.04178158,0.35277554,-0.06209658,-0.26035032,-0.14072192,-0.25554618,-0.26386333,-0.06876019,-0.14947152,-0.27678341,0.11652355,-0.31767437,-0.38928553,0.29859456,-0.23566525,5689000.10744908,0.14069347,0.1927675,0.11011252,-0.2546047,0.24107145,0.05681559,0.59255064,0.11740129,0.04088284,0.34806904,-0.07062888,-0.26180586,-0.14555801,-0.25523701,-0.26561856,-0.06540346,-0.13942564,-0.28008237,0.10711966,-0.31259581,-0.38754097,0.30517134,-0.23973736,5690000.10524175,0.1394307,0.19334929,0.11220255,-0.25974023,0.24247999,0.05278454,0.59112912,0.11779594,0.03905164,0.34567955,-0.06930054,-0.27052474,-0.14019871,-0.25425848,-0.26604977,-0.06966753,-0.15838288,-0.27908346,0.11866169,-0.31572798,-0.38656086,0.30295849,-0.23017304,5691000.10494076,0.14085914,0.19331783,0.11515884,-0.25843763,0.2434102,0.05628499,0.58976901,0.11898757,0.03673993,0.34576616,-0.06820393,-0.26058215,-0.14293639,-0.25469467,-0.2661438,-0.06972378,-0.15047716,-0.27903488,0.11237501,-0.30869988,-0.38657477,0.30376014,-0.23232968,5692000.10683604,0.14444667,0.19326027,0.11662161,-0.25873703,0.24279732,0.05491966,0.59084463,0.11805562,0.0340456,0.34722713,-0.07253153,-0.25832617,-0.13887012,-0.25478432,-0.26644665,-0.06972151,-0.15262735,-0.28211108,0.11421321,-0.31533784,-0.38357353,0.30672094,-0.22741927,5693000.10403685,0.13562763,0.19422217,0.10766621,-0.24714582,0.23904885,0.06251543,0.58957487,0.11910984,0.04355459,0.33751541,-0.06340481,-0.26379663,-0.14235827,-0.2552267,-0.2636618,-0.06854365,-0.15311982,-0.27811459,0.12048934,-0.31503847,-0.38037416,0.29621819,-0.22325665,5694000.10189968,0.14045182,0.18454833,0.10560555,-0.24334094,0.24037552,0.05804014,0.59109384,0.11860339,0.04707053,0.34911242,-0.05923031,-0.25907952,-0.1502416,-0.25733295,-0.26255637,-0.06414405,-0.15714505,-0.27660713,0.11531473,-0.30676466,-0.38051051,0.29569897,-0.23905882,5695000.10305772,0.14717287,0.18944277,0.10903381,-0.24738571,0.2440358,0.06027259,0.58955246,0.11973877,0.04246052,0.34282872,-0.06209339,-0.26587346,-0.1425378,-0.25239465,-0.26258025,-0.06564406,-0.15818545,-0.27201194,0.12014534,-0.31194299,-0.38274792,0.2979759,-0.24328157,5696000.10294633,0.14315993,0.19142604,0.11155583,-0.25245076,0.24315834,0.05833513,0.59488142,0.11902688,0.04007273,0.3485603,-0.0659805,-0.26338845,-0.14213429,-0.25344548,-0.26153642,-0.06827825,-0.15395318,-0.2773149,0.11741983,-0.31579196,-0.38542885,0.30399844,-0.23567186,5697000.10206669,0.14167415,0.19250536,0.10927553,-0.2537961,0.24215871,0.05804168,0.59245002,0.11927809,0.038778,0.35613668,-0.06985933,-0.26388237,-0.14146321,-0.25418571,-0.26320684,-0.06609845,-0.14847818,-0.27684209,0.11350852,-0.3139728,-0.38333437,0.29649034,-0.23436385,5698000.10557487,0.14219269,0.19338048,0.11133152,-0.25379565,0.24361427,0.05437405,0.59445029,0.11676935,0.03613782,0.3472347,-0.07461362,-0.25640205,-0.14191179,-0.25695106,-0.26495811,-0.06591558,-0.15470219,-0.27711362,0.11608727,-0.31449914,-0.38374054,0.29818684,-0.23277,5699000.10542966,0.1450921,0.19163029,0.11512574,-0.25683573,0.24056236,0.05200057,0.59324795,0.11839587,0.03371894,0.34466279,-0.07490377,-0.25767705,-0.14328456,-0.25608349,-0.26499668,-0.07119258,-0.15433764,-0.27737817,0.11788628,-0.31447512,-0.38242921,0.3006604,-0.23013403,5700000.1077138,0.14626719,0.19025797,0.11597855,-0.25790653,0.24781756,0.05417874,0.58866817,0.11731623,0.03129199,0.34402931,-0.07352867,-0.26580915,-0.14522426,-0.25595176,-0.26444012,-0.07083943,-0.15719177,-0.27354187,0.11502111,-0.3047002,-0.37945104,0.30224386,-0.23177588,5701000.10436928,0.1409661,0.18699306,0.10902695,-0.24654932,0.24019952,0.05734728,0.58536762,0.11708547,0.04041146,0.3493261,-0.06582505,-0.26960745,-0.13927004,-0.2603946,-0.26234594,-0.06611479,-0.15522392,-0.27618462,0.11852675,-0.30065474,-0.37601361,0.29405636,-0.2317121,5702000.10404749,0.14278315,0.18935427,0.10608397,-0.24535166,0.24208982,0.05556164,0.59192181,0.11805487,0.04560107,0.35004541,-0.06898862,-0.25919947,-0.13827437,-0.25425023,-0.261136,-0.06514803,-0.14965543,-0.27539203,0.11321126,-0.30436653,-0.3769466,0.29652736,-0.22689193,5703000.1049057,0.14249949,0.19028924,0.10916352,-0.25180694,0.24656314,0.05551403,0.58958995,0.11703187,0.0388473,0.3510589,-0.07033967,-0.26138598,-0.13569082,-0.25433043,-0.26171279,-0.06817034,-0.13993607,-0.27220318,0.11375976,-0.3160646,-0.37844208,0.29461411,-0.22437611,5704000.10612001,0.14266911,0.19341141,0.11113884,-0.25297561,0.24391316,0.0557977,0.59102309,0.11891172,0.03651663,0.3442587,-0.06995808,-0.251831,-0.13668378,-0.25480789,-0.26312038,-0.06914296,-0.1545711,-0.27194202,0.11122259,-0.31506863,-0.37908509,0.29558897,-0.22860906,5705000.10828248,0.14349784,0.19335227,0.10987091,-0.25591183,0.24435367,0.04862015,0.59122044,0.11653822,0.03462359,0.34128255,-0.07444339,-0.25731763,-0.14212376,-0.25659606,-0.26255175,-0.06955684,-0.1458534,-0.27402371,0.11238921,-0.30916023,-0.37930658,0.29496071,-0.22618897,5706000.10633274,0.14681719,0.19110496,0.11287347,-0.2585482,0.23881045,0.05623353,0.58994663,0.11656909,0.03302072,0.34560248,-0.0829017,-0.26146573,-0.14100562,-0.25496873,-0.26407549,-0.07090196,-0.14960358,-0.27376789,0.11636265,-0.30622149,-0.37887022,0.29516938,-0.22221881,5707000.10722575,0.14728567,0.19212511,0.11446495,-0.26072839,0.2437939,0.0526591,0.58807278,0.11397603,0.03042699,0.3464759,-0.08489342,-0.26141578,-0.14312735,-0.25552949,-0.26540443,-0.06651385,-0.14994514,-0.27697265,0.11354805,-0.30807915,-0.37965506,0.29944301,-0.22920068,5708000.10660013,0.14372759,0.19317299,0.11260478,-0.25933632,0.24249563,0.05130942,0.58550549,0.11375234,0.02967269,0.33544365,-0.08097725,-0.26082441,-0.13799784,-0.25913301,-0.26380768,-0.06599596,-0.155103,-0.27573532,0.116845,-0.31470534,-0.37726283,0.30248415,-0.22466126,5709000.10608335,0.14270954,0.18801141,0.10460448,-0.24383235,0.23892254,0.05891136,0.5863657,0.11584073,0.04029455,0.34327632,-0.0733874,-0.25951183,-0.14035639,-0.25478929,-0.26102737,-0.06719916,-0.1518579,-0.27367672,0.11647989,-0.29709503,-0.37397167,0.30451569,-0.22807375,5710000.10317904,0.14585195,0.19253221,0.10513517,-0.25143057,0.24321541,0.05898371,0.58642524,0.11597854,0.04069443,0.34940299,-0.07494135,-0.26727659,-0.13777471,-0.25245675,-0.26058337,-0.06234196,-0.15579821,-0.27363884,0.11330218,-0.29801768,-0.37444615,0.29684967,-0.23163545,5711000.10574114,0.14283821,0.19051997,0.10739493,-0.25131276,0.24665669,0.05442962,0.58656758,0.11416292,0.03651033,0.33964616,-0.07618077,-0.25821313,-0.13493001,-0.25559863,-0.26206139,-0.06323055,-0.14483956,-0.27127126,0.11060698,-0.30896538,-0.37697184,0.29958472,-0.22997442,5712000.10451631,0.14590338,0.19081143,0.10861727,-0.2530953,0.24521808,0.05027123,0.58775318,0.11245693,0.0341113,0.34959996,-0.07995988,-0.25998509,-0.14093609,-0.25725016,-0.25979662,-0.06507024,-0.14130376,-0.27166629,0.11184092,-0.30642077,-0.37874445,0.29977235,-0.23483635,5713000.10701291,0.14604227,0.1950693,0.1102071,-0.25528315,0.24521808,0.04627893,0.58733994,0.11189826,0.03266187,0.35339797,-0.07930925,-0.26599637,-0.13838339,-0.25691855,-0.26349685,-0.07254165,-0.14832444,-0.27292705,0.11652355,-0.30459279,-0.37940305,0.29980037,-0.23279382,5714000.10560852,0.14635818,0.19150984,0.11065879,-0.26225242,0.24604265,0.04953474,0.586151,0.1111541,0.03097235,0.33729953,-0.07919781,-0.25118077,-0.137481,-0.25772023,-0.26359373,-0.06674339,-0.1507348,-0.2746979,0.114416,-0.30560115,-0.378117,0.30042371,-0.22853509,5715000.10382599,0.14825179,0.19442849,0.11456388,-0.26496893,0.24628823,0.05102705,0.58568239,0.11006859,0.02809684,0.34357628,-0.08095222,-0.25404924,-0.13264863,-0.25980189,-0.26363862,-0.06801081,-0.14731206,-0.27569756,0.11001078,-0.30384383,-0.37623426,0.29572245,-0.22428666,5716000.10508449,0.14198294,0.19141756,0.11210912,-0.2583102,0.24221918,0.04781466,0.5852139,0.11124098,0.02855743,0.34434545,-0.08536042,-0.2658861,-0.13846588,-0.26131135,-0.26057896,-0.0656893,-0.14127612,-0.27376273,0.11358176,-0.29848337,-0.37438554,0.30309179,-0.22434171,5717000.10214321,0.14186986,0.18844619,0.10451058,-0.24441721,0.23998071,0.05328208,0.58499086,0.11402944,0.04031573,0.34227026,-0.07966018,-0.25098801,-0.13839407,-0.25668886,-0.2594426,-0.06219765,-0.14282021,-0.27449629,0.11058574,-0.30386713,-0.37237018,0.29510406,-0.22681119,5718000.10355751,0.14318556,0.18521763,0.10613327,-0.24457097,0.23937744,0.04852445,0.5892188,0.11360363,0.03936804,0.34815943,-0.07537433,-0.25064924,-0.13863935,-0.25525549,-0.25868428,-0.06005899,-0.14845973,-0.27187636,0.11531473,-0.30407232,-0.37528682,0.2984539,-0.22567746,5719000.1033911,0.14169975,0.18783839,0.10872925,-0.25037631,0.24042504,0.05394848,0.58757335,0.11265074,0.03429772,0.35343936,-0.07871668,-0.24132335,-0.14370863,-0.25353044,-0.26118669,-0.06303278,-0.12921116,-0.27367193,0.11785399,-0.29975292,-0.37817222,0.30261803,-0.21886148,5720000.10394824,0.14090015,0.18853675,0.10682227,-0.25148702,0.24326882,0.05153723,0.58649081,0.11194071,0.03233601,0.34529403,-0.08079249,-0.2512556,-0.13182206,-0.25834978,-0.26022992,-0.06517331,-0.14631113,-0.27869713,0.1133942,-0.30499914,-0.3789697,0.29968318,-0.2290578,5721000.10380325,0.144659,0.19273305,0.11038565,-0.25461987,0.24347946,0.05012603,0.58497936,0.11305775,0.03150405,0.3470507,-0.08020762,-0.24399234,-0.13980483,-0.25614154,-0.26098272,-0.06524503,-0.15038441,-0.27720186,0.11120199,-0.30739242,-0.37964737,0.29842117,-0.23328903,5722000.1029573,0.14890271,0.19226538,0.11196116,-0.25749031,0.24637625,0.04325996,0.58589303,0.11143497,0.02775752,0.34435129,-0.08099688,-0.25416678,-0.13956128,-0.26156935,-0.26066634,-0.06812016,-0.15132529,-0.2760562,0.11085814,-0.30123004,-0.37814376,0.30442199,-0.22804716,5723000.10833998,0.14765096,0.19608611,0.11487013,-0.2633889,0.24409261,0.04383979,0.58766514,0.1117677,0.0251536,0.34144816,-0.08334701,-0.25337958,-0.12810405,-0.26258057,-0.26021606,-0.06996735,-0.14291506,-0.27472565,0.1096009,-0.30598587,-0.37819374,0.30291861,-0.23062448,5724000.10648573,0.15226163,0.19176613,0.11480615,-0.2626825,0.24831127,0.03674874,0.5855912,0.11037434,0.02348357,0.34870368,-0.08570542,-0.25446343,-0.13824657,-0.25904286,-0.26200292,-0.06314219,-0.15214573,-0.27656871,0.11305044,-0.30664438,-0.37763342,0.30394706,-0.22381523,5725000.10636054,0.14255369,0.18946193,0.1078323,-0.24868904,0.24024411,0.04729984,0.58254057,0.11108231,0.03120661,0.34322366,-0.07871446,-0.24879295,-0.1340294,-0.26116559,-0.25927109,-0.06533167,-0.15202911,-0.27383116,0.113649,-0.30450693,-0.37573686,0.3030653,-0.22498165,5726000.10108652,0.14202434,0.18280332,0.10310369,-0.24738976,0.2368598,0.05426408,0.58506763,0.11341151,0.03982715,0.35903645,-0.07259026,-0.24332625,-0.13327463,-0.25484955,-0.2590659,-0.0619211,-0.14068048,-0.27474999,0.10949117,-0.30722395,-0.37570819,0.29502967,-0.22905551,5727000.10413759,0.14494631,0.1851885,0.10790047,-0.25001895,0.24376206,0.04852026,0.58608329,0.11160489,0.03351484,0.35363901,-0.07926865,-0.24323244,-0.13615791,-0.25833929,-0.26050293,-0.06569584,-0.14646409,-0.27667075,0.10588571,-0.30419466,-0.37953329,0.29775095,-0.23275255,5728000.10528699,0.14508808,0.18760519,0.11094616,-0.2560766,0.24165346,0.04962621,0.58647931,0.11083031,0.02844306,0.34570548,-0.0830538,-0.24833477,-0.1400073,-0.26201823,-0.26017502,-0.0643042,-0.14577301,-0.27656555,0.11568049,-0.3084023,-0.38171136,0.29860428,-0.23515174,5729000.10398253,0.13780396,0.19014022,0.11160477,-0.25574785,0.24458326,0.05014545,0.58860183,0.11065204,0.02814556,0.35311654,-0.08540183,-0.25088125,-0.14035197,-0.26271224,-0.26113814,-0.06110195,-0.13851836,-0.27713838,0.1106766,-0.31098482,-0.38189742,0.30762786,-0.22835471,5730000.10352574,0.14630973,0.19206302,0.11348592,-0.26095384,0.24688599,0.04959967,0.58371216,0.10953445,0.02542693,0.35168821,-0.08870378,-0.25348654,-0.14690584,-0.26234478,-0.26255342,-0.0633345,-0.136335,-0.27637661,0.10377233,-0.30714899,-0.38325185,0.30139381,-0.22829603,5731000.10690127,0.14561124,0.19544578,0.11618707,-0.26196694,0.24586867,0.05001301,0.58450639,0.10929997,0.02377416,0.35032159,-0.08881462,-0.26033857,-0.14314447,-0.26313612,-0.26212376,-0.06574129,-0.14033279,-0.27619827,0.10784909,-0.30990884,-0.38310263,0.30717766,-0.23066205,5732000.11089387,0.14544535,0.1946834,0.11798798,-0.26119396,0.24434061,0.04525407,0.58567482,0.10913169,0.01955255,0.34212688,-0.09190222,-0.25454089,-0.14392316,-0.26112685,-0.26246467,-0.06613655,-0.1494444,-0.27999592,0.11940954,-0.3123067,-0.38284904,0.30482906,-0.22032839,5733000.10809591,0.15025452,0.19395374,0.11895238,-0.26140049,0.24765976,0.04883937,0.58084202,0.10884496,0.01856489,0.35189828,-0.0876675,-0.25552896,-0.15101631,-0.26298335,-0.2630496,-0.06752092,-0.15433758,-0.28082749,0.11419497,-0.30663773,-0.38149953,0.30926722,-0.22370631,5734000.10673249,0.14427714,0.19217192,0.11132395,-0.25153089,0.24738017,0.04963558,0.58597189,0.11045469,0.0276529,0.35330439,-0.07899783,-0.25246221,-0.1465095,-0.26406631,-0.26276141,-0.06834196,-0.1394477,-0.27618697,0.10979954,-0.30200481,-0.3792716,0.30516917,-0.2294939,5735000.10512873,0.14141801,0.18783599,0.1102766,-0.24731286,0.24961132,0.06060197,0.5849613,0.11461145,0.03422392,0.35431167,-0.08105988,-0.25367033,-0.14157653,-0.26009467,-0.2601279,-0.06389494,-0.1328027,-0.27755845,0.10853368,-0.30814403,-0.37964866,0.30576664,-0.2317512,5736000.10507382,0.14290293,0.19203338,0.11274663,-0.24709083,0.25154591,0.05312166,0.58669412,0.11426626,0.02943124,0.36357242,-0.08274695,-0.24800555,-0.14239265,-0.25992021,-0.26207852,-0.06776655,-0.15388504,-0.27658036,0.10967317,-0.31003663,-0.38214579,0.30297095,-0.2330195,5737000.10368102,0.14843071,0.19191648,0.11263441,-0.25404215,0.24989244,0.05055859,0.58812016,0.10994459,0.02656078,0.35327289,-0.08379098,-0.2476638,-0.14362267,-0.25590083,-0.26476637,-0.06250018,-0.14667201,-0.27915952,0.11274827,-0.31145915,-0.38485581,0.30535173,-0.23270071,5738000.10604215,0.1442021,0.19416468,0.1118319,-0.25388032,0.24890734,0.04828542,0.58868665,0.10965011,0.02596914,0.35062546,-0.08554846,-0.25304037,-0.14823607,-0.25841063,-0.26387408,-0.06106163,-0.1466409,-0.28262231,0.11247525,-0.30761847,-0.385153,0.30166885,-0.23220555,5739000.10830615,0.14599749,0.19772719,0.11506189,-0.25823873,0.24563721,0.0539922,0.58726513,0.11217575,0.02393913,0.35672113,-0.08807953,-0.25868082,-0.14695053,-0.26239038,-0.26400974,-0.0636239,-0.14269064,-0.2821559,0.11039547,-0.30815724,-0.38660553,0.30503047,-0.23494498,5740000.11070412,0.14641333,0.19471803,0.11911376,-0.25700906,0.24692079,0.04879594,0.58591932,0.11147942,0.02044042,0.35186836,-0.091699,-0.2624723,-0.14209485,-0.2607829,-0.26398486,-0.06381314,-0.15503135,-0.28212503,0.10885828,-0.3061302,-0.38620424,0.30239728,-0.23393705,5741000.11283574,0.14629227,0.19780855,0.12154233,-0.26140782,0.25017366,0.05025389,0.58331352,0.10885106,0.01779418,0.34391242,-0.0904392,-0.25768664,-0.15098938,-0.26256868,-0.26276428,-0.06508404,-0.13672201,-0.28275773,0.11032127,-0.3133294,-0.38440424,0.30651879,-0.22481918,5742000.11256231,0.14851578,0.19876717,0.1181955,-0.24957119,0.25033236,0.05429893,0.58349544,0.11220054,0.02035912,0.34939051,-0.08621926,-0.25219017,-0.15223384,-0.26179364,-0.26380834,-0.06328271,-0.15162027,-0.28132468,0.11165723,-0.30566627,-0.38493341,0.30292696,-0.23277199,5743000.10750664,0.14425077,0.19386411,0.1128806,-0.24223223,0.24917208,0.05758493,0.58337599,0.11367046,0.03186166,0.35815287,-0.08197288,-0.25469178,-0.1507944,-0.26051915,-0.26195255,-0.06317394,-0.1327313,-0.27639082,0.1050946,-0.30379272,-0.38229007,0.30132249,-0.23226836,5744000.10931371,0.14551617,0.1921519,0.11551248,-0.2498956,0.24883604,0.05612023,0.58791155,0.11338908,0.03176701,0.35966361,-0.08327647,-0.26071659,-0.14917167,-0.25859892,-0.26342595,-0.06590042,-0.14630674,-0.27845958,0.10698185,-0.3153573,-0.38421652,0.300962,-0.22891842,5745000.1102519,0.14788266,0.19594422,0.11583406,-0.24838772,0.24938121,0.05652211,0.58644205,0.1134838,0.02737217,0.35819983,-0.08525264,-0.25541338,-0.14565,-0.25585362,-0.26457617,-0.05624663,-0.14915426,-0.28124771,0.1127819,-0.31220779,-0.3876313,0.29924801,-0.23009172,5746000.11188111,0.14630374,0.19372211,0.1163322,-0.24701767,0.2517046,0.05734697,0.58602238,0.11391174,0.02680326,0.3656764,-0.08141842,-0.25682798,-0.1462429,-0.26102597,-0.26354206,-0.06313681,-0.14288628,-0.28342435,0.11173668,-0.31018409,-0.38750508,0.30572957,-0.23345579,5747000.11189052,0.14507763,0.19489016,0.11890433,-0.25088301,0.24904835,0.05404571,0.58659881,0.11412973,0.02461243,0.36672786,-0.09094689,-0.2559126,-0.15137731,-0.26454589,-0.26405862,-0.06420955,-0.14532426,-0.28212881,0.11383791,-0.31434751,-0.38729772,0.30270377,-0.23425923,5748000.1129169,0.14635783,0.19663918,0.12014277,-0.25154492,0.25263745,0.05289241,0.58660138,0.11344101,0.02147918,0.35717359,-0.09019118,-0.25238428,-0.15342791,-0.26641801,-0.26381049,-0.05879771,-0.1416678,-0.28437805,0.1129507,-0.30732936,-0.38719141,0.30642557,-0.22785045,5749000.11444432,0.14996541,0.19920267,0.12350436,-0.2516973,0.25527975,0.05299844,0.5833813,0.11428753,0.01919617,0.34598136,-0.08866882,-0.25772592,-0.15267213,-0.26463825,-0.26313317,-0.05894758,-0.14285594,-0.2824097,0.11534447,-0.30959499,-0.38699946,0.30564496,-0.22906567,5750000.11138371,0.15232411,0.19683382,0.11952855,-0.24445258,0.25282994,0.05660364,0.58535981,0.11421847,0.02547838,0.35713089,-0.08256387,-0.25376984,-0.15261592,-0.26085657,-0.26176018,-0.05909164,-0.1398706,-0.28164977,0.10464238,-0.30899429,-0.38600263,0.31070384,-0.2372186,5751000.10921158,0.14952616,0.18952121,0.11403611,-0.23486441,0.24948865,0.05629313,0.58578056,0.11496143,0.03512612,0.3634834,-0.07949685,-0.23924154,-0.14810905,-0.2606132,-0.26072279,-0.06087766,-0.14556369,-0.28106469,0.10742688,-0.31093428,-0.38440356,0.30049491,-0.23380888,5752000.11257164,0.15089285,0.1922337,0.1191296,-0.23837571,0.2495054,0.06134324,0.58481282,0.11601547,0.03081986,0.36244178,-0.08408274,-0.25276181,-0.14679115,-0.26203242,-0.26226848,-0.05764223,-0.14697044,-0.27778673,0.10590781,-0.30946016,-0.38661286,0.30157614,-0.23381853,5753000.11254665,0.14743526,0.19474062,0.11882398,-0.24374573,0.24952336,0.05934949,0.58740604,0.11364348,0.02697809,0.35279989,-0.08458833,-0.24738359,-0.15363172,-0.26388931,-0.26366204,-0.0576348,-0.14168482,-0.28067547,0.11184116,-0.31589827,-0.3879478,0.30326381,-0.23738314,5754000.11215797,0.14914057,0.19386658,0.12172005,-0.2450674,0.25100079,0.05855824,0.58671135,0.1152897,0.02722884,0.36596155,-0.08346864,-0.26114058,-0.14577274,-0.26557603,-0.26360074,-0.05972226,-0.1471405,-0.28221053,0.11317116,-0.31175965,-0.38915044,0.30410343,-0.2296112,5755000.11397789,0.15224153,0.19433472,0.1247946,-0.24546726,0.24904835,0.05815416,0.58761925,0.11537842,0.02516385,0.36292699,-0.08688876,-0.25527182,-0.14811219,-0.26285854,-0.2640067,-0.06131889,-0.1408073,-0.27966392,0.1141601,-0.30946994,-0.3883625,0.30582371,-0.23805501,5756000.11560906,0.15024772,0.19751051,0.126984,-0.2477227,0.2501564,0.06025388,0.58511776,0.11476029,0.02241622,0.3632668,-0.08299974,-0.25350946,-0.14568061,-0.26597223,-0.26251361,-0.05374416,-0.15280107,-0.27677435,0.1100003,-0.30737746,-0.38725778,0.3102729,-0.23800948,5757000.11607552,0.15322329,0.19873323,0.12765464,-0.25037923,0.25152856,0.05429757,0.57969326,0.11537282,0.02035507,0.35507005,-0.08468531,-0.25958768,-0.15380657,-0.26409322,-0.26234916,-0.05448221,-0.15077828,-0.27899101,0.11259296,-0.30642545,-0.38851163,0.30930203,-0.22798914,5758000.11203938,0.14940692,0.1905635,0.1177115,-0.23397459,0.25008589,0.05747417,0.58264667,0.11506232,0.0308962,0.35333663,-0.07932295,-0.2612437,-0.14887904,-0.26284513,-0.26016429,-0.05530936,-0.14274175,-0.28248867,0.12150475,-0.31030312,-0.38448203,0.30447614,-0.22639762,5759000.10909016,0.14756615,0.18931741,0.11612353,-0.23048668,0.25328767,0.0653009,0.58242637,0.11594041,0.03609652,0.36697578,-0.07064831,-0.24933653,-0.15333855,-0.26434293,-0.25893128,-0.04707649,-0.15360834,-0.27816239,0.11227795,-0.31149152,-0.38594356,0.30120766,-0.23492737,5760000.11352051,0.14938261,0.19296287,0.11773069,-0.2388968,0.25140536,0.0647035,0.58705509,0.1185713,0.03189671,0.37179545,-0.07867862,-0.25256747,-0.15660173,-0.26137725,-0.26173142,-0.05151279,-0.15011975,-0.28038466,0.11070647,-0.31845948,-0.38980013,0.3057473,-0.23911801,5761000.10869159,0.15016496,0.19202963,0.12072199,-0.23734391,0.24998045,0.0639101,0.58560264,0.11750368,0.02946004,0.36041269,-0.07977188,-0.24717233,-0.14825162,-0.26142934,-0.26129228,-0.05278034,-0.14096126,-0.27812496,0.11138447,-0.31437171,-0.39155787,0.30416289,-0.23859033,5762000.10943998,0.15154797,0.1938391,0.12204143,-0.24095428,0.25040185,0.059676,0.58236337,0.11824152,0.02798467,0.35215631,-0.0804425,-0.25296134,-0.1435755,-0.2593751,-0.26244059,-0.05746874,-0.15710177,-0.28292257,0.11677369,-0.31652567,-0.39254996,0.30577287,-0.23619945,5763000.11057779,0.15503703,0.19345829,0.12461622,-0.24004528,0.2485384,0.05821373,0.58726829,0.11586896,0.0255637,0.35905573,-0.08332672,-0.25107175,-0.15285134,-0.26000211,-0.26175854,-0.0578615,-0.15333036,-0.27906644,0.10939385,-0.31722966,-0.39238107,0.30320647,-0.23481032,5764000.11289831,0.15014479,0.19713192,0.12804593,-0.24428689,0.25209177,0.06305662,0.58596057,0.11548605,0.02244198,0.36419639,-0.08382384,-0.25353682,-0.15230325,-0.26175192,-0.26102984,-0.05043017,-0.14079019,-0.28150597,0.11407549,-0.31554621,-0.39120665,0.3121894,-0.23813614,5765000.11049998,0.15170881,0.19882029,0.12926821,-0.24371068,0.25251418,0.06188152,0.58456075,0.11634442,0.02279676,0.36319914,-0.08507752,-0.251203,-0.15254274,-0.25792789,-0.26096112,-0.05510825,-0.14271505,-0.27915412,0.1145701,-0.31369475,-0.3913129,0.31417701,-0.23123941,5766000.10822053,0.14940962,0.19167459,0.11808157,-0.23395467,0.25333852,0.06515034,0.58344066,0.11729722,0.03319788,0.35903797,-0.07770718,-0.25743389,-0.15485516,-0.26259208,-0.26024565,-0.05204486,-0.146392,-0.28013235,0.10810065,-0.31001768,-0.38900241,0.3136175,-0.24067278,5767000.10957132,0.14491186,0.191475,0.11564166,-0.22928777,0.25589415,0.06801555,0.58437407,0.11862962,0.0364227,0.36861372,-0.0761491,-0.25144103,-0.15789638,-0.26128519,-0.25937286,-0.05543534,-0.14657927,-0.27451807,0.1086443,-0.31925693,-0.3920911,0.30557799,-0.24802084,5768000.10973153,0.14523038,0.19290549,0.11734486,-0.23396067,0.24952239,0.05756769,0.58352011,0.11811285,0.03088359,0.36809683,-0.08511608,-0.2543231,-0.14983363,-0.2577408,-0.26296917,-0.05169233,-0.13694888,-0.2791965,0.11007168,-0.32493207,-0.39623037,0.30218878,-0.24239108,5769000.11280158,0.14913949,0.19448163,0.11765032,-0.23768994,0.24881777,0.06149706,0.58465081,0.11782736,0.02761034,0.36589223,-0.08373853,-0.2515257,-0.15919699,-0.25959018,-0.26213744,-0.05631038,-0.14005581,-0.28527686,0.11048126,-0.32637727,-0.39831501,0.30333108,-0.24567229,5770000.10990131,0.14992218,0.19591431,0.12167333,-0.24190354,0.25020763,0.05845233,0.58661944,0.11469249,0.02590906,0.35995626,-0.09151134,-0.24755909,-0.16055121,-0.26304615,-0.26307443,-0.05431712,-0.14556244,-0.28565338,0.10902474,-0.32260016,-0.39846256,0.30915776,-0.2401883,5771000.11014484,0.14940962,0.19778444,0.12433002,-0.24658252,0.24922165,0.0588337,0.5878076,0.11502386,0.02402571,0.35747662,-0.09239469,-0.2496123,-0.15487027,-0.26302421,-0.26281902,-0.05337217,-0.14458115,-0.28438535,0.10981059,-0.32195646,-0.39911282,0.30747733,-0.23576824,5772000.11219796,0.1513752,0.19845524,0.12614819,-0.24772511,0.2513347,0.05619243,0.59086984,0.11355693,0.01979714,0.35415027,-0.09778121,-0.2611388,-0.15547343,-0.26461098,-0.26324162,-0.05875805,-0.14539398,-0.28177848,0.11210866,-0.32365113,-0.39746243,0.30697575,-0.24266203,5773000.11552233,0.1489426,0.19509445,0.12456562,-0.24602713,0.2568298,0.05284496,0.5854007,0.11485853,0.0203466,0.35545391,-0.09070474,-0.25938362,-0.15407206,-0.26251614,-0.26346371,-0.05922544,-0.1576145,-0.2812674,0.10907533,-0.32529148,-0.39797023,0.30351913,-0.24284299,5774000.10791939,0.14466926,0.19132842,0.11572191,-0.23508257,0.24811819,0.06362345,0.58371657,0.11540643,0.030658,0.35601807,-0.08466682,-0.26153946,-0.16126485,-0.26192403,-0.26236182,-0.05823511,-0.14445952,-0.27793548,0.10826816,-0.32081658,-0.39639175,0.29714254,-0.23623665,5775000.10827862,0.1449531,0.19562018,0.11646087,-0.23853116,0.24936436,0.06578878,0.58658457,0.11579162,0.03255492,0.36829308,-0.08813405,-0.25003979,-0.16173249,-0.25855824,-0.26226681,-0.06042689,-0.14466557,-0.28039348,0.11531353,-0.32754111,-0.39825386,0.30218878,-0.24340928,5776000.11229477,0.1445099,0.19121972,0.12011136,-0.24219415,0.25353563,0.05945447,0.58931768,0.11496311,0.02809098,0.34952125,-0.09387111,-0.26067647,-0.15987869,-0.2521235,-0.26349318,-0.05837582,-0.15269236,-0.28595963,0.10895731,-0.32431459,-0.40338102,0.30080825,-0.24977808,5777000.11206139,0.14589736,0.19504161,0.12091623,-0.24513742,0.24878287,0.06537461,0.59010977,0.11345544,0.02607224,0.35656872,-0.09307791,-0.2614975,-0.16371782,-0.25834465,-0.26407123,-0.06193069,-0.16170335,-0.28457057,0.10475088,-0.32850942,-0.40571576,0.29797521,-0.25280491,5778000.1135548,0.14653684,0.19466059,0.12089951,-0.2524232,0.24922165,0.06056019,0.58994615,0.11408119,0.02312232,0.35236838,-0.0983052,-0.25996277,-0.16364175,-0.26054344,-0.26420131,-0.06466915,-0.15463348,-0.28628793,0.10763407,-0.32836857,-0.40527791,0.29439354,-0.24936196,5779000.11303809,0.14847583,0.1928518,0.12411927,-0.25471109,0.24964395,0.05689875,0.58680904,0.11431319,0.02117813,0.36403614,-0.09687088,-0.25140202,-0.16123331,-0.25901577,-0.26476321,-0.06025707,-0.15205407,-0.2815825,0.11009758,-0.33036438,-0.40613222,0.29567164,-0.24699892,5780000.11288263,0.1464088,0.19687647,0.12626128,-0.25745052,0.2529895,0.05358308,0.58657354,0.11504408,0.01821008,0.3601529,-0.10225049,-0.26202235,-0.16424742,-0.26350972,-0.26473507,-0.05878576,-0.15292285,-0.27933699,0.10017602,-0.33109424,-0.40630955,0.294328,-0.24782224,5781000.11334897,0.14780807,0.19725533,0.12464587,-0.24988508,0.25469866,0.06143184,0.58902401,0.11359714,0.02022881,0.35853025,-0.097906,-0.27423951,-0.17042452,-0.2589719,-0.26336867,-0.06425735,-0.15763184,-0.28153959,0.10015277,-0.3270683,-0.40322626,0.29976445,-0.24761158,5782000.11081497,0.14165448,0.19471575,0.11625194,-0.24094951,0.25096524,0.06299489,0.58794361,0.11285897,0.03182102,0.36037555,-0.09344973,-0.2647945,-0.1631425,-0.25696605,-0.26225245,-0.0670191,-0.15370357,-0.28355154,0.10338688,-0.32886335,-0.40344578,0.29862091,-0.25538501,5783000.11038287,0.14381155,0.19434118,0.11621973,-0.24573235,0.24989006,0.06179205,0.58889657,0.11622339,0.02896836,0.36274952,-0.09750608,-0.2505517,-0.16381627,-0.25887948,-0.26562211,-0.06269559,-0.15573671,-0.28302428,0.10556647,-0.33301765,-0.40581173,0.30050662,-0.24654734,5784000.11281408,0.14349487,0.19279569,0.12077112,-0.24861199,0.25239047,0.0638435,0.58550549,0.11378554,0.02421647,0.36273932,-0.09777512,-0.26871189,-0.17132568,-0.25919148,-0.26623157,-0.06356703,-0.16622515,-0.28702912,0.10508829,-0.33387685,-0.40931609,0.30258781,-0.25207579,5785000.11352051,0.14668986,0.19413863,0.12263817,-0.24948592,0.24973208,0.06170377,0.58749169,0.11568769,0.02496332,0.35651702,-0.09691796,-0.26511693,-0.17426786,-0.26047474,-0.26629683,-0.0641611,-0.1502905,-0.28119087,0.09679152,-0.34199971,-0.41176319,0.29879996,-0.25701374,5786000.11433222,0.1443696,0.19606137,0.12139858,-0.25424406,0.25145698,0.05861567,0.585958,0.11483347,0.02175981,0.36073032,-0.10249303,-0.27070111,-0.17002133,-0.25977439,-0.26652691,-0.06396544,-0.15913175,-0.28004211,0.10667045,-0.3383809,-0.41066581,0.29371658,-0.25773659,5787000.11026151,0.14429836,0.19486493,0.12527937,-0.25436971,0.25621486,0.05218855,0.58891857,0.11525472,0.02015529,0.34863296,-0.10558463,-0.26518774,-0.17653479,-0.26021373,-0.26735425,-0.06724984,-0.16909264,-0.28548178,0.10679246,-0.33534828,-0.41113108,0.30105767,-0.24944182,5788000.11326214,0.15154608,0.20029682,0.1252912,-0.25269389,0.25156313,0.05923709,0.58643997,0.11377499,0.018062,0.34974533,-0.10780095,-0.26427013,-0.17175102,-0.26284954,-0.26805443,-0.06833839,-0.15992923,-0.28549436,0.10662165,-0.33015549,-0.40897709,0.30405208,-0.25129297,5789000.10963421,0.14631473,0.19112813,0.11662102,-0.24466102,0.24648058,0.05937689,0.58705509,0.11493745,0.02629279,0.35244289,-0.10395857,-0.26809168,-0.16974168,-0.2572332,-0.26743132,-0.06585746,-0.16826643,-0.28414494,0.10184126,-0.3293716,-0.40709949,0.29386958,-0.25428945,5790000.10877918,0.1450921,0.19486493,0.11665372,-0.24461097,0.24839345,0.05911166,0.58609635,0.1165386,0.03082255,0.35103786,-0.09602904,-0.26129711,-0.16606796,-0.26084092,-0.26652011,-0.06687272,-0.16601159,-0.2829957,0.09590771,-0.33029813,-0.40997115,0.29162821,-0.25494468,5791000.11138026,0.14660682,0.19294223,0.12207544,-0.2527816,0.24614112,0.05899388,0.58243626,0.11618873,0.02609614,0.34535962,-0.09722691,-0.26458845,-0.17037642,-0.25928074,-0.2672143,-0.0700346,-0.15857133,-0.28159109,0.09310338,-0.33984751,-0.41307577,0.29753557,-0.25457826,5792000.11154532,0.14400761,0.19069567,0.12193017,-0.24965392,0.24964395,0.05851765,0.58697456,0.11664998,0.02304557,0.35855716,-0.09769255,-0.27925155,-0.16488066,-0.25867087,-0.2688576,-0.06576443,-0.15935834,-0.2864396,0.09944209,-0.33690867,-0.41477716,0.29559097,-0.25768968,5793000.11050967,0.14762408,0.19641747,0.11995056,-0.25367641,0.24913351,0.05502704,0.58586121,0.1151541,0.02261698,0.35558268,-0.10381445,-0.27018279,-0.16597968,-0.25704402,-0.27029645,-0.06673439,-0.15988272,-0.2877686,0.10388394,-0.33634216,-0.41497239,0.29849431,-0.26410803,5794000.11066524,0.14795497,0.19454557,0.12086713,-0.25579673,0.25040063,0.0582001,0.58442527,0.1136997,0.0207469,0.34436652,-0.10266363,-0.26809323,-0.17310998,-0.26332417,-0.26953125,-0.06689358,-0.16162334,-0.28615561,0.10593703,-0.33651295,-0.41481963,0.30145559,-0.25866941,5795000.1135548,0.14923088,0.19562268,0.12542221,-0.25781533,0.2532182,0.05691219,0.58321255,0.11487345,0.01693717,0.34590983,-0.10644262,-0.26837745,-0.16969195,-0.2660636,-0.26917541,-0.07216995,-0.1628157,-0.28955203,0.10117082,-0.3381879,-0.4132179,0.30411103,-0.26476637,5796000.10852171,0.14858525,0.19092241,0.12013972,-0.25160107,0.25140488,0.05895905,0.58368087,0.11462063,0.02004298,0.35038853,-0.10517043,-0.2743147,-0.17090793,-0.26011923,-0.26935804,-0.0761571,-0.16508836,-0.28528497,0.10483856,-0.33320391,-0.41241169,0.30474624,-0.25832883,5797000.10306579,0.14083304,0.18929242,0.11507966,-0.23873149,0.24238847,0.0634991,0.58409524,0.11862962,0.03216872,0.36195725,-0.09371248,-0.2662124,-0.16773814,-0.2603136,-0.26679918,-0.07182948,-0.16565216,-0.28680345,0.09717576,-0.32988903,-0.41142711,0.30073401,-0.25245237,5798000.10614071,0.13805139,0.19241531,0.11607462,-0.24580504,0.24652854,0.06407899,0.58187342,0.11607292,0.03085301,0.36187404,-0.09518319,-0.26392481,-0.16721825,-0.25773254,-0.27020413,-0.06972237,-0.1616693,-0.28987277,0.09674465,-0.33496162,-0.41643944,0.28719321,-0.26262644,5799000.10707764,0.14273056,0.19098717,0.11692667,-0.25083387,0.25230235,0.06263278,0.58412534,0.11559325,0.02497355,0.34868494,-0.09865638,-0.27333626,-0.1731744,-0.25788677,-0.27106431,-0.06305757,-0.15756884,-0.28335488,0.09985026,-0.35416472,-0.41824582,0.29276365,-0.26434839,5800000.10774763,0.14455815,0.19536516,0.11711961,-0.25530839,0.2516152,0.05945447,0.58249599,0.11655428,0.02364239,0.35123375,-0.09710898,-0.27344885,-0.17622735,-0.26088145,-0.26958656,-0.06937859,-0.15596597,-0.28530189,0.10068945,-0.34545335,-0.42077288,0.30318078,-0.25913844,5801000.10985321,0.14426693,0.19019912,0.11845434,-0.25848225,0.24895723,0.05819521,0.58274537,0.11659601,0.02295429,0.34380546,-0.09803797,-0.27515289,-0.17676803,-0.26189053,-0.27128416,-0.07361249,-0.16442341,-0.28818077,0.09944117,-0.34643176,-0.42071077,0.3008793,-0.26208702,5802000.11054374,0.14610849,0.19294071,0.12260567,-0.25684887,0.25077119,0.06178585,0.58503854,0.11583152,0.01896607,0.34890777,-0.09832986,-0.285052,-0.17659034,-0.26215017,-0.27162892,-0.07268853,-0.16054218,-0.28450584,0.09884936,-0.34289101,-0.41917571,0.30255511,-0.26208404,5803000.1111372,0.1489007,0.19442849,0.12563345,-0.25589424,0.25022572,0.05801388,0.58400315,0.11435466,0.01725143,0.35006428,-0.09574615,-0.2859199,-0.17581837,-0.26573247,-0.27362126,-0.07542771,-0.16918848,-0.28698677,0.10690179,-0.33951956,-0.41757986,0.30743676,-0.25503772,5804000.10984828,0.14431375,0.19022492,0.11519205,-0.25018892,0.24894328,0.06315736,0.58031356,0.11624767,0.02589906,0.34891856,-0.09477403,-0.28223759,-0.17406943,-0.26210576,-0.2707133,-0.07390127,-0.15677407,-0.28719229,0.09780917,-0.34089905,-0.41613048,0.29969716,-0.26189613,5805000.1087156,0.14148255,0.18667321,0.11143203,-0.2432898,0.24606107,0.06326307,0.58289659,0.11714805,0.03159141,0.35797626,-0.08908014,-0.27428961,-0.16677165,-0.25677276,-0.27068284,-0.07382357,-0.15914366,-0.2927956,0.09699221,-0.34835938,-0.41834435,0.29474536,-0.26258314,5806000.1067559,0.14323828,0.19247583,0.11560726,-0.2520273,0.24886908,0.06306317,0.58166391,0.11771504,0.02714104,0.35985148,-0.09211989,-0.26742515,-0.17746906,-0.26290876,-0.27213457,-0.0707446,-0.16416404,-0.28712621,0.09613004,-0.34758869,-0.42322642,0.29676211,-0.26869726,5807000.10567374,0.14419334,0.19560128,0.11657201,-0.25149664,0.24962343,0.06474157,0.5786351,0.1164052,0.02390115,0.35489506,-0.09316215,-0.27536759,-0.17870185,-0.25788793,-0.27416408,-0.07402948,-0.16367094,-0.28797838,0.09646945,-0.35361519,-0.42418158,0.2975212,-0.27055192,5808000.11010098,0.14074515,0.19721021,0.11687748,-0.255759,0.25061023,0.05792217,0.58203441,0.11836378,0.02198232,0.35522959,-0.09784639,-0.27737802,-0.17409112,-0.25604516,-0.27434763,-0.07806953,-0.1601374,-0.29299781,0.10075735,-0.34682465,-0.4250479,0.29396579,-0.26856381,5809000.11368254,0.14330436,0.19560128,0.12086876,-0.25864303,0.24738851,0.05816945,0.58253175,0.1138349,0.01988863,0.35699439,-0.1001951,-0.27839902,-0.17316842,-0.26006812,-0.27552432,-0.07609243,-0.16859062,-0.28815505,0.09946398,-0.34788489,-0.42524785,0.29728252,-0.27132982,5810000.11388173,0.14205663,0.19861332,0.1219637,-0.25697693,0.25268999,0.05806064,0.57968771,0.1152264,0.01771563,0.34443784,-0.10032982,-0.27669489,-0.17519583,-0.26058269,-0.27543885,-0.07703977,-0.17692284,-0.29411036,0.10389975,-0.35038757,-0.4249886,0.3027581,-0.26849005,5811000.11309742,0.1425173,0.19852099,0.12133374,-0.25904903,0.25203788,0.05826861,0.58147806,0.11642939,0.01640888,0.35261539,-0.10053656,-0.2764149,-0.18103836,-0.26087788,-0.27526292,-0.08105742,-0.1719947,-0.29173625,0.10058322,-0.34185624,-0.42209908,0.29827824,-0.25564146,5812000.10810883,0.14133556,0.1912775,0.11369842,-0.25010377,0.24074842,0.06859645,0.57810813,0.11617336,0.0264125,0.35122111,-0.09351184,-0.27071309,-0.17513862,-0.25795686,-0.27410236,-0.08099787,-0.17034861,-0.28883567,0.10304604,-0.3473998,-0.42042816,0.29562497,-0.26613718,5813000.10527168,0.13906816,0.19212627,0.11392018,-0.25073802,0.2478801,0.06799867,0.5794726,0.11716341,0.02923561,0.34475011,-0.09173111,-0.26401785,-0.17660889,-0.25523549,-0.27754769,-0.07557824,-0.16641508,-0.2914646,0.10239155,-0.35342562,-0.42171764,0.29315314,-0.26925737,5814000.10753446,0.14167593,0.19066845,0.11744007,-0.25460154,0.25106782,0.06535474,0.58171105,0.11876296,0.02461379,0.35727182,-0.09500757,-0.27322999,-0.17592339,-0.25282332,-0.27743086,-0.08059494,-0.17372543,-0.2937426,0.10053068,-0.35154647,-0.4255524,0.28772473,-0.28021258,5815000.10822479,0.14108142,0.19262435,0.11748858,-0.25980473,0.25115603,0.06590386,0.57955265,0.11587463,0.02303717,0.34489575,-0.09469782,-0.28010684,-0.17737301,-0.254127,-0.2773661,-0.08330714,-0.16320357,-0.29430586,0.09572524,-0.35503748,-0.42783701,0.28394052,-0.27692154,5816000.10755464,0.13982813,0.195631,0.11748858,-0.26084566,0.25186014,0.05864448,0.57995182,0.11668745,0.02170926,0.34125784,-0.10030786,-0.27731225,-0.18098858,-0.25590605,-0.27646691,-0.08591951,-0.17239885,-0.29474443,0.10388882,-0.35603979,-0.42766148,0.29543746,-0.26953509,5817000.10943515,0.14048138,0.19630232,0.11840606,-0.26528135,0.25011787,0.06008753,0.58138698,0.11735717,0.01882683,0.34207103,-0.10082448,-0.28307551,-0.18343177,-0.25753146,-0.27981338,-0.08601116,-0.17133565,-0.29438007,0.10377029,-0.35086104,-0.42625368,0.29915375,-0.26978141,5818000.10996009,0.14808162,0.19679889,0.12235031,-0.26426321,0.25045225,0.05520891,0.58009154,0.11350159,0.01755838,0.34006909,-0.10192877,-0.2805762,-0.18022104,-0.25303662,-0.27982658,-0.09063121,-0.17753175,-0.29505002,0.1032382,-0.35260347,-0.42552838,0.29710916,-0.2622042,5819000.11029559,0.14580335,0.19498409,0.11958022,-0.25725117,0.2512975,0.05935985,0.57653522,0.1139207,0.02009071,0.34316784,-0.0966017,-0.28846249,-0.18510121,-0.25537923,-0.27842906,-0.08740251,-0.18488596,-0.29485181,0.10099614,-0.34850255,-0.4242723,0.2980068,-0.25985131,5820000.1047582,0.13961133,0.19028643,0.1109518,-0.25189951,0.24515533,0.06515253,0.57383871,0.11601954,0.03006273,0.35305443,-0.09280621,-0.28268832,-0.18019669,-0.25809249,-0.27620399,-0.08328301,-0.17972583,-0.29463041,0.0962461,-0.35328692,-0.42318264,0.29113972,-0.26237538,5821000.10595131,0.13672125,0.19405286,0.11530027,-0.25757089,0.24727756,0.06640711,0.57857513,0.11611813,0.02763944,0.34580737,-0.09345175,-0.2771872,-0.18045378,-0.25163198,-0.27948806,-0.08961925,-0.17293964,-0.29470855,0.0940466,-0.35114348,-0.4259029,0.29023439,-0.27464417,5822000.10684411,0.13967584,0.19577783,0.11681236,-0.26077509,0.24809131,0.06306466,0.57986629,0.11458012,0.0240476,0.34664896,-0.09652892,-0.28212303,-0.18004195,-0.25175372,-0.28109559,-0.08349875,-0.16605119,-0.29415041,0.09448014,-0.35135895,-0.42835221,0.29299408,-0.27049217,5823000.10992119,0.14290151,0.19490035,0.11655543,-0.2594285,0.24770358,0.0608551,0.58027363,0.11494619,0.02480212,0.34387174,-0.09955612,-0.28222644,-0.18213476,-0.25888327,-0.27962977,-0.08454739,-0.16274011,-0.2950353,0.10470755,-0.34646904,-0.42657536,0.29077122,-0.27040121,5824000.11004285,0.1399062,0.1939951,0.11645952,-0.26607528,0.24736954,0.05827903,0.58306277,0.11343861,0.02252513,0.33638632,-0.09931879,-0.29011464,-0.18115436,-0.25649944,-0.2799384,-0.09073364,-0.16646956,-0.29763514,0.10744731,-0.35131818,-0.42521781,0.29674318,-0.27161977,5825000.10917258,0.14339924,0.19925509,0.12001541,-0.26247737,0.24874368,0.05987126,0.57973552,0.11280154,0.02006187,0.34500563,-0.10269395,-0.28870127,-0.18231568,-0.25512925,-0.28082618,-0.08706223,-0.16681173,-0.2966423,0.10419697,-0.34944037,-0.42481729,0.29393595,-0.2639997,5826000.1083026,0.14185405,0.19989675,0.12349342,-0.2674922,0.24779184,0.05974296,0.57848638,0.11314943,0.01863078,0.33708823,-0.09786228,-0.281039,-0.18155061,-0.25742677,-0.28038406,-0.08961994,-0.16944964,-0.29701293,0.11033002,-0.34488288,-0.42319164,0.29813337,-0.26382247,5827000.10628279,0.14070509,0.18909068,0.11469379,-0.2571778,0.24231125,0.05779618,0.57762623,0.1155597,0.02879184,0.34784389,-0.09057207,-0.27676073,-0.18603839,-0.25437731,-0.27946752,-0.0849532,-0.17573757,-0.29414308,0.10095932,-0.3526358,-0.4219259,0.29691586,-0.26292956,5828000.10656353,0.13718191,0.19060731,0.11274663,-0.25429481,0.24230634,0.06616697,0.57592815,0.11544534,0.03373511,0.35050669,-0.08956318,-0.27558017,-0.17923781,-0.25067145,-0.27943614,-0.08528337,-0.17437159,-0.29699525,0.10345947,-0.34735408,-0.4224911,0.28362831,-0.26984498,5829000.10806915,0.13735171,0.19490188,0.11369354,-0.26285711,0.2469435,0.06010411,0.5794459,0.1130458,0.02880713,0.34616688,-0.09313543,-0.27694964,-0.17970851,-0.25416303,-0.27946883,-0.08786038,-0.16902018,-0.29469264,0.09900955,-0.35705218,-0.42583972,0.29364026,-0.27110049,5830000.10680002,0.13656586,0.19291621,0.11290517,-0.26102367,0.25018528,0.05211679,0.57751745,0.11320026,0.02618458,0.34827939,-0.09762189,-0.27189162,-0.18225206,-0.25382033,-0.2797384,-0.08250913,-0.16955876,-0.29926664,0.09980387,-0.36555749,-0.42622125,0.28999966,-0.26975727,5831000.10606536,0.13927579,0.1943758,0.11620138,-0.26439294,0.24971166,0.06253066,0.58086985,0.11376829,0.0263498,0.34427035,-0.09860976,-0.27652773,-0.18062949,-0.25470823,-0.28214431,-0.08693554,-0.15857515,-0.29800493,0.09611058,-0.3521992,-0.42655846,0.29469618,-0.26928437,5832000.11017884,0.146035,0.1964771,0.11658738,-0.26418227,0.24870609,0.05600885,0.58067769,0.11209806,0.02270045,0.33678478,-0.09579568,-0.27946058,-0.179493,-0.25790966,-0.28076372,-0.09067621,-0.17563768,-0.29707348,0.09964574,-0.35690513,-0.42506525,0.29728892,-0.26064062,5833000.11050446,0.14024909,0.19519223,0.11676499,-0.26997012,0.2514722,0.05527996,0.57915753,0.11162777,0.0210786,0.3335726,-0.09989067,-0.27746886,-0.1848838,-0.25925267,-0.28289735,-0.09001636,-0.16882904,-0.3023963,0.09998149,-0.35912108,-0.42389682,0.30067429,-0.26277539,5834000.1087734,0.14382157,0.19767249,0.11840614,-0.26519123,0.25438127,0.05551302,0.58009386,0.11492249,0.02138814,0.3472487,-0.09398401,-0.26393038,-0.18674141,-0.254242,-0.28070411,-0.08929264,-0.16786258,-0.29666746,0.10232943,-0.35296848,-0.42213419,0.30157286,-0.2606819,5835000.10687469,0.13673513,0.19066514,0.11045465,-0.25295672,0.24227689,0.06059495,0.57757717,0.11215462,0.03264237,0.34496823,-0.09295307,-0.2744132,-0.18057017,-0.25279263,-0.2788761,-0.08830171,-0.17803027,-0.29696491,0.1085014,-0.34716892,-0.42046332,0.29586449,-0.25800744,5836000.10627572,0.1372388,0.19180509,0.11015804,-0.25428206,0.24400793,0.06442685,0.57970649,0.11369199,0.0344425,0.34689495,-0.09263955,-0.27279708,-0.18208185,-0.25383168,-0.27925518,-0.08777751,-0.15702593,-0.30096221,0.10525534,-0.35587692,-0.42343065,0.29095796,-0.25975847,5837000.10753745,0.13969724,0.19557485,0.11311245,-0.26159164,0.24898674,0.06297392,0.57981443,0.11395526,0.02927686,0.33970356,-0.09346591,-0.25826854,-0.17930537,-0.25201914,-0.28114024,-0.08924283,-0.16237128,-0.29812264,0.10414124,-0.35718316,-0.4256866,0.28940603,-0.26604113,5838000.109356,0.13793145,0.19399641,0.11311245,-0.26301101,0.24830249,0.05758473,0.5818916,0.11181846,0.0266692,0.34084862,-0.09575848,-0.27563155,-0.18498801,-0.25144199,-0.28300509,-0.0901146,-0.17666368,-0.29574481,0.10009813,-0.35440654,-0.42521149,0.29197598,-0.26599792,5839000.1059662,0.14211535,0.19805884,0.11566935,-0.26558039,0.24837185,0.05673391,0.57862723,0.11219243,0.02633902,0.3441973,-0.09667078,-0.27483588,-0.18381691,-0.2533778,-0.28247315,-0.09273213,-0.16566685,-0.29750142,0.10003127,-0.35202461,-0.42474207,0.29487744,-0.2650744,5840000.10881045,0.14158447,0.19887792,0.11568622,-0.26998174,0.25009942,0.05256883,0.58259726,0.10998134,0.024075,0.33907717,-0.09889585,-0.2709415,-0.18355387,-0.25531062,-0.28482392,-0.09157157,-0.17046762,-0.29735175,0.11040449,-0.34949467,-0.42455962,0.29824743,-0.26492688,5841000.1114435,0.14275987,0.20066154,0.11987044,-0.26940334,0.25401044,0.04961142,0.58015645,0.11033898,0.02103221,0.33810624,-0.10069834,-0.27441892,-0.18149459,-0.25261325,-0.28503245,-0.09132686,-0.15972044,-0.29996845,0.10242797,-0.35431945,-0.42276621,0.29904807,-0.26597166,5842000.11101556,0.14199336,0.20118287,0.12041719,-0.26872176,0.25009942,0.05622761,0.57911259,0.11099435,0.02130993,0.3403725,-0.09792621,-0.27394459,-0.18627241,-0.25246456,-0.28284651,-0.09081324,-0.15850562,-0.30278447,0.10387336,-0.3451747,-0.42008635,0.30068523,-0.26241878,5843000.10931371,0.13621828,0.19142506,0.10952653,-0.25523883,0.24334985,0.06183003,0.57975256,0.11393098,0.03309066,0.34655443,-0.09048633,-0.25972816,-0.1942115,-0.25020894,-0.28082484,-0.09265615,-0.16656129,-0.29843637,0.10543152,-0.35445163,-0.41744918,0.29120025,-0.261428,5844000.10803527,0.14009646,0.19306166,0.11160756,-0.25933075,0.24921694,0.06212886,0.58539021,0.11170823,0.03417069,0.34709227,-0.09671324,-0.25854677,-0.18694142,-0.25100049,-0.28186455,-0.09301665,-0.16377784,-0.29971406,0.1106469,-0.35153189,-0.41937274,0.2900565,-0.26507363,5845000.11257759,0.13780132,0.19665577,0.11377407,-0.26416814,0.24823307,0.05612574,0.5862447,0.11066061,0.02960357,0.34974355,-0.09632663,-0.26704335,-0.18257152,-0.25187582,-0.28297544,-0.0919763,-0.16941072,-0.30010051,0.10354973,-0.35134068,-0.42225271,0.30024093,-0.2686916,5846000.11181837,0.13611363,0.19923221,0.11374229,-0.26399222,0.24911268,0.05452343,0.58569437,0.11033472,0.02712886,0.34586278,-0.09718742,-0.27842849,-0.181483,-0.25014132,-0.28269187,-0.09013683,-0.1674735,-0.29858613,0.10786644,-0.35158345,-0.42177379,0.29602054,-0.26206934,5847000.10989701,0.14206305,0.19823371,0.11428899,-0.26789811,0.25231805,0.05407664,0.58792049,0.11156666,0.02676804,0.33755666,-0.09619934,-0.27941608,-0.18215759,-0.25047964,-0.28446904,-0.09309569,-0.16601059,-0.29900378,0.10963603,-0.35383022,-0.42207956,0.29352656,-0.26198459,5848000.11221698,0.14245702,0.19928755,0.11739247,-0.26546654,0.25140238,0.05559183,0.58369476,0.10861011,0.02424134,0.34652618,-0.10160558,-0.27143553,-0.19321573,-0.25508296,-0.28371945,-0.09401698,-0.16909313,-0.297793,0.09864782,-0.35248831,-0.4202275,0.29436636,-0.26194048,5849000.11434847,0.14643955,0.20033643,0.12109367,-0.27034527,0.25103289,0.05258956,0.58405513,0.11076286,0.02155984,0.34459805,-0.10702084,-0.26510164,-0.19083007,-0.255575,-0.28442961,-0.0937623,-0.17116457,-0.30289134,0.10464238,-0.3554281,-0.42073557,0.29679635,-0.25772694,5850000.11402131,0.14463641,0.19951148,0.11613962,-0.26756084,0.25397602,0.05825496,0.58586097,0.10765014,0.02398032,0.34017485,-0.0998246,-0.26727515,-0.18166046,-0.25482088,-0.28306493,-0.0922722,-0.17277971,-0.30276239,0.1104202,-0.34962118,-0.41779995,0.293816,-0.24897042,5851000.1081428,0.13571537,0.1941963,0.10726748,-0.25502494,0.24614112,0.06555503,0.5845176,0.10938395,0.03464003,0.34891888,-0.09093266,-0.26522118,-0.17956492,-0.25296545,-0.28143123,-0.09129638,-0.16177282,-0.29760981,0.10452344,-0.35277927,-0.41700274,0.29788843,-0.25618351,5852000.11005261,0.13801035,0.19586527,0.11175382,-0.26046494,0.24638309,0.05736093,0.58723193,0.11099337,0.03341546,0.34408432,-0.0926248,-0.25328201,-0.18072231,-0.25342599,-0.2827248,-0.09261562,-0.1662609,-0.29793721,0.10289023,-0.35216445,-0.4188754,0.29913452,-0.25795174,5853000.10902684,0.13941789,0.19709297,0.11390512,-0.26055536,0.25156206,0.06087513,0.58897322,0.10860257,0.02876119,0.33473447,-0.09999792,-0.25385058,-0.17764118,-0.25464734,-0.28272125,-0.0909888,-0.17213048,-0.29618323,0.10574968,-0.35744005,-0.41948009,0.29833466,-0.2653977,5854000.10887123,0.13622196,0.19466619,0.11502995,-0.26339644,0.25099796,0.05658575,0.58756697,0.10817529,0.02767915,0.34163842,-0.10011515,-0.25905079,-0.17627324,-0.25716534,-0.28326771,-0.08770414,-0.1609226,-0.30030233,0.1108808,-0.35516155,-0.41932169,0.29173747,-0.25960469,5855000.10986299,0.13999631,0.19702885,0.11720003,-0.26722091,0.25059178,0.05876936,0.58760399,0.10841175,0.027113,0.34656075,-0.10314932,-0.26472056,-0.18165562,-0.25757211,-0.28568065,-0.08738603,-0.17005409,-0.30245,0.10808071,-0.35411781,-0.41896677,0.29599088,-0.26360932,5856000.11199307,0.144124,0.198461,0.11900111,-0.26804456,0.2511394,0.05559012,0.58581251,0.10909999,0.02503046,0.33947825,-0.10384554,-0.26360944,-0.17919467,-0.25692758,-0.28300017,-0.08911724,-0.16868973,-0.3020775,0.09991039,-0.34892422,-0.41840854,0.30183426,-0.25664982,5857000.11338997,0.14582174,0.19833793,0.12150986,-0.26933491,0.25365838,0.05304904,0.58405191,0.11066443,0.0231365,0.34312314,-0.10362907,-0.27599069,-0.1799334,-0.2590194,-0.28294668,-0.0880115,-0.16751271,-0.3004553,0.10379162,-0.34377107,-0.41649368,0.29935855,-0.25082251,5858000.10870142,0.14115545,0.1956501,0.11352289,-0.25360113,0.24660341,0.06076719,0.58692622,0.11036143,0.03169763,0.34653232,-0.09485096,-0.26651517,-0.17899089,-0.2597028,-0.28210738,-0.0879969,-0.16104209,-0.29912421,0.10809682,-0.3452107,-0.41356781,0.29488653,-0.24460205,5859000.11043188,0.14190869,0.19431145,0.1088374,-0.2524198,0.24552725,0.06086742,0.58690906,0.11092466,0.03856042,0.34376168,-0.09221171,-0.25892633,-0.17703104,-0.2558634,-0.28123397,-0.08464985,-0.15984119,-0.29707596,0.10028105,-0.35635823,-0.41338661,0.29936808,-0.25164419,5860000.11262126,0.13521539,0.19527964,0.1130873,-0.25981089,0.25334153,0.05562536,0.58911741,0.11050358,0.03295539,0.34655443,-0.09930188,-0.26837954,-0.17377044,-0.25699806,-0.28172427,-0.08630498,-0.15846971,-0.30368888,0.10146063,-0.3602314,-0.41568261,0.29718059,-0.25906003,5861000.11118094,0.14161047,0.19510309,0.11385802,-0.25542399,0.24735668,0.05571318,0.58879787,0.11249445,0.03111106,0.35122111,-0.09896836,-0.26756188,-0.17684089,-0.25704402,-0.28277171,-0.08446638,-0.15939529,-0.30160049,0.10118804,-0.34778127,-0.41684914,0.29846749,-0.25392681,5862000.11307874,0.14300089,0.19741046,0.11652505,-0.25841284,0.24879715,0.06032901,0.58993167,0.11135359,0.031862,0.34299722,-0.10232912,-0.27250111,-0.17766622,-0.25691205,-0.28247023,-0.08339155,-0.16621739,-0.30080083,0.10820365,-0.34492594,-0.41680083,0.30068856,-0.25867578,5863000.1108112,0.14528835,0.19760992,0.11684658,-0.26165596,0.25029421,0.05097653,0.59020549,0.11138279,0.02847541,0.35350221,-0.10229376,-0.26243329,-0.18070133,-0.25646147,-0.28253946,-0.08345241,-0.15439744,-0.30048651,0.10603433,-0.3446115,-0.41608876,0.30122212,-0.25855136,5864000.11347703,0.14239898,0.19898175,0.12057685,-0.26310748,0.25071678,0.05689096,0.58872795,0.10978146,0.02556805,0.34768096,-0.10465819,-0.2565555,-0.1788246,-0.26042068,-0.28177559,-0.08939514,-0.17540097,-0.30090451,0.10912313,-0.34622082,-0.41563597,0.29986122,-0.2586593,5865000.11272714,0.141837,0.19544578,0.11991433,-0.25614378,0.24923998,0.05442124,0.58600211,0.10938606,0.02682959,0.33773991,-0.1000276,-0.26067299,-0.17994921,-0.26094118,-0.28214774,-0.09075464,-0.174449,-0.30331463,0.10737123,-0.33971059,-0.41357389,0.29934007,-0.25191301,5866000.10856544,0.13905661,0.19279057,0.10940186,-0.24106669,0.24347946,0.0588472,0.58477026,0.11211134,0.03810451,0.34502795,-0.09047687,-0.25821498,-0.17704633,-0.26097926,-0.27985778,-0.08233139,-0.16667286,-0.29640549,0.09955513,-0.33993161,-0.41058204,0.29738852,-0.24944429,5867000.11035408,0.1384743,0.19600628,0.11263833,-0.24804105,0.24607192,0.06443841,0.5870043,0.11273076,0.03871467,0.35066316,-0.09379378,-0.26124316,-0.166834,-0.25984791,-0.28011325,-0.08697751,-0.16446184,-0.2965751,0.09690139,-0.34111342,-0.41355151,0.29709283,-0.25431341,5868000.11022269,0.13989505,0.19510309,0.11405074,-0.2510421,0.25008297,0.06012384,0.58558846,0.1138498,0.03445318,0.34454384,-0.09554896,-0.26471743,-0.17127164,-0.2592589,-0.28013659,-0.08260778,-0.1614209,-0.2979292,0.10573114,-0.34533846,-0.41460669,0.30767137,-0.25515077,5869000.10916264,0.14358537,0.19609776,0.11602689,-0.24968742,0.24802461,0.06623324,0.58881152,0.11343757,0.03289866,0.35151136,-0.09595872,-0.26730722,-0.17364326,-0.26278752,-0.27935675,-0.08655112,-0.16915071,-0.2976487,0.09869303,-0.34932154,-0.41458458,0.29996625,-0.26313981,5870000.1128547,0.14494929,0.19446008,0.11732875,-0.249999,0.24731918,0.05740952,0.58941323,0.11325679,0.03202443,0.34827214,-0.10040255,-0.25379819,-0.17112739,-0.26300135,-0.28062332,-0.08572227,-0.16926351,-0.30151629,0.1067045,-0.3460688,-0.41435802,0.30017447,-0.25727072,5871000.1126649,0.1479286,0.1997463,0.11835767,-0.25645232,0.25082314,0.06012174,0.58926839,0.11182828,0.02855565,0.34066868,-0.09751512,-0.25606447,-0.17338362,-0.26291949,-0.27959999,-0.08415913,-0.17570744,-0.29882073,0.10931097,-0.33850652,-0.41444197,0.29698792,-0.25551426,5872000.11436435,0.15251535,0.19936399,0.12390845,-0.25452852,0.25704417,0.05630622,0.58846837,0.11119952,0.02713101,0.34524271,-0.09803239,-0.26347968,-0.17113999,-0.2650589,-0.27954808,-0.08328987,-0.16312483,-0.30168647,0.10314794,-0.34086803,-0.41359466,0.30313686,-0.24764463,5873000.11345843,0.14868213,0.19924662,0.12063833,-0.25020751,0.25191548,0.05494886,0.5861972,0.11143521,0.02893857,0.34916082,-0.09868123,-0.26163131,-0.17326468,-0.26196918,-0.27974337,-0.08481421,-0.16053204,-0.29841617,0.10774648,-0.33791688,-0.41005626,0.30557799,-0.24546719,5874000.10858968,0.14747547,0.19331963,0.11127694,-0.23859726,0.2437939,0.06180594,0.58654505,0.11306915,0.03784418,0.34164006,-0.09013812,-0.26279482,-0.17070591,-0.26197398,-0.27702332,-0.08243076,-0.16600184,-0.29734641,0.1014156,-0.34020957,-0.40892592,0.29944119,-0.24686892,5875000.10886129,0.14749341,0.19756195,0.11422687,-0.24124268,0.24685903,0.06320858,0.59042382,0.11535354,0.03737091,0.34728828,-0.09064291,-0.24990888,-0.16918337,-0.25678137,-0.2789056,-0.08234719,-0.17084548,-0.29923218,0.10264114,-0.34826356,-0.41043913,0.29914564,-0.24942999,5876000.11123935,0.15003847,0.19817615,0.11560845,-0.24561714,0.24881317,0.05881932,0.59093148,0.11282201,0.03383031,0.35406741,-0.09670509,-0.26330712,-0.16776146,-0.25662723,-0.27888975,-0.08177035,-0.15266263,-0.2979292,0.10177878,-0.34542719,-0.41352457,0.29167482,-0.25255972,5877000.10999902,0.14853641,0.19788393,0.11470815,-0.24727932,0.25055689,0.06367251,0.59414196,0.11282378,0.03272903,0.34760994,-0.09569376,-0.26677671,-0.16862392,-0.26235172,-0.27752569,-0.08334038,-0.16791426,-0.29646397,0.10816543,-0.34145099,-0.41405544,0.30339956,-0.25675109,5878000.11300091,0.14893956,0.19718039,0.11890478,-0.25025782,0.25425789,0.06590693,0.59234357,0.11092298,0.03014522,0.3469145,-0.0913499,-0.26172441,-0.17083649,-0.26489395,-0.27858332,-0.08461802,-0.17323215,-0.29701078,0.10895731,-0.33728886,-0.41309324,0.30823222,-0.26003647,5879000.11141437,0.14952719,0.19852352,0.12017596,-0.25037199,0.25372931,0.05598185,0.58986646,0.11093726,0.02828836,0.34858721,-0.09923951,-0.25714579,-0.16658378,-0.25962269,-0.27943215,-0.07908799,-0.16385287,-0.29689443,0.10997171,-0.33649635,-0.41149613,0.309625,-0.24750996,5880000.1134242,0.15186834,0.19896036,0.12445818,-0.25726631,0.25439909,0.06161663,0.59121102,0.11339576,0.0257818,0.34386072,-0.0961007,-0.2677511,-0.16600543,-0.26466784,-0.27930456,-0.0799981,-0.17056575,-0.29953104,0.11306497,-0.33462307,-0.41032106,0.30478024,-0.2504161,5881000.11390924,0.1513142,0.1974054,0.11729601,-0.24443732,0.25545579,0.06192705,0.58705509,0.11390891,0.03007097,0.34025833,-0.09160013,-0.25223559,-0.17617576,-0.26613528,-0.27767858,-0.07704499,-0.16889349,-0.29885802,0.10603433,-0.32456294,-0.40605673,0.30212906,-0.24450624,5882000.11144281,0.14639185,0.19384693,0.11345734,-0.23915762,0.24906377,0.06205568,0.58859706,0.11703367,0.03871486,0.34626728,-0.0826601,-0.25676969,-0.16486154,-0.26481152,-0.27517724,-0.07937131,-0.16631545,-0.29774106,0.11012296,-0.33363622,-0.40602762,0.30222389,-0.24873689,5883000.11293251,0.15343367,0.19612752,0.11877614,-0.24049506,0.25164869,0.0640466,0.58997399,0.11570755,0.03578977,0.35412908,-0.08344974,-0.26216659,-0.15901582,-0.26301622,-0.27700537,-0.07940977,-0.16910744,-0.29702049,0.10998762,-0.33761764,-0.40983716,0.29739943,-0.24895416,5884000.11035408,0.1526449,0.1966241,0.11610663,-0.24301654,0.24942821,0.06106958,0.59048021,0.11313982,0.03272606,0.35242942,-0.08958498,-0.25227705,-0.16523574,-0.26747769,-0.2765817,-0.07805838,-0.16076483,-0.29700646,0.10671043,-0.33520409,-0.40941665,0.30347261,-0.25551304,5885000.11294187,0.14907262,0.19349748,0.11877614,-0.24712187,0.25566849,0.06147909,0.59239215,0.11363775,0.03189551,0.34889871,-0.08793936,-0.25744087,-0.1586985,-0.26524889,-0.27596822,-0.07920888,-0.16736893,-0.29605219,0.11538439,-0.33702943,-0.40936902,0.30874622,-0.25276738,5886000.11058746,0.14876258,0.1964771,0.12049759,-0.2499353,0.24890141,0.06180371,0.58965719,0.11471027,0.03112225,0.34558314,-0.0896102,-0.26482949,-0.16152114,-0.262104,-0.27576238,-0.07645135,-0.16566509,-0.29448536,0.10884554,-0.33184767,-0.4084281,0.30578595,-0.255238,5887000.11446967,0.15126805,0.19904771,0.12305717,-0.25316602,0.25004598,0.05433245,0.58666605,0.11570092,0.02817,0.34023106,-0.09072684,-0.25994411,-0.15493383,-0.26503834,-0.27510634,-0.07438796,-0.15834874,-0.29521674,0.10951185,-0.32726809,-0.40689352,0.3021504,-0.25095224,5888000.11538471,0.15652473,0.20033033,0.12600231,-0.24839066,0.25637376,0.05529248,0.5875482,0.11433245,0.02739552,0.34380829,-0.08624979,-0.25830534,-0.15508854,-0.26693878,-0.27599278,-0.07296994,-0.16564605,-0.29268003,0.11438289,-0.32899401,-0.4040581,0.30097547,-0.24251735,5889000.11071844,0.15465406,0.18967323,0.11504758,-0.23827003,0.24969715,0.0621792,0.58608323,0.11425064,0.03924779,0.34174874,-0.08062585,-0.25422612,-0.15406312,-0.26436052,-0.27073365,-0.07537809,-0.16320629,-0.29257137,0.1070265,-0.31852898,-0.40060383,0.30567759,-0.24002728,5890000.11020819,0.15453418,0.19364256,0.11689459,-0.23931448,0.24543533,0.06452752,0.58795071,0.11601954,0.0404618,0.3417182,-0.07614927,-0.25370899,-0.15271427,-0.26147223,-0.271862,-0.06758785,-0.15708642,-0.29352137,0.10987652,-0.32426503,-0.40124935,0.30419487,-0.24776204,5891000.1106556,0.15380722,0.19463809,0.11859913,-0.24587823,0.25279427,0.06182654,0.5883612,0.11570918,0.03541164,0.34615016,-0.08031027,-0.25859466,-0.14929645,-0.26525033,-0.27318063,-0.07513249,-0.16101313,-0.29360795,0.10878132,-0.33240306,-0.40318251,0.30852517,-0.24510346,5892000.11414942,0.15375336,0.19297421,0.1201119,-0.24059369,0.24525882,0.0608995,0.58952665,0.11536112,0.0340102,0.3447645,-0.08237151,-0.2430544,-0.14487316,-0.26488224,-0.27153316,-0.06411242,-0.16447972,-0.2908228,0.10614257,-0.32509255,-0.40337569,0.30582002,-0.24999493,5893000.11088899,0.15436575,0.19694594,0.11842222,-0.24261434,0.2493587,0.06465808,0.58815354,0.11570706,0.03427772,0.34173635,-0.0838248,-0.25555554,-0.1441807,-0.26796955,-0.2711069,-0.06985972,-0.15810341,-0.29016745,0.11201432,-0.32755652,-0.40224344,0.30788133,-0.23952433,5894000.10978519,0.15839562,0.19536702,0.12056223,-0.24733908,0.25046864,0.0626824,0.58782959,0.11501675,0.03167855,0.3540082,-0.0822318,-0.26045591,-0.13846019,-0.26828009,-0.27303141,-0.07000905,-0.16269566,-0.28872618,0.10818035,-0.32232299,-0.40109017,0.30938649,-0.23203409,5895000.1111372,0.16254853,0.19735302,0.12547275,-0.24836312,0.25365838,0.05629966,0.58342236,0.11472851,0.02917703,0.3413533,-0.08208134,-0.25751886,-0.1404562,-0.26797771,-0.27137145,-0.06930515,-0.16663595,-0.28933257,0.11023536,-0.31709903,-0.39832586,0.30777264,-0.24000807,5896000.11275208,0.15609771,0.19968605,0.11909637,-0.23862144,0.25223213,0.06237371,0.58600515,0.11526724,0.03539016,0.33995023,-0.07888773,-0.25384194,-0.14925931,-0.26439172,-0.26855153,-0.0681465,-0.17396934,-0.28993645,0.10872682,-0.32100216,-0.3950935,0.31465977,-0.23686665,5897000.10815697,0.15543425,0.19705875,0.11201197,-0.22995953,0.24356063,0.06600276,0.58618617,0.11809514,0.04457528,0.34835675,-0.07161868,-0.26501417,-0.14078768,-0.26211256,-0.26548359,-0.06597267,-0.16075669,-0.2856839,0.10978717,-0.30773407,-0.39412528,0.31081134,-0.23439987,5898000.10818086,0.1567165,0.19797139,0.11518956,-0.23763888,0.24839075,0.06974799,0.58942318,0.11661547,0.04085694,0.34543312,-0.07268443,-0.25150916,-0.13409159,-0.26525569,-0.26764801,-0.06315621,-0.15710513,-0.28893888,0.10295483,-0.31748417,-0.39690626,0.30173495,-0.23970829,5899000.11067011,0.15697016,0.19586694,0.117859,-0.23968701,0.24629852,0.06223182,0.58952373,0.11353283,0.03883817,0.34402621,-0.07366734,-0.24899036,-0.13987136,-0.27029184,-0.26829615,-0.06541596,-0.16009812,-0.28883022,0.10983243,-0.31754965,-0.39719144,0.30251899,-0.2342485,5900000.10894275,0.15727727,0.19671345,0.11795522,-0.23781119,0.24824892,0.06487208,0.58823055,0.11300543,0.0374709,0.34631944,-0.07693189,-0.25890803,-0.13657904,-0.26998225,-0.26785013,-0.05989335,-0.15171537,-0.28470957,0.10951381,-0.3103694,-0.3959747,0.30309275,-0.23742992,5901000.10910869,0.15959418,0.19566071,0.11993492,-0.24510644,0.25293568,0.06448735,0.58947933,0.11441572,0.03566046,0.34429047,-0.08215492,-0.24793637,-0.13004668,-0.26704371,-0.26913509,-0.05988814,-0.15275525,-0.28933728,0.11370458,-0.31457743,-0.39449924,0.30746055,-0.23210067,5902000.11197902,0.16165003,0.19823144,0.1219794,-0.24937108,0.25046864,0.06270315,0.58921713,0.11402487,0.03318987,0.3448835,-0.08070274,-0.2543686,-0.13251458,-0.27191883,-0.26965535,-0.05717541,-0.14993206,-0.28548911,0.11226082,-0.31607297,-0.39496112,0.30947679,-0.2326813,5903000.11202288,0.15921688,0.19884026,0.12260567,-0.24391685,0.25048712,0.0572535,0.58714682,0.11533345,0.03159737,0.33754507,-0.08400942,-0.25529101,-0.13261993,-0.27047393,-0.26733246,-0.0577813,-0.16120484,-0.28829652,0.10434216,-0.31400755,-0.39351791,0.31015882,-0.23260407,5904000.10704384,0.15672712,0.19095655,0.1142764,-0.23150168,0.24707849,0.06372268,0.5862273,0.11559252,0.04253629,0.34353095,-0.07258819,-0.25247326,-0.13410325,-0.26682916,-0.26454923,-0.0575783,-0.15989728,-0.28320566,0.11185966,-0.3087396,-0.38960949,0.30971223,-0.23332785,5905000.10559589,0.15200628,0.19317861,0.11268317,-0.23181985,0.24468368,0.06816452,0.58508694,0.11543699,0.04333854,0.34535772,-0.07211702,-0.25647804,-0.13270785,-0.26589215,-0.26410022,-0.05521411,-0.16219242,-0.28766701,0.10771148,-0.3071042,-0.39190021,0.30414164,-0.23396251,5906000.11087404,0.15192728,0.19835316,0.11433566,-0.23716553,0.24962343,0.06583518,0.58844727,0.11516602,0.03924281,0.35096881,-0.07707109,-0.25259513,-0.13544984,-0.26662129,-0.26579452,-0.05446286,-0.15472235,-0.28193808,0.10365207,-0.3085103,-0.39458647,0.30424067,-0.23335709,5907000.10922372,0.15170489,0.19361804,0.11494622,-0.24209695,0.2455388,0.06378796,0.58885455,0.11591876,0.03614699,0.35278174,-0.07763352,-0.25973535,-0.14003675,-0.26832297,-0.26461682,-0.05289046,-0.16310188,-0.28505445,0.10732212,-0.30690661,-0.395513,0.30638567,-0.23679565,5908000.10820761,0.15556149,0.19580914,0.11925869,-0.24209088,0.24872179,0.05874943,0.58808213,0.11394842,0.03490413,0.34229627,-0.082536,-0.26160771,-0.13935092,-0.26762185,-0.2664068,-0.05684635,-0.17016198,-0.28487179,0.11074568,-0.30848974,-0.39580628,0.3031967,-0.23540556,5909000.11110777,0.15531175,0.19703533,0.12016032,-0.24589497,0.25298879,0.06473204,0.59478927,0.11294224,0.03294567,0.33900112,-0.08628076,-0.25554055,-0.13936807,-0.27440026,-0.26714197,-0.05703099,-0.16326578,-0.28757396,0.1055738,-0.31641436,-0.39435419,0.3014532,-0.24050029,5910000.11004707,0.16024674,0.19802898,0.12338191,-0.2492211,0.25699195,0.05909814,0.58936357,0.11278611,0.02965392,0.34122473,-0.0879532,-0.25618181,-0.14064163,-0.27040386,-0.26755971,-0.05713782,-0.1525269,-0.28755942,0.11151102,-0.31795114,-0.39357963,0.31181645,-0.24058421,5911000.11306928,0.15534431,0.19977932,0.11985366,-0.2480028,0.25277731,0.05886913,0.58983004,0.1099782,0.0288908,0.3423,-0.08412337,-0.26445609,-0.13017005,-0.267079,-0.26638019,-0.05709209,-0.16156749,-0.287458,0.11123326,-0.3097232,-0.39278528,0.31056723,-0.23450035,5912000.10846811,0.15015958,0.19600628,0.11109561,-0.23682758,0.24783418,0.06400776,0.58859706,0.11221287,0.04072755,0.34579107,-0.08088486,-0.25126669,-0.13670923,-0.26725006,-0.26429567,-0.05333363,-0.15655196,-0.28259966,0.11081407,-0.31328183,-0.39206812,0.30729198,-0.22930683,5913000.10605256,0.15361388,0.19832531,0.11312968,-0.24187653,0.25163203,0.06627312,0.58986562,0.11173549,0.03877321,0.35985148,-0.08554535,-0.25082567,-0.13442126,-0.26686615,-0.26390341,-0.0543879,-0.15302753,-0.28602782,0.10597504,-0.31050926,-0.39399996,0.30377045,-0.23630787,5914000.10779165,0.15091322,0.19782986,0.11502678,-0.2467951,0.25157696,0.05716114,0.59280902,0.11092069,0.03421732,0.34903392,-0.08329501,-0.26095286,-0.13765396,-0.26672414,-0.26734984,-0.05462504,-0.15258627,-0.28700289,0.10515662,-0.31103721,-0.39720741,0.30124149,-0.23339447,5915000.10878345,0.14618714,0.20005403,0.11584731,-0.247628,0.25150713,0.05903312,0.59227484,0.11032776,0.0331676,0.34291291,-0.08542853,-0.26448432,-0.13868855,-0.26610312,-0.26815382,-0.05552563,-0.15414931,-0.28823164,0.10846367,-0.30836117,-0.39835408,0.30178162,-0.23194446,5916000.11171603,0.1507341,0.19782816,0.11768164,-0.25360328,0.24884793,0.05807328,0.59240788,0.11255913,0.03053714,0.34612167,-0.08348052,-0.25897822,-0.14024773,-0.2665602,-0.26819608,-0.05392234,-0.15040828,-0.2881957,0.10641418,-0.31373799,-0.39954877,0.30755246,-0.2425144,5917000.10874953,0.14929982,0.19823584,0.12091696,-0.25544876,0.24664791,0.05970244,0.59032017,0.10889036,0.02975446,0.34703279,-0.09344738,-0.2599645,-0.14213765,-0.26888424,-0.26808122,-0.05751073,-0.16338259,-0.28992474,0.1019807,-0.30881554,-0.39891818,0.30492091,-0.24526231,5918000.1127769,0.1493296,0.19677112,0.12109367,-0.25812164,0.24819835,0.05401874,0.5924142,0.10667812,0.02626871,0.34449375,-0.08993286,-0.2716628,-0.13528568,-0.27005881,-0.26806405,-0.05821186,-0.16706066,-0.28869858,0.10666453,-0.31561124,-0.39728013,0.30396527,-0.23885983,5919000.11036375,0.15217865,0.19477969,0.11560921,-0.24818626,0.24719906,0.05521984,0.58933377,0.10887351,0.03085726,0.3433896,-0.08546712,-0.25648794,-0.14596646,-0.26739138,-0.27004507,-0.05942202,-0.1530654,-0.29199529,0.1036865,-0.30596602,-0.39591381,0.31255594,-0.23990594,5920000.10765626,0.14255416,0.19551553,0.11128819,-0.24758551,0.24656314,0.06058246,0.591281,0.10967858,0.03932301,0.34486625,-0.08500325,-0.25528929,-0.14963743,-0.26539406,-0.26670578,-0.05567338,-0.16139263,-0.288634,0.10531706,-0.31924206,-0.39708886,0.31012088,-0.24235949,5921000.11091341,0.14727439,0.19703715,0.11533386,-0.24902028,0.25127921,0.05971387,0.5907653,0.11045327,0.03418716,0.34727523,-0.0876103,-0.25327972,-0.14293389,-0.26862609,-0.2685613,-0.05345174,-0.15799835,-0.28874996,0.10807432,-0.31387025,-0.39984012,0.30630225,-0.2344825,5922000.11091341,0.14873229,0.19502033,0.11478705,-0.24903782,0.24705453,0.05785151,0.59206468,0.11089556,0.03201724,0.33819145,-0.09134924,-0.25698596,-0.13868363,-0.26740405,-0.27123967,-0.05622482,-0.15953696,-0.29017803,0.10640779,-0.31281367,-0.4003154,0.31079167,-0.24102168,5923000.10936216,0.1498314,0.19309211,0.11417665,-0.25468558,0.24902444,0.06016729,0.59172666,0.10724223,0.03068814,0.34964657,-0.09168018,-0.26860282,-0.14394321,-0.26686814,-0.26986641,-0.05662676,-0.15529059,-0.28855816,0.10452307,-0.3166647,-0.40064999,0.30759147,-0.23586698,5924000.10811308,0.14813907,0.1951642,0.11628309,-0.25630289,0.24744204,0.05613825,0.5933634,0.10786496,0.02874987,0.34647724,-0.09175354,-0.2632508,-0.14376795,-0.26624998,-0.27048448,-0.05447693,-0.16194853,-0.28891516,0.11516994,-0.31522563,-0.39962137,0.30044803,-0.23526165,5925000.11000884,0.15209702,0.19559941,0.1207073,-0.25785589,0.2505753,0.04956069,0.59398514,0.10687667,0.02645368,0.3454538,-0.09533419,-0.26415545,-0.14704405,-0.27083594,-0.27263024,-0.0574102,-0.16407034,-0.29420757,0.11686866,-0.32028258,-0.40016761,0.30561131,-0.23591788,5926000.11035408,0.15040652,0.20080332,0.11906502,-0.25828224,0.2503989,0.05231648,0.58585918,0.10471624,0.02645503,0.3498857,-0.09347773,-0.26922107,-0.1511208,-0.27301222,-0.27251631,-0.06111498,-0.1749462,-0.29354706,0.10702481,-0.31028178,-0.39842001,0.31001279,-0.24050151,5927000.10802126,0.14257869,0.19294071,0.11124361,-0.2463017,0.23600301,0.05635909,0.58530194,0.11011802,0.03696313,0.34650129,-0.08910339,-0.25299439,-0.14545989,-0.26877624,-0.26944596,-0.05843889,-0.16892765,-0.29336026,0.10835125,-0.31171075,-0.39688584,0.30811,-0.24593684,5928000.10569444,0.14532155,0.19154288,0.10947499,-0.24824704,0.242924,0.05862806,0.59368056,0.10984552,0.03844001,0.35469157,-0.08857105,-0.25758576,-0.14317039,-0.26605031,-0.26976597,-0.05485745,-0.16103701,-0.29091662,0.10747895,-0.31329796,-0.39983585,0.30506399,-0.24050896,5929000.10954189,0.1438728,0.19303319,0.1131978,-0.25522476,0.24846013,0.05616931,0.59439886,0.11017543,0.03418716,0.34783733,-0.09204216,-0.26283926,-0.14545329,-0.26311541,-0.27192977,-0.05485781,-0.15460438,-0.28828886,0.10476874,-0.31927139,-0.4021948,0.30858228,-0.23882501,5930000.10911873,0.14700083,0.19455203,0.11443488,-0.25428957,0.24717739,0.04985511,0.5907653,0.10759467,0.03192766,0.34152004,-0.0916357,-0.26544487,-0.14554396,-0.26707378,-0.27029675,-0.05965319,-0.15217884,-0.29127312,0.1091925,-0.31628367,-0.4031817,0.30687204,-0.2366202,5931000.10807246,0.14774624,0.19440538,0.11552802,-0.25728038,0.24784543,0.05635918,0.5901224,0.10964334,0.03038441,0.34708247,-0.09638217,-0.26499879,-0.14768206,-0.26882762,-0.27112103,-0.05883313,-0.16168018,-0.28947324,0.10862447,-0.31753701,-0.40356657,0.30790684,-0.23807642,5932000.10766976,0.15082046,0.19627444,0.11935537,-0.25765091,0.2498019,0.05727741,0.59299064,0.10776744,0.02908836,0.34250599,-0.09790591,-0.27360871,-0.15245853,-0.26795867,-0.2737197,-0.06469374,-0.16290468,-0.2952483,0.11097306,-0.31968758,-0.40364498,0.31359214,-0.24814242,5933000.11079179,0.15229304,0.19858095,0.12193017,-0.26121104,0.25106782,0.05401361,0.59212494,0.10858862,0.02661914,0.34743813,-0.0957194,-0.26666778,-0.14671084,-0.26861805,-0.27446976,-0.06053253,-0.16178462,-0.29041487,0.10946196,-0.3166897,-0.40296695,0.31103998,-0.24664791,5934000.10747685,0.14600018,0.19282378,0.11625194,-0.25543484,0.24732196,0.0573639,0.58825004,0.1072394,0.02955637,0.34724808,-0.09570544,-0.26062158,-0.14905238,-0.26774392,-0.27256414,-0.05991228,-0.15980591,-0.28842992,0.10573114,-0.3215313,-0.40036574,0.31162897,-0.23416303,5935000.10671912,0.14225711,0.19314501,0.10670815,-0.24178329,0.2387224,0.05615844,0.58902776,0.10973536,0.04064325,0.35378712,-0.08798672,-0.25891992,-0.15755318,-0.26400879,-0.26806837,-0.05800951,-0.14121109,-0.28828612,0.10238073,-0.31050026,-0.40117094,0.30277795,-0.24006315,5936000.10537282,0.14451937,0.19346927,0.10960428,-0.24711138,0.24781077,0.05602033,0.58766979,0.11068782,0.03810514,0.36456016,-0.08764423,-0.26161677,-0.14840421,-0.25988886,-0.26841968,-0.05446128,-0.15170009,-0.28825623,0.10196164,-0.31853238,-0.4028933,0.30093479,-0.240357,5937000.10910869,0.14401507,0.19309004,0.11453198,-0.25129047,0.25432822,0.06003746,0.59246242,0.1105366,0.0338955,0.35237527,-0.09315841,-0.26674467,-0.1492402,-0.26209348,-0.27116334,-0.05728025,-0.15198877,-0.29326636,0.1023496,-0.32207137,-0.40473992,0.29929802,-0.23978531,5938000.10842806,0.14711742,0.19320701,0.11385802,-0.24852604,0.24902444,0.06350166,0.59077734,0.10911588,0.03231764,0.35069761,-0.09361731,-0.25835055,-0.15125538,-0.26088941,-0.27039516,-0.05948285,-0.14672765,-0.29187301,0.11035708,-0.32700929,-0.40487629,0.30090591,-0.24212338,5939000.10594321,0.14623447,0.19539842,0.1156249,-0.25354454,0.24652509,0.05551664,0.59284341,0.11063687,0.03038441,0.34952483,-0.09692347,-0.26457486,-0.15309638,-0.2675997,-0.27096379,-0.05685732,-0.15579061,-0.29215026,0.10493124,-0.32063735,-0.40589672,0.3070271,-0.23612864,5940000.10766976,0.14707899,0.19644928,0.11724834,-0.25894651,0.24879715,0.05704651,0.5906601,0.10951864,0.02863198,0.35130665,-0.09829328,-0.26654965,-0.15141612,-0.2626636,-0.27172077,-0.0577718,-0.15179375,-0.29019699,0.10723537,-0.32039747,-0.40457988,0.30558959,-0.24402237,5941000.10885126,0.15165645,0.19700351,0.12120397,-0.25839698,0.25559804,0.05585558,0.59144783,0.11210353,0.02679076,0.34867474,-0.10011478,-0.27133852,-0.1487776,-0.26784074,-0.27269408,-0.05572213,-0.16213886,-0.29225501,0.10564035,-0.31222373,-0.40410385,0.31575966,-0.24043065,5942000.10902684,0.14500228,0.19416657,0.11524013,-0.25058037,0.25212604,0.05895798,0.58826697,0.10989814,0.03004961,0.35458511,-0.09078657,-0.27513117,-0.15612152,-0.26935586,-0.27127022,-0.06010291,-0.16210948,-0.28884113,0.11062568,-0.30852848,-0.40306094,0.3167488,-0.23246089,5943000.10687469,0.14574835,0.18973377,0.10927083,-0.24303094,0.24693167,0.06776142,0.59158665,0.11072572,0.03937298,0.35373512,-0.09058079,-0.26976505,-0.15119562,-0.26286063,-0.2676388,-0.05613913,-0.14524928,-0.28515056,0.10912476,-0.32095671,-0.40226206,0.3006812,-0.24673568,5944000.10849576,0.14669369,0.19285898,0.11209037,-0.24489267,0.25289753,0.06431526,0.58682334,0.11085483,0.03591308,0.35374719,-0.08756353,-0.27047619,-0.14905223,-0.26304856,-0.26952237,-0.05209713,-0.1476936,-0.28722689,0.10725127,-0.31307587,-0.40340638,0.30106536,-0.25168884,5945000.10584221,0.14761204,0.19119431,0.11167338,-0.24736521,0.25298762,0.06271242,0.58791715,0.11198118,0.03326477,0.34330219,-0.08859424,-0.27586964,-0.1514018,-0.26223618,-0.27053517,-0.05521509,-0.16180587,-0.29028237,0.11136116,-0.31272906,-0.40402952,0.30672184,-0.24540867,5946000.10812676,0.1484383,0.19332604,0.11244391,-0.25148609,0.25293431,0.05849544,0.58995026,0.11225261,0.03322347,0.34666777,-0.09053613,-0.27453294,-0.14764878,-0.26527673,-0.27107355,-0.05539816,-0.14805093,-0.28558829,0.10344706,-0.3151193,-0.40541476,0.30914691,-0.2435181,5947000.10764614,0.14700907,0.19534203,0.11750551,-0.25154391,0.25191161,0.06228793,0.59059054,0.11251041,0.03141899,0.35064003,-0.09251608,-0.26786181,-0.15415555,-0.26422822,-0.27290645,-0.05428893,-0.16262907,-0.2881417,0.10593405,-0.31754515,-0.40575421,0.30961728,-0.24686673,5948000.10878345,0.15118037,0.19653857,0.11879217,-0.25036034,0.25582719,0.06123118,0.58972156,0.11183167,0.02787871,0.34883767,-0.09907999,-0.267851,-0.15423438,-0.26554412,-0.27177131,-0.0553174,-0.16231264,-0.28885287,0.10987755,-0.3186726,-0.4046855,0.31159782,-0.2458649,5949000.11332148,0.1554569,0.19893543,0.12184826,-0.25220835,0.2605246,0.06166323,0.58954048,0.11303798,0.02543799,0.34882203,-0.09614243,-0.27215263,-0.14969718,-0.2667684,-0.27136371,-0.0545559,-0.15878992,-0.28695822,0.11009753,-0.32363382,-0.40406364,0.31439579,-0.24144022,5950000.11413339,0.14794713,0.1953373,0.1199639,-0.24554795,0.25813925,0.06368031,0.5868293,0.11421613,0.0282851,0.34017485,-0.09426131,-0.27138713,-0.15961762,-0.2671648,-0.27044609,-0.05587766,-0.15504913,-0.28690866,0.10525317,-0.32184872,-0.40235737,0.30472165,-0.23815085,5951000.10787562,0.14444019,0.19630028,0.11260775,-0.23470038,0.25328848,0.07028186,0.58693802,0.11572161,0.03985792,0.3433589,-0.08465937,-0.2774266,-0.15837497,-0.26586637,-0.26883397,-0.05438013,-0.15055363,-0.28481388,0.10240757,-0.31443244,-0.40002656,0.29981866,-0.23751394,5952000.10891508,0.14907424,0.19393958,0.11602689,-0.23515458,0.25902295,0.06954791,0.58749896,0.11688281,0.03816287,0.35535082,-0.08184766,-0.26482278,-0.15093158,-0.26491657,-0.27223489,-0.05693293,-0.14753395,-0.28782138,0.10796285,-0.3190667,-0.4020125,0.30289081,-0.23488347,5953000.10854588,0.14939083,0.19274205,0.11617173,-0.24035166,0.25787482,0.069234,0.58580816,0.1156586,0.03474239,0.35036433,-0.08529294,-0.27311611,-0.15164691,-0.26395321,-0.2716724,-0.05223379,-0.14650267,-0.28842136,0.10741688,-0.31989563,-0.40334088,0.30795106,-0.24688342,5954000.10828847,0.14860028,0.19280085,0.11665372,-0.23901792,0.25060806,0.0684133,0.58851326,0.11650544,0.03396222,0.34618035,-0.08477601,-0.27095738,-0.15377061,-0.263356,-0.26996434,-0.05469555,-0.14759168,-0.28762919,0.10536671,-0.31642306,-0.40279803,0.30373749,-0.24431767,5955000.11018375,0.14906637,0.19905508,0.11864734,-0.23953545,0.25303927,0.06592305,0.58777648,0.11718152,0.03415235,0.3487412,-0.08680381,-0.28339386,-0.15247644,-0.26731914,-0.27296957,-0.05707404,-0.15993682,-0.28823951,0.10675725,-0.31656399,-0.40360343,0.30394855,-0.24311961,5956000.11284836,0.15135126,0.19978465,0.12134921,-0.24319415,0.25981742,0.06743469,0.58752388,0.11777666,0.03188343,0.34958431,-0.08841851,-0.2820127,-0.15603162,-0.26729736,-0.27287173,-0.05910014,-0.14951658,-0.28814831,0.10498171,-0.31005004,-0.40383148,0.31085232,-0.24610168,5957000.11359826,0.15627079,0.20153543,0.1249701,-0.24584879,0.26167348,0.07098737,0.58526254,0.11650503,0.02915966,0.34302816,-0.08602669,-0.27459788,-0.14961125,-0.26672792,-0.27181876,-0.05323792,-0.15520567,-0.28685492,0.10688579,-0.3097547,-0.40358245,0.31574297,-0.24390082,5958000.11271121,0.15074857,0.19627254,0.11856431,-0.23845412,0.25896847,0.06912231,0.58745939,0.11944786,0.03325307,0.34753135,-0.0805856,-0.27383491,-0.15470001,-0.26818892,-0.27166262,-0.05223627,-0.15053697,-0.28599194,0.10468559,-0.3145735,-0.40030146,0.31012115,-0.24335843,5959000.10864316,0.15079771,0.19408387,0.11463019,-0.22548145,0.25284746,0.07463031,0.58622605,0.12210485,0.04332937,0.35443467,-0.07716505,-0.26876417,-0.15233648,-0.26653743,-0.26879692,-0.04559577,-0.15184584,-0.28165719,0.10878449,-0.30932823,-0.39887661,0.30755246,-0.23999628,5960000.10819089,0.15183318,0.19452475,0.12048092,-0.22990946,0.25796312,0.0743598,0.58725041,0.11959336,0.04035539,0.35445067,-0.07902442,-0.2662673,-0.14891836,-0.26508138,-0.27024063,-0.04822374,-0.13389127,-0.28444865,0.09886243,-0.3063063,-0.40129378,0.30753064,-0.23877196,5961000.11099123,0.15362695,0.19364655,0.12081914,-0.23158377,0.26045349,0.07536921,0.58737028,0.1209007,0.03708827,0.34561753,-0.07133254,-0.27728724,-0.14979498,-0.27010638,-0.26914367,-0.04483431,-0.14580147,-0.28411159,0.10580017,-0.31174669,-0.40164092,0.30822793,-0.24108396,5962000.11198359,0.15429385,0.19396684,0.12217133,-0.23453487,0.25550929,0.07769009,0.58392805,0.12195817,0.0373167,0.34363842,-0.07193679,-0.27267748,-0.15956511,-0.26954505,-0.26951841,-0.04764712,-0.14888997,-0.2863507,0.11097113,-0.31718817,-0.40128633,0.30493179,-0.23915207,5963000.11178426,0.15158506,0.19592105,0.12344163,-0.23620059,0.2546984,0.0754137,0.5867483,0.12366305,0.03542637,0.35021755,-0.0753972,-0.28125671,-0.15877165,-0.26917967,-0.27063751,-0.0494783,-0.14902681,-0.28297511,0.10650641,-0.31606174,-0.40102541,0.30429116,-0.24336551,5964000.11319076,0.15697424,0.19700351,0.12804593,-0.23672062,0.25847477,0.07677934,0.58337814,0.12183215,0.03350029,0.35164261,-0.07737361,-0.27548173,-0.15540504,-0.26896095,-0.27098626,-0.04614437,-0.14916414,-0.2861113,0.10486459,-0.30870217,-0.40127838,0.31107366,-0.23774803,5965000.11171603,0.15472662,0.19384693,0.1273668,-0.2357969,0.26197192,0.07484104,0.58253807,0.1216551,0.03183356,0.33567676,-0.07119715,-0.27028018,-0.15393709,-0.27294272,-0.27178988,-0.04669039,-0.14195451,-0.28500584,0.11217583,-0.31050003,-0.39968088,0.31050739,-0.23599891,5966000.11101995,0.15088359,0.19849099,0.11888512,-0.21942878,0.26076892,0.07718091,0.58054626,0.12489407,0.04370377,0.34843844,-0.05920566,-0.27480504,-0.14882283,-0.27058789,-0.26937672,-0.04907333,-0.14435713,-0.28331566,0.10877982,-0.30595335,-0.39706516,0.3087067,-0.24136169,5967000.11008663,0.15168497,0.19651055,0.11861453,-0.22195652,0.25821006,0.07914644,0.58416665,0.12726609,0.04847414,0.35586026,-0.05754312,-0.26604983,-0.14513521,-0.26588586,-0.2688877,-0.0443986,-0.14347443,-0.28310183,0.10974184,-0.31446344,-0.39711747,0.30588242,-0.24855402,5968000.11130743,0.15375148,0.19367701,0.12355668,-0.22118123,0.25589681,0.08060127,0.58692735,0.12536125,0.04343881,0.34640455,-0.05438625,-0.27292821,-0.14845668,-0.26586747,-0.26905236,-0.04135727,-0.13429174,-0.27859104,0.11252437,-0.30780375,-0.3996408,0.30851579,-0.2440986,5969000.11065028,0.15241779,0.19277072,0.12276807,-0.22517081,0.25243944,0.08078356,0.58783704,0.12798381,0.04075696,0.35190937,-0.05840987,-0.2691699,-0.15281323,-0.26859146,-0.26822445,-0.04165275,-0.15014376,-0.28244257,0.10580087,-0.30962414,-0.40023893,0.30538911,-0.2392403,5970000.11050446,0.15494239,0.19469735,0.12539241,-0.22491343,0.25358582,0.08035295,0.58680755,0.12938544,0.04139365,0.35876751,-0.05432481,-0.27075014,-0.14999978,-0.26787192,-0.27005592,-0.04574883,-0.1534531,-0.28421801,0.1096265,-0.30130419,-0.40062475,0.30421257,-0.24124843,5971000.1115653,0.15773933,0.19759175,0.12622851,-0.22754253,0.25958815,0.08056382,0.58600605,0.12601075,0.03852445,0.34921172,-0.05851544,-0.2700558,-0.15154169,-0.27186826,-0.27084243,-0.04518536,-0.14187762,-0.28048128,0.10534576,-0.31412548,-0.40078411,0.3110944,-0.2417929,5972000.1104605,0.15760155,0.19963971,0.13120922,-0.22957689,0.26151204,0.08457699,0.58426398,0.12670693,0.03677234,0.35096291,-0.06025068,-0.27598014,-0.15049392,-0.269584,-0.2702767,-0.04581276,-0.13648365,-0.28103012,0.10420546,-0.31263655,-0.40071517,0.31145623,-0.23582491,5973000.11199852,0.15975478,0.19653466,0.12689982,-0.22149625,0.25737944,0.0837199,0.57888716,0.127266,0.03801119,0.34533751,-0.05426724,-0.26876017,-0.14233014,-0.26998815,-0.26985872,-0.04698118,-0.16769201,-0.27856207,0.10858661,-0.3071501,-0.39901054,0.30977243,-0.23973766,5974000.10906081,0.15521006,0.18976313,0.1169268,-0.21373945,0.2571677,0.0884919,0.58037651,0.1296141,0.05014684,0.34557649,-0.04599652,-0.26696342,-0.15758419,-0.26804346,-0.26593155,-0.0461628,-0.15574858,-0.27891767,0.10794138,-0.30954877,-0.39682543,0.31261855,-0.24221566,5975000.10777117,0.15258744,0.19148685,0.11935537,-0.21702397,0.25284413,0.08641744,0.58351034,0.12914054,0.04886048,0.35468748,-0.04285825,-0.25877583,-0.15405771,-0.26995528,-0.26800653,-0.04567497,-0.13820426,-0.27836561,0.11467345,-0.3165254,-0.39859918,0.31609476,-0.24326852,5976000.11082,0.15577549,0.19511102,0.12109429,-0.22339696,0.25476608,0.08466116,0.58625466,0.1300177,0.04464647,0.34858412,-0.04544549,-0.2691704,-0.15736827,-0.26678425,-0.26872954,-0.04028911,-0.15705043,-0.28311086,0.11234333,-0.31468102,-0.40178272,0.30676413,-0.2419554,5977000.10853237,0.15770833,0.19528706,0.1237038,-0.21995991,0.2543259,0.08290867,0.5850113,0.13051261,0.04202808,0.35114473,-0.04441225,-0.27465671,-0.16194475,-0.26985812,-0.27006516,-0.04653915,-0.13975631,-0.27705339,0.10265467,-0.31167734,-0.40378332,0.30797079,-0.25067464,5978000.10694766,0.15837815,0.19800659,0.12599286,-0.22803885,0.25402582,0.08244474,0.58492482,0.13087843,0.04146779,0.35413647,-0.04197763,-0.27371576,-0.15697159,-0.27331871,-0.26963192,-0.04305006,-0.15563476,-0.28482997,0.10921744,-0.3100262,-0.40457305,0.311979,-0.24230419,5979000.1100709,0.16111714,0.19531369,0.12941281,-0.22859368,0.26144424,0.07896341,0.58209646,0.12893182,0.03885095,0.34910861,-0.0391169,-0.27212733,-0.15198065,-0.26655591,-0.27136037,-0.04445819,-0.15872248,-0.28302911,0.1093525,-0.31173062,-0.40454796,0.31054863,-0.23987508,5980000.11115567,0.15913458,0.19385205,0.13055699,-0.2304527,0.25706244,0.07589739,0.58186376,0.12525207,0.03521524,0.34191135,-0.04618817,-0.27861026,-0.15882394,-0.2736457,-0.27109712,-0.04721086,-0.15450518,-0.28394708,0.10673112,-0.31240073,-0.40334964,0.30851012,-0.24463263,5981000.11100575,0.15505838,0.19802898,0.12437531,-0.22313678,0.25469878,0.0807327,0.57983112,0.12491935,0.03988426,0.35323834,-0.04454882,-0.27794164,-0.15609586,-0.27005565,-0.26972809,-0.04598971,-0.15474476,-0.28120551,0.10441322,-0.30932629,-0.40200436,0.30329546,-0.24145024,5982000.1070908,0.15213771,0.19475889,0.11927493,-0.21187966,0.25348198,0.08630757,0.57780367,0.12798868,0.0500542,0.35401553,-0.03884073,-0.27489501,-0.14769724,-0.2718451,-0.26594949,-0.04205212,-0.15138529,-0.28313196,0.11115563,-0.30848399,-0.40202749,0.30837625,-0.24398378,5983000.10900016,0.15369642,0.19283104,0.12099778,-0.21611974,0.25268355,0.08135115,0.58028251,0.12940815,0.04747219,0.35522619,-0.03639585,-0.27945668,-0.15288119,-0.26597241,-0.26775593,-0.04909367,-0.1382857,-0.28584707,0.11629879,-0.3099854,-0.40511343,0.30354819,-0.24103735,5984000.11002686,0.15516225,0.19256806,0.12033744,-0.21980046,0.25626731,0.08446935,0.5801627,0.12861934,0.04424603,0.3522445,-0.03851384,-0.26588598,-0.15664269,-0.26969799,-0.26910612,-0.05045448,-0.14230694,-0.28531885,0.11199988,-0.32517138,-0.40623993,0.31397185,-0.23708853,5985000.1112437,0.15550932,0.19110689,0.1209817,-0.22221187,0.25605541,0.08069108,0.57819235,0.12986676,0.04175964,0.34622413,-0.04412865,-0.27273834,-0.15555388,-0.26847693,-0.26843226,-0.04987704,-0.15532953,-0.28257602,0.10861979,-0.31272793,-0.40668672,0.30756477,-0.2402395,5986000.10799455,0.15403506,0.19496584,0.1241087,-0.22472835,0.25187448,0.08368751,0.57879585,0.12886566,0.04055432,0.34968966,-0.04443412,-0.28617033,-0.15629116,-0.26933548,-0.26885134,-0.05346129,-0.14696839,-0.28933543,0.10816804,-0.31153572,-0.40748227,0.31472707,-0.23901178,5987000.10973544,0.16010217,0.19628146,0.12877199,-0.2299891,0.25697336,0.08288054,0.57965797,0.12609299,0.03689889,0.34613442,-0.04459578,-0.2672801,-0.15488873,-0.2732099,-0.27047628,-0.05289256,-0.15205665,-0.28929102,0.11190835,-0.30987695,-0.40861169,0.31150788,-0.24235284,5988000.10947794,0.15793136,0.1970416,0.12920433,-0.234111,0.25907582,0.08019507,0.57980061,0.12499262,0.03523363,0.34546429,-0.04556861,-0.27655786,-0.1609377,-0.27259246,-0.27299201,-0.05993321,-0.15302934,-0.28720689,0.10837021,-0.31458008,-0.40873966,0.31699455,-0.23695615,5989000.10754459,0.15479824,0.19490322,0.1255531,-0.22498932,0.25512168,0.07694926,0.58048701,0.12571566,0.03919616,0.35347006,-0.04542814,-0.27830654,-0.160707,-0.26892704,-0.27289256,-0.05550701,-0.14065915,-0.28778595,0.11477209,-0.31026426,-0.40609607,0.3160992,-0.25030911,5990000.10599536,0.15282482,0.19028963,0.11867955,-0.21948834,0.25219297,0.07929422,0.5808326,0.12877202,0.05038258,0.3547689,-0.03882711,-0.2811631,-0.16242722,-0.26441035,-0.26968977,-0.05654944,-0.14276697,-0.28495565,0.10869153,-0.308043,-0.40592068,0.30208001,-0.23909394,5991000.10924048,0.15509801,0.19534652,0.11941972,-0.22304292,0.25266474,0.08064674,0.58108705,0.12690337,0.04723701,0.35334355,-0.04005982,-0.27337119,-0.16282852,-0.26483566,-0.27023363,-0.05248721,-0.13726512,-0.2873421,0.10502061,-0.31185192,-0.40874371,0.30066577,-0.24278316,5992000.11107866,0.1531723,0.19329897,0.12091725,-0.22852877,0.2500214,0.08048779,0.57961297,0.12639898,0.04303221,0.34528986,-0.04397872,-0.27758726,-0.15849611,-0.26645482,-0.27010494,-0.05546456,-0.13706155,-0.28769147,0.09937537,-0.31694621,-0.41111416,0.30713654,-0.24732816,5993000.11007685,0.15470025,0.19183737,0.12074002,-0.23050877,0.25342566,0.07678077,0.57981443,0.12609544,0.04299944,0.34323412,-0.04647638,-0.27310887,-0.16366848,-0.26650551,-0.27185389,-0.05313215,-0.14755623,-0.28841361,0.11040242,-0.31373358,-0.41218689,0.31138033,-0.24677078,5994000.11159451,0.15320989,0.19280192,0.12207653,-0.23306015,0.25655037,0.07735685,0.58149445,0.12594911,0.03960557,0.34258822,-0.04995541,-0.27253833,-0.16636886,-0.26601845,-0.27263564,-0.05376209,-0.14269419,-0.29073849,0.10782746,-0.31188574,-0.41243476,0.30820027,-0.24187142,5995000.11200816,0.15757425,0.19256806,0.12541232,-0.232172,0.25762728,0.07577189,0.58080226,0.12409529,0.03769857,0.35212573,-0.04963554,-0.27255106,-0.16344103,-0.26913553,-0.27317777,-0.0607129,-0.15114236,-0.28895327,0.11466343,-0.32237065,-0.41309127,0.30515283,-0.25057766,5996000.11108362,0.15792623,0.19262618,0.12599041,-0.23751649,0.25925285,0.07369705,0.58242637,0.1242237,0.0358822,0.34351262,-0.04914086,-0.28406933,-0.16322003,-0.27283213,-0.27254528,-0.06207568,-0.15470326,-0.29116005,0.11166928,-0.32475647,-0.41233844,0.30855238,-0.24750577,5997000.10920653,0.15344666,0.18885979,0.11991737,-0.22761843,0.25529814,0.07238277,0.57660568,0.12434479,0.04277611,0.33836368,-0.04943324,-0.28122771,-0.16749251,-0.26865095,-0.27244669,-0.05947397,-0.15231998,-0.28923342,0.11017253,-0.31522343,-0.4103269,0.30786774,-0.23937674,5998000.10627572,0.14955716,0.18903345,0.11589815,-0.224784,0.250375,0.07726523,0.57767296,0.12435357,0.04902858,0.34108248,-0.04644495,-0.27364683,-0.16417034,-0.26686317,-0.27089834,-0.05766422,-0.14685714,-0.28844216,0.1079167,-0.31890798,-0.41090682,0.30748025,-0.24843186,5999000.11004707,0.15090455,0.18990839,0.11908177,-0.22650984,0.25136301,0.07954765,0.58108127,0.12521756,0.04527749,0.34619015,-0.04824688,-0.27840057,-0.1576878,-0.26642331,-0.27359483,-0.05795802,-0.14966877,-0.28862005,0.10251642,-0.31812438,-0.41362262,0.29898909,-0.2505706,6000000.10973544,0.15320526,0.19224656,0.12065952,-0.23177439,0.25474942,0.06949282,0.58162445,0.12265185,0.04187854,0.34344825,-0.05317936,-0.28066978,-0.17025082,-0.26652643,-0.27485284,-0.05681497,-0.13854885,-0.29034594,0.10689196,-0.31473598,-0.41448766,0.3087202,-0.24571624,6001000.1101048,0.15239711,0.19394176,0.12255925,-0.2360182,0.24942519,0.06546057,0.58163625,0.1228136,0.04122747,0.35511494,-0.05336745,-0.27660656,-0.16722725,-0.26430309,-0.27328247,-0.06110211,-0.14395873,-0.29021478,0.11035738,-0.31420517,-0.41328567,0.31467515,-0.24466878,6002000.11053841,0.15190667,0.19701199,0.12416925,-0.23545408,0.25015047,0.07360455,0.58044362,0.11924734,0.03911898,0.34877515,-0.0522749,-0.27208829,-0.16758752,-0.2636193,-0.27331996,-0.06105546,-0.15427646,-0.29216832,0.11261266,-0.31669986,-0.41377661,0.30708802,-0.24770507,6003000.11184279,0.15450001,0.19534434,0.12605576,-0.24064659,0.25399232,0.07048183,0.58070064,0.11899153,0.03670193,0.34376606,-0.05818276,-0.28271011,-0.16710399,-0.26983058,-0.27453578,-0.0565142,-0.14913638,-0.2885879,0.10445896,-0.31634322,-0.41484123,0.30925608,-0.24237585,6004000.11401874,0.1571327,0.19584014,0.12669566,-0.23756061,0.25418693,0.07108325,0.57793713,0.1208531,0.03515038,0.35667625,-0.06022808,-0.27217504,-0.17174134,-0.26952592,-0.27559459,-0.06425986,-0.15218385,-0.28393874,0.10615639,-0.31223965,-0.4136835,0.30918917,-0.24834493,6005000.11055338,0.15098378,0.1869939,0.11771391,-0.22802024,0.25654998,0.07818384,0.57977188,0.11974087,0.04602306,0.35138801,-0.05191667,-0.27398664,-0.17573187,-0.27035293,-0.27326429,-0.06077699,-0.1433502,-0.28851119,0.10500515,-0.30948561,-0.41056046,0.30906817,-0.24252722,6006000.10655331,0.15180123,0.19072734,0.11581773,-0.22565128,0.25351578,0.07854342,0.58037591,0.12095484,0.048603,0.34128621,-0.05646938,-0.28300333,-0.17302826,-0.26806125,-0.27106494,-0.05776171,-0.15486881,-0.28872883,0.1006478,-0.31113988,-0.41161543,0.30640629,-0.24979262,6007000.10881735,0.1502561,0.19242193,0.11890484,-0.2314143,0.25201634,0.07798335,0.57970649,0.12059125,0.04323653,0.34678143,-0.05810045,-0.28035134,-0.17104089,-0.26784948,-0.2729218,-0.05966375,-0.14207557,-0.28688577,0.10055965,-0.31116742,-0.41378194,0.30499265,-0.25246516,6008000.10817076,0.15516868,0.19204202,0.12028909,-0.23105097,0.25422084,0.07157309,0.58116859,0.11861352,0.04026023,0.35647348,-0.05979983,-0.27782309,-0.16573444,-0.27032349,-0.27447012,-0.06101799,-0.14144495,-0.29282969,0.10807569,-0.3220624,-0.41432342,0.30771616,-0.25056303,6009000.10521713,0.14793371,0.1937366,0.12004739,-0.23561092,0.25374565,0.07129943,0.57996827,0.11650531,0.03902679,0.35193869,-0.06294299,-0.27965316,-0.16540886,-0.2719695,-0.27529749,-0.06101202,-0.14776261,-0.29264793,0.10885293,-0.31886348,-0.41507697,0.30700436,-0.24944651,6010000.11090368,0.15235738,0.19344379,0.1213182,-0.23889422,0.25364038,0.07058397,0.57811737,0.11752529,0.03700751,0.34211516,-0.06647104,-0.27876297,-0.16983505,-0.27314949,-0.27460283,-0.06499197,-0.14935055,-0.2913391,0.11005849,-0.31927752,-0.41473329,0.31553513,-0.25046065,6011000.11115167,0.15550801,0.1963384,0.12666614,-0.23922129,0.25378066,0.07286613,0.57926595,0.1162281,0.03453447,0.34505218,-0.06880218,-0.28172961,-0.17276175,-0.27448753,-0.27389854,-0.06712595,-0.15217447,-0.29403862,0.10389109,-0.31622502,-0.41294718,0.31026241,-0.24926779,6012000.11066023,0.1559456,0.19820601,0.12756434,-0.23962268,0.25297073,0.06481761,0.57901394,0.11505666,0.03161087,0.3548027,-0.07202819,-0.28032449,-0.17414472,-0.27268887,-0.27482259,-0.0685292,-0.15541199,-0.29211718,0.10356959,-0.31647316,-0.41172305,0.29669055,-0.2440221,6013000.10963938,0.14829195,0.1942573,0.11715124,-0.23077393,0.25128171,0.06989942,0.57979107,0.11731783,0.04277469,0.3401072,-0.06535614,-0.27781844,-0.17497708,-0.27164081,-0.27200288,-0.06709482,-0.15367846,-0.28851897,0.10933045,-0.31653917,-0.40931016,0.30530772,-0.24547151,6014000.10655331,0.14845571,0.19151552,0.11644465,-0.22902241,0.25251269,0.07203734,0.57842982,0.11778964,0.04459171,0.34986776,-0.06169787,-0.27895361,-0.17306362,-0.26739442,-0.27218214,-0.06708688,-0.15452541,-0.2858752,0.11115563,-0.31848317,-0.4096671,0.30119213,-0.244499,6015000.10810302,0.14993352,0.19323982,0.11876005,-0.23209368,0.25367412,0.06964574,0.57572496,0.11761057,0.03981252,0.35141167,-0.07168727,-0.28105509,-0.18078712,-0.26631516,-0.27431288,-0.06496986,-0.15354559,-0.28871301,0.10461049,-0.32111555,-0.41239101,0.30904606,-0.25232923,6016000.11011085,0.14972456,0.19221713,0.11887268,-0.23587422,0.24889843,0.06640589,0.57849306,0.11708222,0.03629674,0.3440735,-0.07467728,-0.28054234,-0.1717542,-0.26658082,-0.27412733,-0.06485477,-0.14663202,-0.28737307,0.10502254,-0.31839666,-0.41301852,0.30536976,-0.25753784,6017000.10999902,0.15018928,0.19464271,0.11721583,-0.23728892,0.24842221,0.06357385,0.58013612,0.11610592,0.03645611,0.35109904,-0.07767985,-0.28229362,-0.17953579,-0.2694777,-0.27459323,-0.07137114,-0.15233633,-0.2873449,0.10322473,-0.31577027,-0.41120532,0.30808863,-0.25005674,6018000.11071394,0.14950757,0.19242164,0.12250987,-0.24329138,0.25065893,0.0679107,0.57917595,0.11385281,0.0320645,0.34820509,-0.08117742,-0.28738642,-0.18243894,-0.27278438,-0.2761431,-0.06648806,-0.13675873,-0.28461364,0.10343546,-0.31748557,-0.41217366,0.3079232,-0.25687367,6019000.11067011,0.15555415,0.19408609,0.12537737,-0.24570978,0.2528643,0.06653358,0.57839042,0.11483347,0.02851112,0.34179837,-0.08738044,-0.28860036,-0.17774968,-0.27160493,-0.27462843,-0.07004437,-0.13760051,-0.29082161,0.1042316,-0.31507081,-0.41109034,0.30977198,-0.2476348,6020000.10956588,0.15496556,0.19256699,0.12679407,-0.24910383,0.25471556,0.06722008,0.57814556,0.11489259,0.02652922,0.34995142,-0.09112667,-0.28005844,-0.17819723,-0.27046031,-0.27560499,-0.06916666,-0.14633217,-0.29356414,0.10547588,-0.31905195,-0.40906468,0.3060866,-0.23928557,6021000.11050967,0.15020949,0.19598244,0.1219894,-0.23856702,0.25720316,0.06265873,0.57630283,0.11413757,0.03074293,0.35376465,-0.0855329,-0.28210872,-0.19202609,-0.27252179,-0.27414423,-0.06955917,-0.15012932,-0.29010618,0.10795718,-0.3187896,-0.40774867,0.30617437,-0.24796607,6022000.10781188,0.15043728,0.19119385,0.11533652,-0.22612454,0.25283042,0.07121743,0.57613498,0.11593392,0.04142826,0.35142896,-0.08058147,-0.28959131,-0.18375733,-0.26788363,-0.27053887,-0.07109272,-0.15349837,-0.28287143,0.10215368,-0.31217805,-0.4062742,0.29910967,-0.24523598,6023000.11090368,0.14894834,0.19028933,0.11576932,-0.23530354,0.24962075,0.06922792,0.57822269,0.11606196,0.03814403,0.34797373,-0.08162604,-0.28406999,-0.17417985,-0.26560175,-0.27263021,-0.07083235,-0.1476831,-0.28476587,0.10413557,-0.3204571,-0.40829933,0.29759923,-0.25345728,6024000.10608628,0.14747056,0.19373712,0.11591374,-0.2365662,0.25110057,0.06752078,0.57508326,0.11386044,0.03366429,0.35301003,-0.08600767,-0.28935051,-0.17504394,-0.267046,-0.27537158,-0.07098408,-0.14033954,-0.28734076,0.10700582,-0.31810215,-0.40961316,0.29942474,-0.24546827,6025000.10702329,0.14551538,0.18944269,0.11908185,-0.24095984,0.25118628,0.07170258,0.57896984,0.11427891,0.03251731,0.35145044,-0.08499875,-0.28703246,-0.18187399,-0.26617548,-0.27603558,-0.06982847,-0.14605239,-0.28952235,0.11022098,-0.31480876,-0.41030613,0.30463135,-0.2495738,6026000.10838404,0.15245029,0.19268443,0.11995056,-0.24320784,0.25018245,0.06717043,0.58092576,0.11499642,0.03112179,0.34561867,-0.08749615,-0.29020521,-0.18197824,-0.26986864,-0.27698407,-0.0686335,-0.15048912,-0.28668225,0.1079637,-0.32527518,-0.40855488,0.30594331,-0.25039864,6027000.10999902,0.15260085,0.19335549,0.1238456,-0.24800766,0.25212485,0.06650871,0.5767383,0.11441141,0.0277985,0.34261206,-0.09053308,-0.28923762,-0.18634166,-0.26920786,-0.27468026,-0.07230642,-0.15433986,-0.2889939,0.10604952,-0.3189978,-0.4070892,0.30827689,-0.24356773,6028000.11072371,0.15297845,0.19729958,0.12439293,-0.24629277,0.2530058,0.06561062,0.57485908,0.11355004,0.02541828,0.34427199,-0.09453132,-0.28715283,-0.18139048,-0.27090639,-0.27463192,-0.07216993,-0.14108838,-0.28890243,0.09919269,-0.31371829,-0.40685239,0.30500308,-0.24552938,6029000.11062153,0.1558084,0.19896536,0.12437239,-0.24554954,0.25619784,0.06557887,0.57611907,0.1138205,0.02450326,0.34597912,-0.09278973,-0.29188046,-0.17796497,-0.26980007,-0.27500033,-0.06978521,-0.1518755,-0.28478596,0.10149875,-0.32078439,-0.40525439,0.30208263,-0.2373403,6030000.10677312,0.15106332,0.19093016,0.11618756,-0.23396292,0.25674433,0.07012855,0.57531714,0.11524494,0.03680334,0.34941697,-0.09067928,-0.28944972,-0.17836164,-0.26994058,-0.27234223,-0.06458972,-0.14215146,-0.28510246,0.10880438,-0.31755748,-0.40275612,0.30245289,-0.23861524,6031000.10644171,0.15478446,0.19233368,0.11557718,-0.23580813,0.25746861,0.06677525,0.57608861,0.11513645,0.03916562,0.34545508,-0.08551195,-0.28975821,-0.18160896,-0.27109426,-0.27245417,-0.06926204,-0.13466349,-0.28777608,0.10639242,-0.3124499,-0.40235025,0.29821286,-0.24043472,6032000.10742279,0.15426917,0.19131164,0.11800401,-0.24174798,0.25519207,0.06575777,0.57441258,0.11431368,0.03245481,0.34895906,-0.0891394,-0.27710181,-0.18372425,-0.27040589,-0.273781,-0.06843273,-0.14042702,-0.28569457,0.10741751,-0.31579816,-0.40497398,0.30651286,-0.24329986,6033000.10870561,0.15137653,0.19589932,0.11827731,-0.23822878,0.25515687,0.06761304,0.57731003,0.11366944,0.03050528,0.35092989,-0.09348277,-0.2864747,-0.17895596,-0.27214569,-0.27113906,-0.07249513,-0.14053626,-0.28538954,0.10205018,-0.32234776,-0.40564454,0.30524686,-0.24945444,6034000.10915264,0.1511378,0.19075638,0.1207375,-0.2439613,0.25461015,0.0647353,0.57348669,0.11378682,0.02983754,0.34365356,-0.09615096,-0.28148213,-0.17983915,-0.27012861,-0.27062419,-0.07031509,-0.14572167,-0.28482452,0.09817051,-0.32076448,-0.40503541,0.30069703,-0.24126031,6035000.1091287,0.15533848,0.19469982,0.12555006,-0.24693306,0.25916323,0.06294001,0.57553953,0.11442454,0.0276191,0.34178573,-0.09719388,-0.29353911,-0.17148577,-0.27231321,-0.27263084,-0.07495448,-0.15258679,-0.28288123,0.09672111,-0.31271419,-0.40465382,0.30204451,-0.23524597,6036000.11275788,0.15420049,0.19288675,0.12665913,-0.25108817,0.25575671,0.07079104,0.5758633,0.11344403,0.0244335,0.34583232,-0.09878629,-0.28828767,-0.17890161,-0.27108392,-0.27281317,-0.07281897,-0.158134,-0.28587943,0.10622113,-0.31346488,-0.40197983,0.30783552,-0.24078786,6037000.11212012,0.15711911,0.19522019,0.12536389,-0.24489322,0.2524786,0.06386663,0.57477534,0.11356316,0.02475001,0.34309942,-0.10135101,-0.28423756,-0.18160318,-0.27162373,-0.27342281,-0.06949845,-0.15250781,-0.28477675,0.11193337,-0.31666961,-0.40077716,0.30252972,-0.23667638,6038000.10641811,0.15198687,0.19189247,0.11870763,-0.23375176,0.25182742,0.07044092,0.57364035,0.11519517,0.03690732,0.33987722,-0.09095641,-0.28602406,-0.17706372,-0.26921272,-0.26986548,-0.07186898,-0.15277225,-0.2814942,0.10738955,-0.32117054,-0.39758509,0.30481547,-0.23983996,6039000.1077138,0.15029134,0.19078526,0.11983577,-0.2341667,0.25127921,0.07114848,0.57292807,0.11716707,0.03839017,0.34985104,-0.08816755,-0.2896964,-0.17395505,-0.27006498,-0.26835257,-0.06516693,-0.1599974,-0.28236857,0.09762155,-0.31413931,-0.39831421,0.30010891,-0.23632255,6040000.10702329,0.15225355,0.19157417,0.1210912,-0.23953925,0.25335747,0.06926004,0.57817268,0.11471415,0.03363005,0.35372943,-0.09514685,-0.28775704,-0.17072554,-0.27063227,-0.27022031,-0.06356785,-0.14732634,-0.27830416,0.10016652,-0.32073584,-0.40004316,0.29947534,-0.23536749,6041000.11131721,0.15521996,0.19285898,0.1224105,-0.23849107,0.25097743,0.07288684,0.57590514,0.11381987,0.0317265,0.34007388,-0.09476463,-0.28900799,-0.17811695,-0.27165246,-0.2682128,-0.06951413,-0.14672109,-0.27831799,0.10323223,-0.32030398,-0.4002794,0.30297086,-0.23815466,6042000.11304453,0.15479764,0.1978541,0.12488981,-0.23752967,0.25434542,0.06438888,0.57659668,0.11588834,0.03080185,0.34347025,-0.09682301,-0.28867707,-0.17446052,-0.27199617,-0.27054766,-0.07024275,-0.14138554,-0.27763337,0.10484299,-0.31712002,-0.40029278,0.30176786,-0.24338807,6043000.11422722,0.15589489,0.1946099,0.12672487,-0.24537697,0.2565684,0.06652211,0.5775938,0.11430223,0.02903811,0.35076961,-0.09903558,-0.28116778,-0.16929333,-0.27057323,-0.27136034,-0.06962135,-0.16203074,-0.27864593,0.1054737,-0.31134039,-0.39931664,0.30923623,-0.23329879,6044000.11627331,0.15782963,0.19449139,0.13120383,-0.24528912,0.25482178,0.06193395,0.57561117,0.11323538,0.0262002,0.34695196,-0.09971714,-0.2836422,-0.17543203,-0.2760739,-0.26917508,-0.06668209,-0.14870282,-0.28158486,0.10686745,-0.31267244,-0.39783013,0.309282,-0.23624761,6045000.11414942,0.16137251,0.19630028,0.12866355,-0.24438602,0.25226623,0.06525976,0.57739455,0.11316131,0.02461429,0.34128201,-0.10140685,-0.28661591,-0.17496324,-0.27531949,-0.26921991,-0.06840312,-0.15540506,-0.28198448,0.10870942,-0.31438619,-0.39715829,0.3111122,-0.22817223,6046000.11130603,0.1540416,0.19591896,0.12106653,-0.22616704,0.25672489,0.07711096,0.57823634,0.11520563,0.03583952,0.33988211,-0.09312392,-0.28526339,-0.17070937,-0.27479511,-0.26498377,-0.06689212,-0.15859869,-0.27944133,0.11039673,-0.30952099,-0.39425933,0.30600098,-0.22569267,6047000.11128733,0.15232265,0.19180606,0.1191598,-0.22744064,0.25519234,0.07823338,0.57442808,0.11675258,0.04005586,0.3438693,-0.09035113,-0.27231744,-0.16433141,-0.27351323,-0.26404157,-0.06777512,-0.14636081,-0.27758515,0.1023918,-0.30682567,-0.39431661,0.3002601,-0.23053735,6048000.1127863,0.15668961,0.19169056,0.12305275,-0.23667364,0.25584495,0.0688368,0.57704842,0.1136194,0.03518227,0.34587276,-0.09525465,-0.27377388,-0.17105903,-0.27185771,-0.26659554,-0.06557357,-0.13942334,-0.28004631,0.10570819,-0.3077006,-0.39766729,0.29565403,-0.23873231,6049000.11149218,0.16018389,0.19595592,0.12509444,-0.23465915,0.25573894,0.0677675,0.57409412,0.11574224,0.03300162,0.34764698,-0.09624107,-0.27604502,-0.17105936,-0.27435824,-0.26602396,-0.06428846,-0.14721899,-0.27613702,0.10577285,-0.3162185,-0.3984825,0.30031213,-0.23464964,6050000.11430501,0.15567231,0.19469735,0.1258201,-0.23947126,0.25669193,0.06769184,0.57841951,0.11544157,0.03218385,0.34741533,-0.09792709,-0.28211895,-0.17038792,-0.27276999,-0.2647734,-0.06380959,-0.15441521,-0.2793726,0.10913608,-0.31726822,-0.39833257,0.30267367,-0.23235817,6051000.11335573,0.15858816,0.19641952,0.1288953,-0.24060023,0.25766209,0.07037809,0.57963991,0.11337807,0.02954387,0.35093939,-0.09853162,-0.27632886,-0.16967931,-0.27184734,-0.26551652,-0.06436813,-0.14530763,-0.279356,0.10641932,-0.30845025,-0.39836773,0.30344549,-0.23343858,6052000.11366685,0.16025861,0.19586346,0.13161846,-0.24403626,0.2530576,0.06642298,0.57561117,0.11437474,0.02597942,0.3563672,-0.10132796,-0.2900863,-0.17039391,-0.27159882,-0.26537302,-0.06580702,-0.14797865,-0.27591741,0.10094691,-0.31085062,-0.39840952,0.30166885,-0.22744635,6053000.11743124,0.16029178,0.19624062,0.13072474,-0.2455419,0.25496307,0.06935152,0.57404226,0.11656093,0.02378685,0.34509355,-0.10552205,-0.27580115,-0.16526853,-0.27228636,-0.26486596,-0.06566146,-0.14563362,-0.2764264,0.10271716,-0.30994633,-0.39584738,0.30682215,-0.23292671,6054000.11403928,0.15557405,0.19381553,0.12578773,-0.23219927,0.25453928,0.06972542,0.57449752,0.11523673,0.0313656,0.34363472,-0.10152685,-0.27570903,-0.17036012,-0.2737394,-0.26168993,-0.06455142,-0.14286995,-0.27470079,0.10323492,-0.31249431,-0.39320615,0.30442873,-0.23332539,6055000.11088333,0.14996958,0.19697365,0.12179371,-0.22606689,0.25533354,0.07525224,0.57716197,0.11796592,0.03961321,0.34936932,-0.09511331,-0.27215219,-0.17032522,-0.27027431,-0.2588073,-0.06004583,-0.14555398,-0.2762062,0.10468163,-0.29688659,-0.39349207,0.29872617,-0.23499413,6056000.11512599,0.15405869,0.19446175,0.12448204,-0.23155609,0.25723904,0.07392915,0.58031154,0.11803205,0.03567722,0.3481043,-0.0989497,-0.28200006,-0.160171,-0.27311763,-0.26266307,-0.06005728,-0.14342274,-0.27398705,0.10370472,-0.31173626,-0.39643288,0.29728204,-0.23610836,6057000.11238191,0.15505047,0.19840856,0.1258017,-0.23613185,0.26008216,0.07338626,0.57488787,0.1183101,0.03042087,0.35157081,-0.0997031,-0.27581891,-0.1683927,-0.271402,-0.26142448,-0.06134969,-0.13871925,-0.27075219,0.10495523,-0.31890538,-0.3983191,0.30618048,-0.23851223,6058000.11295115,0.15444694,0.19475515,0.12556112,-0.23417416,0.25700945,0.06769938,0.57903326,0.11698056,0.03028305,0.34047461,-0.10003139,-0.27314872,-0.16730855,-0.27113742,-0.26148191,-0.06486844,-0.14782473,-0.27453172,0.10379127,-0.30412275,-0.39783138,0.30629525,-0.23727052,6059000.11413339,0.15889978,0.19805427,0.12902255,-0.23910031,0.26198858,0.06967542,0.57765913,0.11648423,0.02867878,0.34608385,-0.10264099,-0.27877688,-0.16090243,-0.27210301,-0.26107624,-0.0662054,-0.14205328,-0.27732563,0.10529758,-0.31106681,-0.39863646,0.30106795,-0.23858072,6060000.11561793,0.16414998,0.19556962,0.13177876,-0.2435433,0.25826195,0.06880936,0.57572377,0.11623871,0.02529888,0.34775051,-0.1105698,-0.27346534,-0.16204523,-0.27187067,-0.26211885,-0.06438453,-0.14325787,-0.27405977,0.10190742,-0.31155676,-0.39861041,0.3074246,-0.23382258,6061000.11638639,0.1618668,0.19685419,0.13186577,-0.24503291,0.26046655,0.06643108,0.57765007,0.11628155,0.02210569,0.35007241,-0.11073019,-0.28150094,-0.16568579,-0.27181596,-0.26153338,-0.0618755,-0.14954157,-0.27350244,0.10417365,-0.30547285,-0.39705676,0.31478393,-0.23686422,6062000.11349669,0.15856799,0.19130571,0.12224888,-0.23184246,0.26675192,0.06697988,0.57658756,0.1164747,0.02963454,0.34777692,-0.10371351,-0.27523163,-0.1722672,-0.27103609,-0.25956136,-0.05994982,-0.14037219,-0.27188829,0.10783992,-0.30651307,-0.39495367,0.30810493,-0.23471908,6063000.11011557,0.15748416,0.19291262,0.1200223,-0.22691713,0.26775602,0.07904904,0.57589734,0.11741772,0.03686243,0.34459496,-0.09698524,-0.2734606,-0.15327315,-0.27123991,-0.25943562,-0.05618669,-0.12592837,-0.27433845,0.10668681,-0.30371246,-0.39424604,0.30057254,-0.23326668,6064000.1121828,0.16126961,0.19793935,0.12523645,-0.23044944,0.26245081,0.07635952,0.57892001,0.11762848,0.0319973,0.34880301,-0.10185163,-0.26863748,-0.16134447,-0.26870832,-0.25980493,-0.05534292,-0.1464538,-0.27174053,0.09986626,-0.31122234,-0.3985959,0.3023968,-0.23504125,6065000.11326214,0.15820862,0.19831884,0.12586331,-0.23633282,0.26501116,0.07420641,0.57886118,0.11706058,0.02952955,0.35028774,-0.1023838,-0.27353996,-0.1608609,-0.26908341,-0.25897282,-0.05927243,-0.13986982,-0.27590957,0.10217513,-0.31463313,-0.39981389,0.30179569,-0.23476414,6066000.11514364,0.16049567,0.19566071,0.12429962,-0.24260382,0.26237696,0.07319058,0.57953972,0.1178823,0.02949216,0.34370801,-0.10342832,-0.27601874,-0.16081408,-0.26890811,-0.25893813,-0.05565044,-0.13647349,-0.27424991,0.10056286,-0.30985615,-0.39982349,0.30430862,-0.23723374,6067000.11691308,0.16443697,0.19794154,0.12677765,-0.24193254,0.26055697,0.07016637,0.57745528,0.1177611,0.02625126,0.35354772,-0.10843396,-0.27571511,-0.16293173,-0.27148125,-0.25922313,-0.05394613,-0.1361808,-0.27349058,0.10489587,-0.31124088,-0.40013948,0.30943802,-0.23594816,6068000.1165418,0.16189063,0.1947239,0.13003103,-0.24309525,0.26210979,0.07177883,0.58006048,0.11361843,0.0235627,0.34956127,-0.10634654,-0.27606082,-0.15823638,-0.2699874,-0.25894976,-0.05930636,-0.1393695,-0.27270657,0.10370617,-0.30629417,-0.39885762,0.30968451,-0.22971775,6069000.11499703,0.16110039,0.20176385,0.12875156,-0.23924705,0.26166642,0.06882147,0.57824415,0.11534879,0.02296065,0.34238577,-0.10513673,-0.27865911,-0.16247612,-0.27271989,-0.25791463,-0.06074167,-0.13898817,-0.27173489,0.10568193,-0.30580303,-0.39845431,0.30732468,-0.22664741,6070000.11333258,0.15838091,0.19714357,0.12210733,-0.23113021,0.26394248,0.07486356,0.5714677,0.11823791,0.03423559,0.3471992,-0.09752677,-0.27265474,-0.16031909,-0.27168271,-0.254206,-0.05679806,-0.14289761,-0.27433917,0.10076651,-0.30675748,-0.39582878,0.30490342,-0.22730023,6071000.11077711,0.16219528,0.19598244,0.12578318,-0.229747,0.26186693,0.07339393,0.57803226,0.11877694,0.03591478,0.35409191,-0.09870633,-0.27436173,-0.15243259,-0.26646197,-0.25491711,-0.05045216,-0.13462059,-0.27400976,0.10843458,-0.30957198,-0.39797705,0.30602777,-0.24101582,6072000.11240674,0.16421731,0.20107411,0.12705582,-0.23783901,0.26234367,0.07418699,0.57718927,0.11863559,0.03150405,0.34653941,-0.09853864,-0.26849976,-0.15550227,-0.26806802,-0.2558428,-0.05426187,-0.14977418,-0.27407375,0.10554866,-0.31273332,-0.40049312,0.3057065,-0.24334207,6073000.11346777,0.16436924,0.20124619,0.12776303,-0.23664516,0.26135448,0.06969739,0.57741535,0.11616515,0.03060101,0.34269097,-0.10190963,-0.26776806,-0.15187128,-0.27049926,-0.25581759,-0.05265715,-0.14277591,-0.275352,0.10009097,-0.31525314,-0.40172863,0.31205574,-0.23730671,6074000.11533237,0.1625541,0.19773683,0.12911661,-0.24437796,0.26145956,0.06950503,0.57903099,0.11795592,0.02860307,0.35117239,-0.10490811,-0.27498889,-0.14953588,-0.27029043,-0.25670296,-0.05154801,-0.14873648,-0.2729325,0.10744264,-0.31383905,-0.40253049,0.30197662,-0.23395361,6075000.11671439,0.16453628,0.20124619,0.13316087,-0.23983498,0.26209581,0.06713016,0.57768387,0.11756403,0.02632419,0.34332237,-0.10453107,-0.27365541,-0.15549809,-0.26862848,-0.25750232,-0.04685291,-0.14668776,-0.27001971,0.10509456,-0.30702332,-0.40232369,0.30430168,-0.23763365,6076000.119617,0.16763325,0.20182769,0.132947,-0.24165905,0.26548782,0.07121474,0.57702309,0.11624288,0.02340744,0.34398153,-0.10447095,-0.27493337,-0.14840145,-0.26765519,-0.25503966,-0.04926664,-0.14202452,-0.27253419,0.10185903,-0.30938905,-0.4012109,0.3084363,-0.23198371,6077000.11336696,0.16092342,0.19565257,0.12591989,-0.23392211,0.26147082,0.07366847,0.57535177,0.11909895,0.03237575,0.34026775,-0.09817725,-0.26340449,-0.14884458,-0.26950052,-0.25506604,-0.04590578,-0.1357034,-0.27086982,0.10997011,-0.31084019,-0.3993561,0.30514303,-0.23729151,6078000.11101995,0.15517589,0.19384983,0.12248555,-0.22969931,0.25940925,0.07717551,0.57628471,0.1212228,0.0392326,0.34337106,-0.09826588,-0.26944155,-0.14647515,-0.26742405,-0.25232145,-0.04779996,-0.14448851,-0.27302951,0.10435446,-0.30519125,-0.40074539,0.30136642,-0.2381878,6079000.11408082,0.15895514,0.19525453,0.12614477,-0.23330921,0.26038358,0.07202134,0.57920456,0.11874589,0.03496339,0.35091522,-0.10197829,-0.26733989,-0.14054786,-0.26475847,-0.25511828,-0.05018558,-0.14238103,-0.27594209,0.10912261,-0.31093428,-0.40386292,0.30344549,-0.24191365,6080000.11339925,0.1592966,0.19697763,0.12614477,-0.23646139,0.26353282,0.07867706,0.57328492,0.1196563,0.03186418,0.34488702,-0.1022651,-0.26243648,-0.14549923,-0.26457143,-0.25587967,-0.04312034,-0.15115136,-0.27567858,0.1107777,-0.31913993,-0.40637755,0.30462185,-0.24395749,6081000.11659336,0.15989956,0.19557485,0.12722482,-0.23791361,0.26146257,0.07183609,0.57496399,0.11676795,0.03018701,0.34124985,-0.10330045,-0.27034941,-0.14918923,-0.26304758,-0.25524399,-0.04498206,-0.1434028,-0.27693477,0.10192737,-0.31582466,-0.40824816,0.3031759,-0.24263045,6082000.11516041,0.16250102,0.19963726,0.12936741,-0.23830754,0.26376,0.06964666,0.57632709,0.11753369,0.02885627,0.35307875,-0.10983114,-0.27099192,-0.1441499,-0.26386678,-0.256836,-0.04622022,-0.14410591,-0.27737686,0.10670226,-0.31232324,-0.40703768,0.30616158,-0.24997844,6083000.11522921,0.16422442,0.19928509,0.1327668,-0.24538572,0.26202649,0.06479236,0.57538599,0.11816546,0.02536523,0.35372496,-0.11046572,-0.2682654,-0.14531957,-0.2673125,-0.25567421,-0.05081714,-0.14201117,-0.27676916,0.10879381,-0.31138223,-0.4067612,0.30332613,-0.2467829,6084000.1164209,0.16103132,0.20083347,0.12977703,-0.24210562,0.25997368,0.06958747,0.57151932,0.11701594,0.02762571,0.34391215,-0.10560691,-0.26674441,-0.14405335,-0.26496962,-0.25368452,-0.05044396,-0.14807665,-0.27153552,0.11519102,-0.3123132,-0.40483263,0.30752572,-0.24427857,6085000.1131844,0.15525654,0.19449139,0.12110452,-0.23177208,0.25420526,0.07495359,0.57331985,0.11706804,0.03855899,0.34259161,-0.10319404,-0.27272177,-0.14074123,-0.26150507,-0.25218156,-0.04387937,-0.13628317,-0.27443248,0.11194744,-0.31545979,-0.40640461,0.30056074,-0.24306612,6086000.11095716,0.15713876,0.1941146,0.1227989,-0.23478374,0.26153368,0.07659359,0.57214844,0.11777727,0.03615636,0.3419818,-0.10416134,-0.26532331,-0.1443722,-0.25954074,-0.25297964,-0.04862944,-0.14498049,-0.27521339,0.10300383,-0.31540492,-0.41044483,0.30164102,-0.24252006,6087000.11394089,0.15702407,0.19420399,0.12431478,-0.23903543,0.25909323,0.07116695,0.57261872,0.11550684,0.03101193,0.34836307,-0.1091693,-0.2693938,-0.14985538,-0.2617538,-0.25482115,-0.04478856,-0.14557056,-0.27674544,0.11099856,-0.32532448,-0.4137505,0.30609244,-0.24618074,6088000.11481281,0.15857683,0.19692308,0.12400844,-0.24189132,0.25753802,0.06603442,0.57350683,0.1154253,0.02978065,0.34914303,-0.11344555,-0.27411303,-0.14227082,-0.26268074,-0.25485009,-0.04458523,-0.1427445,-0.27693152,0.10811301,-0.3218883,-0.41489261,0.30111027,-0.25033823,6089000.11561634,0.15504126,0.20096384,0.12811938,-0.24109149,0.26148126,0.07100046,0.57265204,0.1169863,0.02811831,0.34252724,-0.11173396,-0.26600033,-0.14719814,-0.26046294,-0.25644156,-0.04773073,-0.14842941,-0.27764153,0.1087209,-0.31746855,-0.41722655,0.30508664,-0.24953423,6090000.11699906,0.15748949,0.20304272,0.12761898,-0.24766926,0.26080859,0.06978821,0.57698113,0.1146434,0.02494386,0.34920424,-0.11758834,-0.27489874,-0.14858222,-0.26267156,-0.25743231,-0.05539762,-0.13976638,-0.27752608,0.1080454,-0.32004368,-0.41729769,0.30796283,-0.24793343,6091000.11608329,0.15947291,0.20345311,0.13072751,-0.24736282,0.26561889,0.06727347,0.57604116,0.11388309,0.02237058,0.34340757,-0.11889475,-0.28155753,-0.14867541,-0.25943232,-0.2572304,-0.04845668,-0.13888682,-0.27864844,0.11201838,-0.32074094,-0.41487557,0.30680338,-0.24307194,6092000.11287339,0.15271783,0.19668551,0.12315059,-0.24015918,0.26082498,0.06893088,0.57351142,0.11551011,0.0299135,0.33863604,-0.11553206,-0.2627252,-0.14795005,-0.2614955,-0.25695804,-0.04948885,-0.14452508,-0.27614328,0.10875285,-0.31479314,-0.41298568,0.31024137,-0.24296945,6093000.11269908,0.15242131,0.19543193,0.11695874,-0.2374206,0.26137492,0.0711732,0.57146877,0.11555746,0.03550196,0.34481919,-0.1161965,-0.26521504,-0.14453582,-0.25519159,-0.25614935,-0.0468425,-0.14305709,-0.27719349,0.10484421,-0.32041183,-0.41614926,0.30152354,-0.25087824,6094000.11152142,0.15537636,0.19979502,0.12312365,-0.24748063,0.26010117,0.06754998,0.5718534,0.11498463,0.03010567,0.3520011,-0.11456229,-0.26711455,-0.1437998,-0.25562993,-0.25833666,-0.04654149,-0.14213249,-0.27891359,0.10527488,-0.32130948,-0.4207699,0.30086535,-0.26071671,6095000.10929833,0.15445006,0.19733529,0.12286543,-0.25038126,0.26031348,0.06718474,0.5731048,0.1120682,0.02833602,0.35319442,-0.11560857,-0.27007025,-0.14453141,-0.25554106,-0.25911182,-0.05171579,-0.13493128,-0.28037113,0.10211819,-0.32802293,-0.42339602,0.29802483,-0.2663033,6096000.11038259,0.15246612,0.20099577,0.12386472,-0.25090969,0.25847375,0.06827639,0.57127619,0.11429633,0.02584618,0.33980048,-0.12140106,-0.27869886,-0.14572985,-0.25379655,-0.25963369,-0.05620905,-0.15139651,-0.27679312,0.10506511,-0.33030987,-0.42473015,0.30126989,-0.26333246,6097000.11510564,0.15438303,0.20020136,0.12644279,-0.2532517,0.26011911,0.07145033,0.57337886,0.1140022,0.02448773,0.3379083,-0.12313635,-0.27184209,-0.14314447,-0.25753167,-0.25772083,-0.05580669,-0.13513532,-0.28136209,0.10204524,-0.33523315,-0.42476699,0.31616911,-0.25823897,6098000.11590017,0.15980448,0.20143595,0.12811938,-0.25638533,0.25681466,0.06462282,0.56971693,0.11399662,0.02164456,0.33605462,-0.12413676,-0.27543244,-0.15100859,-0.25805014,-0.2584295,-0.05769512,-0.13825729,-0.28058085,0.10788412,-0.32434702,-0.42520958,0.30832469,-0.25347492,6099000.11338997,0.15537417,0.20257223,0.12284673,-0.25409186,0.2602424,0.06137756,0.56997049,0.11426544,0.02349222,0.34116802,-0.12223143,-0.27978894,-0.14646512,-0.25809598,-0.26119527,-0.05282193,-0.14861178,-0.27999535,0.10386997,-0.31915626,-0.42269948,0.29859951,-0.25414488,6100000.11007685,0.14776838,0.19955657,0.11694291,-0.24359891,0.26510823,0.06553736,0.56781697,0.11317709,0.03402461,0.34079969,-0.11694799,-0.27160066,-0.14321086,-0.25760204,-0.25754088,-0.04826284,-0.13966313,-0.28027269,0.10093904,-0.32002407,-0.42196247,0.30229825,-0.25504464,6101000.11276288,0.15194197,0.20123078,0.11946807,-0.24994676,0.25872216,0.06245906,0.57416379,0.1101736,0.03083852,0.34101468,-0.12112185,-0.26497844,-0.14708231,-0.25667772,-0.26047805,-0.04928505,-0.14345491,-0.27877352,0.1059805,-0.3296614,-0.42511034,0.29475287,-0.26193786,6102000.11141343,0.15387003,0.19812658,0.12041797,-0.25558132,0.26075587,0.06309422,0.57374579,0.10988849,0.02648431,0.34174052,-0.11959501,-0.27523097,-0.15066975,-0.25425509,-0.26203206,-0.05244036,-0.15147157,-0.28211132,0.1015285,-0.34193566,-0.42764425,0.29913545,-0.25938207,6103000.11340096,0.14972217,0.20123433,0.1215777,-0.26162058,0.25778526,0.0661041,0.57486242,0.11032359,0.02656161,0.33673027,-0.12639114,-0.27753571,-0.14741263,-0.25689167,-0.26180208,-0.05184652,-0.15017299,-0.28018704,0.10078016,-0.33794907,-0.42862824,0.30253848,-0.25933155,6104000.11367864,0.15020822,0.2034007,0.12256029,-0.26534483,0.25631934,0.06072925,0.5703575,0.10831811,0.02448709,0.33040652,-0.12845759,-0.27241445,-0.15046017,-0.2581366,-0.26301679,-0.05352484,-0.14863096,-0.27964926,0.10372397,-0.3305628,-0.42893991,0.30063596,-0.26067176,6105000.11557918,0.14798544,0.20178649,0.12529926,-0.26697892,0.25852802,0.05816019,0.57104337,0.11019614,0.02291593,0.33895269,-0.12766688,-0.27994272,-0.14573762,-0.25855115,-0.26279518,-0.05823634,-0.15422076,-0.28241342,0.10523088,-0.3253262,-0.42724657,0.30482134,-0.26844013,6106000.11384408,0.14768277,0.20064332,0.12699069,-0.26257181,0.25646204,0.05499499,0.57046956,0.10951831,0.02205127,0.3303504,-0.13077989,-0.28174525,-0.15089664,-0.25764859,-0.26366282,-0.05740984,-0.15299639,-0.27999195,0.10375632,-0.33114806,-0.42621309,0.3093566,-0.25993204,6107000.10989127,0.14414361,0.19651477,0.11536574,-0.24965896,0.25517297,0.06022839,0.57039469,0.10733919,0.03370478,0.33513683,-0.12296744,-0.27096841,-0.14978774,-0.25631812,-0.25979447,-0.05686692,-0.14308001,-0.27799982,0.10336751,-0.33379662,-0.42504239,0.30247277,-0.26023799,6108000.11029459,0.1444374,0.19619536,0.1160385,-0.26172003,0.25976515,0.06237137,0.57165486,0.10967527,0.03284226,0.34241804,-0.12164273,-0.27020612,-0.14884865,-0.25062203,-0.26143029,-0.05125276,-0.14402418,-0.28037122,0.10602758,-0.33702266,-0.42990479,0.3029933,-0.26482227,6109000.11199324,0.14535922,0.19886123,0.11880647,-0.26375651,0.25684455,0.05597971,0.57725441,0.10588176,0.02813823,0.34044498,-0.12678093,-0.26886797,-0.15575784,-0.2534079,-0.26233149,-0.05834718,-0.15927014,-0.27958235,0.0950899,-0.34351388,-0.4326829,0.305262,-0.26650628,6110000.11892525,0.14335309,0.20308398,0.11882307,-0.26327449,0.25654379,0.05572824,0.57821304,0.1083423,0.02573335,0.32964101,-0.12954016,-0.27414224,-0.15318991,-0.25687352,-0.26334658,-0.05676519,-0.15318979,-0.28314805,0.09660793,-0.34160516,-0.43478987,0.29844409,-0.26209995,6111000.11639261,0.14358838,0.20105883,0.11909689,-0.26582015,0.2563504,0.05696043,0.57943887,0.10653884,0.02545844,0.33383912,-0.13055845,-0.28226352,-0.1522318,-0.25458241,-0.26584867,-0.05781581,-0.15462179,-0.28267527,0.10073466,-0.34087446,-0.43394616,0.30465478,-0.26698053,6112000.11266065,0.14472513,0.20135184,0.12132002,-0.27308756,0.25329709,0.05723022,0.5760107,0.10487899,0.02339354,0.33590379,-0.13353083,-0.26976043,-0.15170521,-0.25702289,-0.26528329,-0.05780696,-0.16217954,-0.28323984,0.10050552,-0.33672121,-0.43260619,0.3032527,-0.27608737,6113000.11467248,0.14769343,0.20490091,0.12270552,-0.27094188,0.25990683,0.04941146,0.57734245,0.10792884,0.0216602,0.3254787,-0.13150103,-0.2775571,-0.16045222,-0.25908142,-0.26604983,-0.05850974,-0.16016793,-0.28389472,0.10716192,-0.34029087,-0.42960966,0.30798891,-0.26859695,6114000.1065664,0.14111279,0.2022545,0.11285628,-0.25782073,0.25688496,0.05433042,0.57970053,0.10618803,0.03170971,0.32800311,-0.126507,-0.27217239,-0.15568978,-0.25662172,-0.26251858,-0.05709149,-0.15551877,-0.28020149,0.10332297,-0.3344022,-0.42906696,0.30027214,-0.26832795,6115000.10835019,0.13356067,0.20038512,0.11190294,-0.2610904,0.25636905,0.05650114,0.58031642,0.10503557,0.03361636,0.33636877,-0.128674,-0.27216902,-0.15348127,-0.25299731,-0.26446426,-0.06475327,-0.15683524,-0.27944714,0.0935398,-0.3382782,-0.43308753,0.29517138,-0.28263649,6116000.11222712,0.14060719,0.19812998,0.11635653,-0.26730636,0.25827652,0.05158115,0.58244777,0.10325497,0.02914392,0.3427262,-0.13059804,-0.26349685,-0.15834001,-0.25566435,-0.2664592,-0.06191821,-0.15520564,-0.28432757,0.09236003,-0.34179258,-0.43677235,0.29703361,-0.27529904,6117000.10806441,0.13664007,0.2007684,0.11774091,-0.27288377,0.25473925,0.05293007,0.58529121,0.1025748,0.02600397,0.33750984,-0.13685924,-0.27491012,-0.15750737,-0.25807467,-0.26709056,-0.06213091,-0.15320887,-0.28559175,0.0971443,-0.34899303,-0.43713704,0.29479432,-0.26915383,6118000.11097591,0.1380292,0.19965418,0.11629298,-0.27126282,0.25571114,0.0529204,0.58408809,0.10077444,0.02433962,0.32978237,-0.13804127,-0.28347901,-0.16028924,-0.25820586,-0.26785687,-0.06994664,-0.15756679,-0.28556651,0.09508598,-0.3426134,-0.43664226,0.29309216,-0.2715531,6119000.11295283,0.13509803,0.20032704,0.11812939,-0.27816769,0.25483114,0.0514109,0.58459383,0.10011129,0.0219416,0.32889959,-0.14328721,-0.27167553,-0.16243604,-0.25681016,-0.27082974,-0.06493305,-0.16757523,-0.28727546,0.10282151,-0.34061649,-0.43604562,0.29809985,-0.2711629,6120000.11380034,0.13779213,0.20123433,0.12046561,-0.27937287,0.25744614,0.05292925,0.58477026,0.10053144,0.01939337,0.33206353,-0.14168212,-0.27641755,-0.15815008,-0.25741339,-0.26988012,-0.06192045,-0.16884348,-0.28777307,0.10723976,-0.34662622,-0.43425122,0.30585971,-0.2687791,6121000.10917646,0.13688089,0.20123078,0.11491217,-0.27484909,0.25697213,0.05286155,0.58202475,0.10156424,0.02467428,0.33207566,-0.14054266,-0.2788167,-0.15772372,-0.25700396,-0.26976123,-0.06866786,-0.15748507,-0.28450128,0.10195969,-0.34451753,-0.4314447,0.30033359,-0.26422885,6122000.11122955,0.13353117,0.19587381,0.11023054,-0.26994139,0.25610566,0.0568063,0.58887094,0.10027586,0.03282645,0.34711739,-0.13703661,-0.2777718,-0.16104746,-0.25529757,-0.26789215,-0.06795519,-0.16321023,-0.28067508,0.09700648,-0.34346208,-0.43296114,0.2943244,-0.26784545,6123000.11012848,0.13047153,0.20170847,0.10946764,-0.27064362,0.25792193,0.05067453,0.58823019,0.10023678,0.02765999,0.34383702,-0.13629256,-0.27560475,-0.16467097,-0.25234687,-0.27064416,-0.06921508,-0.15205257,-0.28542313,0.10009389,-0.35086456,-0.43630567,0.29451463,-0.27099958,6124000.11229514,0.13154198,0.20006552,0.11155801,-0.27675989,0.25630954,0.04630227,0.58652103,0.09883084,0.02388274,0.33393899,-0.13855468,-0.28821328,-0.16837928,-0.25639245,-0.27197704,-0.07367143,-0.16205013,-0.28702307,0.09964044,-0.3555958,-0.4380841,0.29344305,-0.26971906,6125000.10945757,0.13342056,0.20126899,0.11215477,-0.2800484,0.25364029,0.04782739,0.59035969,0.09789341,0.02290708,0.33495751,-0.14623599,-0.28806269,-0.17264196,-0.25999504,-0.27363417,-0.07280234,-0.16865335,-0.287754,0.0961455,-0.35774878,-0.43794364,0.2989918,-0.26876852,6126000.11372243,0.13735862,0.20252892,0.11400768,-0.28689554,0.2562241,0.05051624,0.59213156,0.0973453,0.02043089,0.32275382,-0.14953004,-0.28969088,-0.17717014,-0.26147035,-0.27384812,-0.07689356,-0.16016056,-0.29033613,0.10009813,-0.35399953,-0.43719479,0.29239726,-0.27274081,6127000.1131428,0.13484141,0.20563522,0.1172589,-0.28810343,0.25542939,0.04366013,0.59425378,0.09789507,0.01807802,0.31994909,-0.15228306,-0.29150891,-0.17499028,-0.25858104,-0.2762295,-0.07590982,-0.17022654,-0.29272261,0.10180049,-0.34726831,-0.43447804,0.30611897,-0.2712113,6128000.11115167,0.13098535,0.2034051,0.11624645,-0.2902061,0.25274667,0.04044973,0.59349352,0.0956265,0.01547171,0.32658654,-0.15331778,-0.27527344,-0.17264196,-0.26332226,-0.27669698,-0.07936555,-0.17532182,-0.2913416,0.095072,-0.34355259,-0.43196782,0.30131122,-0.26491702,6129000.10839421,0.12713367,0.19616593,0.10800382,-0.28084734,0.25817427,0.04845639,0.58985704,0.09708006,0.02555749,0.32200813,-0.14376566,-0.28670633,-0.17234369,-0.25641274,-0.27243483,-0.08241052,-0.16832478,-0.28797838,0.10014401,-0.34766158,-0.43049398,0.28837126,-0.26018432,6130000.10882076,0.12310999,0.19883333,0.10650212,-0.28043917,0.26210073,0.05129321,0.59037375,0.09839033,0.02816082,0.33117339,-0.14197746,-0.2872065,-0.17337501,-0.25126344,-0.2757192,-0.07802612,-0.17161961,-0.28913793,0.09818541,-0.34733066,-0.43244636,0.29133171,-0.26204801,6131000.10983709,0.12509331,0.19974282,0.10951717,-0.28139153,0.25945988,0.04544858,0.59425831,0.09632056,0.02297224,0.3358154,-0.14861032,-0.28994742,-0.17722014,-0.25584257,-0.27815306,-0.0808024,-0.15571555,-0.29000869,0.09978047,-0.35934171,-0.43501547,0.29795158,-0.27490315,6132000.10479569,0.12551999,0.20018212,0.11123952,-0.28492063,0.25972602,0.04549423,0.595222,0.09605156,0.02105802,0.33434099,-0.14792927,-0.29428124,-0.17045231,-0.25700626,-0.27772325,-0.07985291,-0.16261046,-0.28808907,0.09737068,-0.35996175,-0.43422768,0.29466981,-0.27137521,6133000.109234,0.12928683,0.20270461,0.11098385,-0.28830144,0.25732008,0.04653359,0.59462911,0.09524336,0.02022313,0.32982418,-0.15203117,-0.28397945,-0.17158069,-0.25439158,-0.27869368,-0.07941201,-0.18058001,-0.29137719,0.09365863,-0.34993771,-0.43344507,0.29476225,-0.26939076,6134000.11028075,0.13111222,0.19947764,0.11280421,-0.29400197,0.25606844,0.0431108,0.59475422,0.09685439,0.01886511,0.33649656,-0.15064928,-0.28435466,-0.17379564,-0.25969106,-0.27888551,-0.0795316,-0.1661692,-0.28930786,0.09518333,-0.3574785,-0.43112355,0.29406199,-0.26397446,6135000.11246561,0.13322672,0.20375809,0.11653712,-0.29384661,0.26001269,0.04369225,0.59542352,0.09726089,0.01584023,0.33038786,-0.15966974,-0.28466731,-0.17837168,-0.26240093,-0.28137147,-0.0799526,-0.17854515,-0.29038554,0.10689817,-0.34819496,-0.42873842,0.29994953,-0.26090857,6136000.10644171,0.13059185,0.20029449,0.11087967,-0.28608039,0.25822747,0.04062501,0.59443277,0.09562131,0.01868886,0.31747773,-0.149451,-0.28922391,-0.17835374,-0.25907588,-0.28084579,-0.0863208,-0.18421762,-0.2897318,0.09679152,-0.35432267,-0.4261013,0.30046034,-0.26058006,6137000.10759189,0.12839487,0.19639954,0.10445303,-0.28182077,0.25409356,0.05072128,0.59282768,0.09668167,0.02862689,0.32916272,-0.14506437,-0.28483063,-0.17070961,-0.2562952,-0.27839559,-0.08214816,-0.16500318,-0.28787437,0.09904955,-0.34707394,-0.42459378,0.29186511,-0.25716367,6138000.1093355,0.13006529,0.19795376,0.10802472,-0.28742707,0.25766024,0.04797903,0.59458262,0.09781367,0.02585867,0.33315775,-0.14341234,-0.29224873,-0.17189254,-0.26072362,-0.28154179,-0.08073944,-0.17225373,-0.28817213,0.09743954,-0.35874888,-0.42689297,0.2941342,-0.26264486,6139000.10865454,0.12482946,0.19631356,0.10807429,-0.28961635,0.25999472,0.04591556,0.59735876,0.0963164,0.02268725,0.33282501,-0.14687376,-0.29427162,-0.17461561,-0.25799239,-0.28183725,-0.07845139,-0.17507572,-0.29204431,0.09633,-0.34522578,-0.4280962,0.29750744,-0.26488143,6140000.11038259,0.12674564,0.19845246,0.11093453,-0.28972003,0.25580272,0.04332234,0.59938091,0.09616147,0.02193217,0.33202705,-0.15286426,-0.28294542,-0.17457977,-0.25648296,-0.28347692,-0.08032823,-0.18430999,-0.29072562,0.09193044,-0.34848401,-0.42597458,0.29795158,-0.27032858,6141000.11396568,0.13107108,0.19991539,0.11240089,-0.29232788,0.25680962,0.044346,0.59932113,0.09356862,0.01866726,0.32671675,-0.15499738,-0.2980513,-0.17305709,-0.26145372,-0.2846711,-0.08426362,-0.17963275,-0.29207322,0.09957777,-0.35550675,-0.42348719,0.29974309,-0.26153716,6142000.11260214,0.13519806,0.19976829,0.11354423,-0.29538691,0.25969386,0.04245169,0.59711158,0.09476383,0.0179073,0.32604185,-0.15291141,-0.29231635,-0.17193247,-0.25918281,-0.28501755,-0.08366182,-0.18665908,-0.29253632,0.10388751,-0.35036504,-0.42141747,0.29699028,-0.25716484,6143000.11226621,0.13172805,0.19985451,0.11750408,-0.2957662,0.25495729,0.03982668,0.59832335,0.09525261,0.01609705,0.33318743,-0.15178859,-0.29431674,-0.17713144,-0.26092559,-0.28386608,-0.08150488,-0.19521773,-0.29553932,0.09654262,-0.34929371,-0.41878602,0.29991677,-0.26351273,6144000.11225115,0.12947103,0.19973546,0.10821433,-0.2824336,0.25019822,0.04595482,0.59749967,0.09728283,0.02535803,0.32587135,-0.1459645,-0.29345915,-0.17512859,-0.25991189,-0.28051105,-0.083608,-0.17311427,-0.2913132,0.09551994,-0.35521212,-0.41527262,0.29790846,-0.25970227,6145000.1093282,0.12708412,0.19710279,0.10591193,-0.27807546,0.25259218,0.05091172,0.60077351,0.09860408,0.0296249,0.32201141,-0.14308071,-0.28663081,-0.17347932,-0.25967765,-0.28103983,-0.08185007,-0.16189845,-0.28680226,0.09875616,-0.35700852,-0.41725296,0.28937945,-0.26205525,6146000.10893912,0.12702456,0.19903772,0.10937887,-0.28830573,0.25810128,0.05080984,0.59981531,0.09703185,0.02511776,0.33367473,-0.14700232,-0.27963802,-0.17602034,-0.25940847,-0.28397769,-0.08095929,-0.18790638,-0.29012546,0.09857412,-0.35742092,-0.41831186,0.29369557,-0.26434162,6147000.11189621,0.13242431,0.19968285,0.10899346,-0.28415552,0.25642264,0.04781283,0.59867698,0.09725696,0.02297853,0.32314199,-0.1511049,-0.29080904,-0.180492,-0.26098552,-0.28330502,-0.08298325,-0.175402,-0.28773817,0.10439105,-0.35684231,-0.41739342,0.29877561,-0.25583845,6148000.11353625,0.13021275,0.20020959,0.11064751,-0.28551352,0.25385997,0.04389658,0.60239685,0.09540144,0.02224687,0.32620373,-0.15019722,-0.29172769,-0.17324267,-0.26132485,-0.28402731,-0.08058406,-0.18034594,-0.29139048,0.10041659,-0.36069205,-0.4142265,0.29905641,-0.24642684,6149000.11171603,0.12812018,0.19888978,0.11327066,-0.29016286,0.25680962,0.04078562,0.60207134,0.09653039,0.01916616,0.32323596,-0.1520573,-0.29113919,-0.18002954,-0.2626923,-0.28455108,-0.08049736,-0.18041252,-0.29112279,0.10584217,-0.3488937,-0.41301972,0.29930711,-0.24987818,6150000.11305388,0.13828294,0.20254961,0.11414031,-0.29217932,0.25451466,0.04299718,0.59910607,0.10081809,0.01795628,0.33110726,-0.15119812,-0.30370942,-0.17339191,-0.26365367,-0.28437072,-0.07843202,-0.1856551,-0.28824991,0.10259317,-0.35246211,-0.40999645,0.30444303,-0.25096104,6151000.11596331,0.13470136,0.20295772,0.11346896,-0.28537777,0.25538322,0.04355867,0.60038787,0.09788671,0.01782655,0.31723791,-0.1482801,-0.29399621,-0.17903009,-0.26166141,-0.28444225,-0.08241696,-0.19616529,-0.29106054,0.09778768,-0.3415342,-0.40629449,0.30294755,-0.2476539,6152000.11255582,0.12680595,0.2004084,0.10515343,-0.27810761,0.25268355,0.04660282,0.59928411,0.09883761,0.02873299,0.33027485,-0.14213127,-0.28678244,-0.17642152,-0.26627943,-0.28143448,-0.07566076,-0.18143667,-0.29048946,0.10525526,-0.3501012,-0.40357566,0.29851758,-0.25015181,6153000.11165725,0.13086714,0.19971023,0.10769436,-0.27735934,0.2553786,0.05292584,0.59853673,0.10018007,0.02991799,0.32638085,-0.14269252,-0.28762457,-0.17409723,-0.26134661,-0.28179729,-0.0788386,-0.17678924,-0.28868744,0.09888962,-0.3522763,-0.40668404,0.29786134,-0.24585208,6154000.11224165,0.13209279,0.19654742,0.11289895,-0.28276029,0.25640407,0.04904667,0.60159314,0.09768546,0.02520021,0.32598516,-0.15073898,-0.29524732,-0.17618972,-0.2581861,-0.28046852,-0.08168644,-0.17073669,-0.29004118,0.10304868,-0.35177559,-0.40675175,0.29890224,-0.24354646,6155000.11520201,0.12921344,0.19552286,0.11190294,-0.28299525,0.25889817,0.04725236,0.60061634,0.09649657,0.02228956,0.32571697,-0.14883976,-0.29426169,-0.17142323,-0.26005417,-0.28106976,-0.08079898,-0.16878751,-0.28954256,0.10093418,-0.34591177,-0.40467447,0.30186892,-0.24631451,6156000.11338997,0.13056792,0.20056064,0.1120012,-0.2849592,0.25771192,0.05211306,0.6044026,0.09941413,0.02134602,0.32181999,-0.14656328,-0.29969713,-0.17151062,-0.26166007,-0.2826741,-0.08206236,-0.17330749,-0.29147479,0.101642,-0.34859663,-0.402026,0.30183324,-0.23747356,6157000.11547892,0.13558523,0.20179044,0.1168427,-0.28523704,0.25603348,0.04643565,0.60457808,0.09858844,0.01949659,0.31808338,-0.14601658,-0.29445246,-0.16869618,-0.26465744,-0.28396085,-0.08144274,-0.17523143,-0.29009226,0.10207323,-0.34527016,-0.40030658,0.30662766,-0.24201769,6158000.11594563,0.14057842,0.2061888,0.11906485,-0.28816679,0.26091465,0.04565628,0.60254771,0.10015558,0.01719919,0.32667354,-0.14667682,-0.28433797,-0.17507017,-0.26546231,-0.28359896,-0.07954505,-0.18512295,-0.2872577,0.10978319,-0.34581074,-0.39804846,0.30604789,-0.23457281,6159000.11394357,0.13681461,0.20181641,0.11689396,-0.28533274,0.25889906,0.04661871,0.59741253,0.09968505,0.01679122,0.32786533,-0.14318244,-0.28997523,-0.17010826,-0.26554403,-0.28141597,-0.07973523,-0.18857637,-0.28684929,0.10784923,-0.34329605,-0.39578757,0.30464458,-0.23439708,6160000.11315012,0.13213441,0.19484738,0.11001787,-0.27398348,0.25743252,0.05041273,0.59927034,0.09987421,0.02776601,0.33075982,-0.13995838,-0.28961438,-0.16830353,-0.26372766,-0.27850485,-0.07699734,-0.17808621,-0.28679326,0.0988278,-0.33923441,-0.39263865,0.30748525,-0.23107032,6161000.10801135,0.13400207,0.20158519,0.11099179,-0.27755079,0.25751823,0.05507364,0.6025396,0.10168462,0.02870145,0.32948658,-0.13497357,-0.29033253,-0.16373758,-0.26256737,-0.27847382,-0.07693561,-0.18581934,-0.28552794,0.1026637,-0.34649476,-0.39319178,0.30540669,-0.23788539,6162000.1128547,0.13785873,0.20390365,0.11369106,-0.27805063,0.25794062,0.05250867,0.60231417,0.10321174,0.02425824,0.32401025,-0.13630316,-0.29230461,-0.16975236,-0.25977349,-0.28046662,-0.07659528,-0.17138399,-0.28883022,0.10057303,-0.34217811,-0.39480627,0.3024058,-0.23509637,6163000.1139845,0.13610524,0.20017858,0.11584546,-0.27422142,0.2631278,0.04882624,0.60348874,0.10340759,0.0237481,0.32823464,-0.13888916,-0.29324338,-0.16953909,-0.2605328,-0.27967054,-0.07469889,-0.17498812,-0.28409302,0.09891586,-0.34433225,-0.39364687,0.30237326,-0.23672129,6164000.1130351,0.13506766,0.19871318,0.11880751,-0.28072822,0.25412232,0.04732345,0.60244668,0.10296908,0.02117165,0.33101511,-0.14016798,-0.29189098,-0.16525394,-0.26394671,-0.27850622,-0.07811753,-0.17499582,-0.28442901,0.1012567,-0.34797615,-0.39116067,0.30742872,-0.23352371,6165000.1143828,0.13870868,0.19976525,0.12104612,-0.27974108,0.26125088,0.04789722,0.60301226,0.10382275,0.01900103,0.32289556,-0.13905199,-0.28518516,-0.16744699,-0.26654238,-0.27943221,-0.07263418,-0.17339171,-0.28514773,0.09955547,-0.34352311,-0.39075378,0.30476716,-0.23451512,6166000.11608329,0.1428697,0.20595311,0.12307561,-0.28200942,0.26441976,0.04913244,0.60263962,0.10537445,0.01675102,0.33048373,-0.13755971,-0.28552848,-0.16569756,-0.26975408,-0.27826446,-0.07760869,-0.18339895,-0.2835519,0.10426673,-0.34018391,-0.38965574,0.30424553,-0.23330373,6167000.1148584,0.14063847,0.20227958,0.11668582,-0.27690867,0.25925285,0.05118866,0.60096902,0.10479414,0.01784018,0.33335942,-0.13082621,-0.28467885,-0.16754198,-0.27011153,-0.27657834,-0.07494437,-0.1736785,-0.28443155,0.10383529,-0.34001642,-0.3863216,0.30225185,-0.23115841,6168000.10836622,0.13551597,0.19873688,0.11122229,-0.26738119,0.26040205,0.05865308,0.60215312,0.10560707,0.03007131,0.33163077,-0.12262485,-0.28282204,-0.15596507,-0.27097413,-0.27484956,-0.07722308,-0.16402671,-0.28243345,0.11023888,-0.33122057,-0.38486558,0.30527118,-0.22617118,6169000.11141437,0.13687037,0.19918133,0.11687624,-0.27239677,0.26286224,0.05065252,0.60138565,0.10913905,0.02775845,0.32625997,-0.12058363,-0.27841309,-0.15822649,-0.2660307,-0.27475077,-0.07460322,-0.16959417,-0.28349707,0.10632452,-0.3336553,-0.38554195,0.30211949,-0.23724131,6170000.1115604,0.14004791,0.19967917,0.11510734,-0.27239856,0.26091507,0.05212536,0.60195798,0.10874554,0.02391472,0.32676768,-0.12629589,-0.28375611,-0.16097841,-0.26749873,-0.27265885,-0.0722803,-0.16958871,-0.28488964,0.10266419,-0.33679017,-0.38588494,0.30502933,-0.24191308,6171000.11520201,0.14379507,0.19540417,0.11575161,-0.26868021,0.26098579,0.05386649,0.60252804,0.1088706,0.02390459,0.33935958,-0.12384074,-0.28457269,-0.16644885,-0.26834735,-0.27227756,-0.07466736,-0.16936965,-0.28082415,0.10109644,-0.3297323,-0.38474482,0.30439404,-0.23406845,6172000.11323436,0.1423201,0.20357077,0.11911391,-0.27268696,0.26079121,0.05114465,0.60428196,0.10868552,0.0221105,0.33756948,-0.12098957,-0.28482744,-0.15337688,-0.26674598,-0.27243364,-0.07711856,-0.16596282,-0.28153342,0.11048126,-0.33144385,-0.38350487,0.30559114,-0.22756961,6173000.1124751,0.14326712,0.20369115,0.12226984,-0.27642241,0.26070273,0.05260577,0.60205913,0.10877521,0.01920167,0.3189792,-0.12396815,-0.29081902,-0.16112866,-0.27339751,-0.27403492,-0.07312339,-0.17786705,-0.27947161,0.1052926,-0.33289638,-0.38222834,0.30078623,-0.23217332,6174000.11565238,0.15082046,0.20198937,0.12196261,-0.26824102,0.26126856,0.05159338,0.60040247,0.10973337,0.02068602,0.33144644,-0.12012792,-0.28678855,-0.15925427,-0.26753786,-0.27104494,-0.07262277,-0.17040107,-0.28000674,0.10719616,-0.33071929,-0.38099101,0.30805048,-0.23024672,6175000.11280489,0.1481427,0.20131169,0.1230725,-0.270441,0.25859895,0.05420588,0.59989393,0.11211257,0.02357754,0.32937792,-0.11715154,-0.28153238,-0.14909115,-0.26908213,-0.27046174,-0.07732369,-0.16520949,-0.28157979,0.10830859,-0.32629314,-0.37925199,0.31111348,-0.2290089,6176000.1141586,0.14966767,0.20236437,0.12709714,-0.27283847,0.25976536,0.05354171,0.59975386,0.11240589,0.02003372,0.32119846,-0.11843611,-0.27420714,-0.1476731,-0.27376589,-0.27016258,-0.07077955,-0.16214055,-0.28154454,0.10767995,-0.32193789,-0.37823829,0.30851012,-0.22864985,6177000.11746577,0.14933285,0.20540814,0.12785247,-0.27349418,0.26137304,0.05484478,0.59806633,0.11205693,0.01964976,0.32549521,-0.11042509,-0.28769058,-0.1418829,-0.27139691,-0.2688255,-0.07068334,-0.16139609,-0.28114682,0.10641257,-0.33179662,-0.37772572,0.31167766,-0.22487786,6178000.11972113,0.15780294,0.20396481,0.12962213,-0.2700963,0.26321146,0.05330598,0.59656399,0.11341621,0.01784514,0.33710518,-0.11386783,-0.27617553,-0.14204806,-0.27388284,-0.26732439,-0.06568552,-0.16855396,-0.27834404,0.10295286,-0.32832995,-0.37633175,0.30859941,-0.22217077,6179000.12036116,0.15932958,0.20501667,0.13082457,-0.2698144,0.26646525,0.05417977,0.59671211,0.11224321,0.01635023,0.33004966,-0.11110482,-0.27516785,-0.14430158,-0.2732197,-0.26705655,-0.06936474,-0.17887925,-0.27735615,0.11081486,-0.32483566,-0.37419143,0.31359625,-0.21740186,6180000.12207377,0.16058476,0.20773099,0.13360786,-0.27395102,0.26678196,0.05696739,0.59504682,0.11559555,0.01497109,0.32308346,-0.10965302,-0.27573198,-0.14127629,-0.27258113,-0.2684111,-0.0672952,-0.1620999,-0.27891916,0.10795426,-0.32956997,-0.37219796,0.31453198,-0.21423306,6181000.12460732,0.15968302,0.20809999,0.134261,-0.27108473,0.26892242,0.06082078,0.59341985,0.11392066,0.01300723,0.33093828,-0.10591669,-0.273855,-0.13660316,-0.27471796,-0.26902756,-0.06769669,-0.17046735,-0.27674168,0.10373293,-0.32477421,-0.36990991,0.31222454,-0.21034129,6182000.12370562,0.15733382,0.20880249,0.13373104,-0.26148924,0.26704177,0.05544718,0.59445155,0.11388522,0.01589099,0.33289894,-0.09598657,-0.26842999,-0.1335673,-0.27563876,-0.26645607,-0.06809184,-0.17368278,-0.27266768,0.10781928,-0.32105994,-0.36941734,0.30998823,-0.21253037,6183000.12058056,0.15665329,0.20063823,0.12235232,-0.24526194,0.26364246,0.0603126,0.59610415,0.11977097,0.03486126,0.33066711,-0.08444328,-0.26329979,-0.13529915,-0.26959887,-0.26239896,-0.05625544,-0.16158016,-0.2714625,0.11092002,-0.31383985,-0.36549276,0.30823222,-0.20872173,6184000.11915707,0.15362506,0.20073646,0.12438953,-0.24726583,0.26465857,0.06806076,0.59813905,0.12263547,0.03860122,0.3316257,-0.0765768,-0.25912493,-0.13154174,-0.27149269,-0.26060751,-0.0499215,-0.15658711,-0.27138031,0.10202027,-0.3131296,-0.36553037,0.30686334,-0.21557905,6185000.1213447,0.15520158,0.20038745,0.12611301,-0.24859524,0.26291096,0.07316598,0.59530288,0.12263432,0.03550895,0.33240443,-0.07193679,-0.25956541,-0.1281665,-0.27049285,-0.26145315,-0.05189678,-0.16307738,-0.2701979,0.10048904,-0.31841967,-0.36827224,0.31183448,-0.21743923,6186000.120584,0.15688859,0.20129374,0.12331603,-0.24686489,0.2613188,0.06977969,0.59767812,0.12312685,0.03452628,0.34433144,-0.07432189,-0.26256636,-0.12814277,-0.2713519,-0.26041353,-0.05123897,-0.1539198,-0.27026752,0.1069166,-0.31492892,-0.37036192,0.31127241,-0.22195987,6187000.12144929,0.16310841,0.20088419,0.12905812,-0.24502727,0.26250336,0.06887952,0.6037817,0.12377432,0.03474028,0.33766183,-0.06935685,-0.25221217,-0.13053869,-0.26936001,-0.25889581,-0.05028028,-0.14758788,-0.27027708,0.10324607,-0.31424361,-0.37029397,0.30790755,-0.22422288,6188000.12350762,0.16664118,0.20275405,0.13308667,-0.25162092,0.27197227,0.07293914,0.59740263,0.12637135,0.03224563,0.34878558,-0.06698997,-0.26423946,-0.1249922,-0.26847571,-0.25770104,-0.0423126,-0.154615,-0.27149087,0.10842813,-0.31457299,-0.37064826,0.31146926,-0.22071335,6189000.12148415,0.16872165,0.20269327,0.1338274,-0.24876443,0.27120945,0.07526692,0.60050976,0.12687525,0.02947446,0.33984119,-0.07002784,-0.25421575,-0.119221,-0.26888087,-0.25551036,-0.04018257,-0.15936813,-0.26699403,0.10852421,-0.3239007,-0.36935893,0.31597853,-0.22205447,6190000.12224132,0.16507731,0.20193093,0.1297581,-0.24002081,0.26628062,0.0718184,0.59934789,0.12778315,0.03473166,0.33939528,-0.06149655,-0.25109676,-0.12128906,-0.26671889,-0.25248647,-0.04297296,-0.15073299,-0.26950592,0.11052158,-0.30526528,-0.36679402,0.31612122,-0.21695222,6191000.11938187,0.16054931,0.20079346,0.12723888,-0.2306336,0.26221722,0.07635508,0.59816945,0.1305833,0.04479155,0.35320908,-0.05290396,-0.25029054,-0.11822658,-0.26363862,-0.25080964,-0.03268754,-0.13295069,-0.26902893,0.10623252,-0.30570742,-0.36565492,0.30559269,-0.21999756,6192000.11997072,0.16635045,0.20502062,0.12877682,-0.23397459,0.26480508,0.07380083,0.59920824,0.1292554,0.0407966,0.3498916,-0.05529604,-0.25717264,-0.12113184,-0.26317647,-0.24838641,-0.03718021,-0.13361406,-0.26447016,0.09861202,-0.31616294,-0.36855686,0.30738589,-0.21854562,6193000.11924504,0.16743103,0.20458375,0.12764984,-0.23774046,0.26813316,0.07491639,0.59952527,0.1293017,0.0370962,0.34981307,-0.05695229,-0.2500653,-0.12530904,-0.26342589,-0.24925314,-0.03855975,-0.13638249,-0.26838723,0.10739505,-0.31353205,-0.37207589,0.31082577,-0.2228464,6194000.12151898,0.17158855,0.20285578,0.1281497,-0.23642415,0.2671946,0.07268755,0.59931302,0.12671717,0.03639248,0.35090062,-0.06132385,-0.24800727,-0.11733765,-0.26478747,-0.24992257,-0.04090412,-0.13233775,-0.266835,0.10383879,-0.31430283,-0.37387893,0.30462784,-0.21998833,6195000.12407873,0.16682911,0.20669673,0.12933753,-0.23796171,0.2716924,0.07548688,0.60093033,0.12656522,0.03414013,0.35605884,-0.06313304,-0.25057122,-0.12371366,-0.26397523,-0.24970871,-0.03867951,-0.13557586,-0.2680091,0.10504693,-0.31294459,-0.37409979,0.29793367,-0.22752377,6196000.12137957,0.16965707,0.20801181,0.13209268,-0.24079067,0.27518734,0.07529708,0.60359049,0.12568279,0.03289537,0.34375528,-0.06215717,-0.25755239,-0.12512098,-0.26074946,-0.24877971,-0.03760935,-0.15161005,-0.26968211,0.10678955,-0.30999365,-0.37414178,0.31328136,-0.21983476,6197000.12195026,0.17146981,0.20416987,0.13397454,-0.23897521,0.26954454,0.07115459,0.6004861,0.12586831,0.03281218,0.34431925,-0.06936003,-0.24532552,-0.13353246,-0.25885272,-0.24978076,-0.0370149,-0.14534548,-0.26686984,0.11146803,-0.30779639,-0.37206337,0.31688336,-0.21458949,6198000.11693871,0.16058916,0.20129715,0.1255196,-0.23223892,0.26563188,0.07854824,0.60292017,0.12513888,0.04138573,0.35054579,-0.06458289,-0.24693535,-0.12516375,-0.26084256,-0.24716675,-0.04141306,-0.13092622,-0.26859051,0.1128787,-0.30723748,-0.3719117,0.30989987,-0.21991168,6199000.12025697,0.16570525,0.19890781,0.12544808,-0.23404688,0.26569322,0.07704099,0.60199529,0.12567696,0.04173592,0.35302666,-0.06353751,-0.25409326,-0.12864566,-0.26107022,-0.24632286,-0.04598971,-0.13288021,-0.26745832,0.10812038,-0.32013974,-0.37582964,0.30832469,-0.22029905,6200000.12181378,0.16604784,0.20505838,0.12788104,-0.23774046,0.26893872,0.07204673,0.60268074,0.12431443,0.03543643,0.34401909,-0.06880136,-0.25168663,-0.1301979,-0.26469278,-0.24969654,-0.04911642,-0.13189514,-0.26946962,0.11129599,-0.32028162,-0.37885204,0.31235644,-0.22067426,6201000.12184861,0.16697331,0.20895585,0.12760743,-0.23814878,0.26955754,0.07322585,0.60256767,0.12179003,0.03357407,0.35046679,-0.0750981,-0.25544471,-0.12802029,-0.26168391,-0.25022942,-0.04363241,-0.14001188,-0.27273294,0.11009309,-0.31362164,-0.38146687,0.31185299,-0.22108395,6202000.1207764,0.16944623,0.20584902,0.12818764,-0.24323337,0.27170685,0.07317855,0.60349792,0.12285475,0.03244071,0.35608175,-0.07575452,-0.24964966,-0.1219388,-0.26130962,-0.25265279,-0.04637342,-0.13510275,-0.2726455,0.11469567,-0.31433561,-0.38181201,0.31500074,-0.22927715,6203000.12245447,0.17099741,0.20907389,0.1317319,-0.24615236,0.27224812,0.07060347,0.60093033,0.12146153,0.02876587,0.35195455,-0.07657123,-0.26227248,-0.12535277,-0.26178926,-0.25356558,-0.05116261,-0.14263967,-0.27337834,0.11890626,-0.31674737,-0.3833288,0.31202668,-0.21987404,6204000.1217627,0.17036356,0.20839638,0.13366865,-0.24488963,0.2701875,0.06812022,0.59862816,0.12003823,0.0270957,0.34132162,-0.07967563,-0.264384,-0.1311869,-0.2640363,-0.25348705,-0.05144305,-0.1438178,-0.27597913,0.11437335,-0.31552163,-0.38233316,0.31368932,-0.21786872,6205000.11793231,0.16512768,0.19776666,0.12514181,-0.23495914,0.26529875,0.06927729,0.59795761,0.11995199,0.03529521,0.34857282,-0.07280525,-0.25774023,-0.13737975,-0.26258433,-0.25237337,-0.04985061,-0.13734373,-0.27155003,0.1174915,-0.31502295,-0.37924954,0.32113782,-0.22378016,6206000.11783722,0.16330904,0.20301262,0.12257315,-0.24068189,0.26254225,0.07781912,0.60065293,0.12108806,0.03835483,0.3516306,-0.07105488,-0.25852314,-0.12794799,-0.25846028,-0.25331417,-0.0500541,-0.14046711,-0.27309555,0.11068606,-0.31563485,-0.38179359,0.31513238,-0.21911819,6207000.12089839,0.16669177,0.20553929,0.1265709,-0.24566537,0.26656267,0.07002743,0.60230654,0.11962279,0.03393886,0.34973869,-0.07749332,-0.26446009,-0.12963392,-0.26335496,-0.25353351,-0.05308062,-0.15382613,-0.27537626,0.11187135,-0.31857631,-0.38689163,0.3156575,-0.22630422,6208000.1200159,0.16393416,0.20401414,0.12715147,-0.24362908,0.26677534,0.06799263,0.60154176,0.11925601,0.03193414,0.34131765,-0.08463607,-0.26815638,-0.13837962,-0.26210392,-0.25714871,-0.05426187,-0.14890823,-0.27453589,0.11212318,-0.31613678,-0.38762245,0.31662643,-0.22295375,6209000.11847573,0.16762578,0.20386635,0.12650542,-0.24553123,0.26891908,0.06710103,0.60312843,0.12080879,0.03073909,0.34096009,-0.08764645,-0.27217191,-0.1363962,-0.26065254,-0.25841138,-0.05215815,-0.14020923,-0.27554742,0.11293982,-0.3269693,-0.38778403,0.32247081,-0.21680689,6210000.11924585,0.16476272,0.20433143,0.12868199,-0.25014237,0.26957372,0.06467269,0.60178006,0.12012623,0.02976434,0.35175434,-0.08834111,-0.27096602,-0.13402571,-0.26451501,-0.25807205,-0.05280898,-0.14823534,-0.27666759,0.11739437,-0.32282913,-0.38739157,0.32019609,-0.22190858,6211000.11992928,0.16417326,0.20744224,0.13345975,-0.25378379,0.26636675,0.06571501,0.60145617,0.11684584,0.02534207,0.34219447,-0.08887977,-0.26177442,-0.13727461,-0.26691318,-0.25832918,-0.05230478,-0.14397795,-0.27796796,0.11747935,-0.31828812,-0.38637403,0.31726548,-0.21793358,6212000.11898652,0.16215506,0.20260487,0.12616609,-0.2421191,0.26337317,0.071288,0.5998652,0.11587246,0.03244589,0.34551182,-0.09040226,-0.2654241,-0.13803799,-0.26322779,-0.25682953,-0.05146652,-0.1366865,-0.27642414,0.12266064,-0.31231168,-0.38534784,0.31556329,-0.22481237,6213000.11644529,0.15687317,0.20307776,0.1210783,-0.24025655,0.265003,0.07275605,0.60101336,0.11837085,0.03938952,0.35832357,-0.08778037,-0.26937073,-0.13294746,-0.25610638,-0.25563347,-0.05802193,-0.12176278,-0.27601448,0.12276579,-0.31370088,-0.3868055,0.30538863,-0.2232472,6214000.11595943,0.15611067,0.20419897,0.12449577,-0.2504895,0.26548406,0.06659821,0.60164791,0.11843935,0.0348001,0.34869009,-0.09339897,-0.2793225,-0.13551985,-0.25795898,-0.26015589,-0.0566274,-0.13513584,-0.27784017,0.11686954,-0.32347375,-0.39088741,0.30949005,-0.23497522,6215000.11876936,0.15674521,0.20534433,0.12338346,-0.25185579,0.26195893,0.06689783,0.6028865,0.11504999,0.03196505,0.34282297,-0.08964093,-0.26644477,-0.14604676,-0.25708687,-0.26119658,-0.06439779,-0.14027037,-0.27739868,0.1165039,-0.32625139,-0.39444727,0.31088477,-0.22593275,6216000.11609647,0.15871739,0.19977064,0.12354466,-0.25467306,0.26505959,0.07284082,0.6049071,0.11578504,0.03116602,0.34847668,-0.09261332,-0.26383144,-0.14699973,-0.2588703,-0.26243934,-0.06196283,-0.14013186,-0.28280726,0.12202091,-0.32182583,-0.39539385,0.31749061,-0.22905155,6217000.11655483,0.15982287,0.20232204,0.12743303,-0.2552228,0.26316336,0.06988066,0.60311085,0.11560941,0.02856292,0.34139463,-0.0957183,-0.27254078,-0.14956218,-0.25909871,-0.26311737,-0.06487002,-0.15153018,-0.28476465,0.11567757,-0.32810253,-0.39436921,0.3150095,-0.23432238,6218000.12153896,0.16008322,0.20276263,0.12677127,-0.25873038,0.26709747,0.0638724,0.60136425,0.11282589,0.02536281,0.33408517,-0.10380606,-0.27973256,-0.14875741,-0.25823161,-0.26336136,-0.06254757,-0.14876691,-0.28104377,0.11644448,-0.33129579,-0.39367023,0.31871423,-0.22906503,6219000.11519898,0.1560498,0.20281884,0.12541559,-0.25630593,0.2626496,0.06515058,0.59988862,0.11358745,0.02982489,0.32977703,-0.09946561,-0.27235618,-0.15434752,-0.25765336,-0.26467535,-0.0628275,-0.14631672,-0.28709242,0.1199262,-0.32105666,-0.3919425,0.32183191,-0.2242965,6220000.11543275,0.15205011,0.199889,0.11691897,-0.24959883,0.25847375,0.06772128,0.59779084,0.11340913,0.03801685,0.33728758,-0.09720004,-0.27603778,-0.14651467,-0.25854707,-0.26257518,-0.06681684,-0.12941302,-0.28418151,0.11989591,-0.32335639,-0.39390522,0.31372496,-0.22179414,6221000.11370303,0.15077369,0.19953853,0.11789727,-0.25514627,0.26149645,0.0624203,0.59869003,0.11203671,0.03463342,0.33519903,-0.10332177,-0.27636275,-0.15074854,-0.25506863,-0.26346573,-0.0716349,-0.14665408,-0.28518623,0.11948104,-0.32639712,-0.39716098,0.30350968,-0.23836143,6222000.11231913,0.15043738,0.20153496,0.11912151,-0.2593053,0.26077002,0.05919964,0.60256481,0.11184282,0.03121247,0.3385123,-0.10681131,-0.27586228,-0.15631062,-0.25871304,-0.26597023,-0.07188905,-0.142005,-0.287974,0.11993964,-0.33336437,-0.40039489,0.31342074,-0.23403844,6223000.11171854,0.15002164,0.19915733,0.11924864,-0.26077557,0.26252446,0.06316379,0.60161734,0.11108413,0.02915509,0.33366358,-0.1114063,-0.27949306,-0.15141855,-0.25838062,-0.26964009,-0.07225912,-0.14249936,-0.28704858,0.12111048,-0.32663876,-0.40091017,0.31396425,-0.2321586,6224000.11274684,0.14840169,0.20291634,0.11689532,-0.26859897,0.26130226,0.05886456,0.60441601,0.10775725,0.02660962,0.33533761,-0.11792676,-0.29280394,-0.16147161,-0.25636923,-0.27096584,-0.07187103,-0.14852814,-0.28957456,0.11290753,-0.33094877,-0.40048742,0.31049189,-0.2407748,6225000.11414571,0.15276282,0.20332779,0.12426969,-0.26868048,0.2573328,0.05741491,0.6022507,0.108436,0.02526588,0.33893341,-0.12259411,-0.28649575,-0.15934522,-0.26004881,-0.27125865,-0.0767905,-0.15867019,-0.287909,0.1116536,-0.3324022,-0.39986804,0.319455,-0.22854534,6226000.11548719,0.14905031,0.20456146,0.12427055,-0.27096841,0.26277238,0.05604921,0.60234803,0.10805438,0.02317702,0.33298039,-0.12613074,-0.2931633,-0.15825562,-0.26122585,-0.27279508,-0.07413534,-0.15352771,-0.29026556,0.11835849,-0.34073076,-0.39791077,0.31859162,-0.23579022,6227000.11242102,0.14320067,0.19883466,0.11496611,-0.25876877,0.26112622,0.06319974,0.59898394,0.10878996,0.03101059,0.33857626,-0.11777508,-0.29784116,-0.16276675,-0.25731337,-0.27222183,-0.08115815,-0.14826238,-0.29198241,0.11824314,-0.33064318,-0.39590782,0.31249458,-0.24106349,6228000.11000884,0.14260779,0.20294531,0.11410344,-0.26200455,0.26200879,0.05707671,0.59665447,0.1061425,0.03439077,0.33798227,-0.11548303,-0.28524354,-0.16257328,-0.25341716,-0.27179518,-0.08286089,-0.15276505,-0.28884858,0.11057898,-0.32235691,-0.39908606,0.3066867,-0.24449022,6229000.1094622,0.14105523,0.20553496,0.11641918,-0.27050567,0.26088902,0.05538399,0.59700006,0.10574684,0.02863105,0.33068424,-0.12221149,-0.28294912,-0.16659302,-0.25799075,-0.2763555,-0.08662897,-0.14690934,-0.29004243,0.11190979,-0.33259818,-0.40207145,0.30154318,-0.23990686,6230000.10925066,0.14264189,0.20003691,0.11401723,-0.26919806,0.25952405,0.05169804,0.59685826,0.10716838,0.02572064,0.3335923,-0.12401638,-0.291926,-0.17186272,-0.26025337,-0.27759829,-0.08512784,-0.15291664,-0.29226732,0.11124156,-0.32941663,-0.40297967,0.31110877,-0.2403293,6231000.10842378,0.14117283,0.20127055,0.11393621,-0.27701148,0.25892103,0.05046756,0.6000672,0.10331754,0.02539793,0.34106162,-0.12843269,-0.29622814,-0.16876481,-0.25911012,-0.27711365,-0.08677803,-0.1659359,-0.28897762,0.11276715,-0.33750561,-0.40348145,0.30923054,-0.24061802,6232000.11105998,0.14243172,0.20277013,0.11659918,-0.27730414,0.2540006,0.04713167,0.59789658,0.10352778,0.02421941,0.32821408,-0.13134532,-0.29885396,-0.17298891,-0.2613245,-0.27948806,-0.08686257,-0.15983897,-0.29350299,0.11706854,-0.34198737,-0.40151882,0.31024364,-0.23814563,6233000.11637499,0.14498237,0.20315203,0.11973109,-0.28189328,0.26023495,0.05000308,0.59472489,0.10102833,0.02105464,0.32587224,-0.13365176,-0.30239591,-0.17669579,-0.25939661,-0.2796582,-0.08880621,-0.15593652,-0.29525098,0.11560747,-0.3377707,-0.39965692,0.30874899,-0.24278866,6234000.11168467,0.14021958,0.20080122,0.11612187,-0.27484968,0.26154831,0.04785268,0.5959636,0.10040131,0.02109833,0.33006793,-0.13106494,-0.31491932,-0.17368984,-0.26473528,-0.27960888,-0.08749018,-0.16173525,-0.29229078,0.11222244,-0.33224493,-0.39786986,0.30775902,-0.24587883,6235000.10981895,0.13340285,0.20033139,0.1094684,-0.26631451,0.25443009,0.05357807,0.59480107,0.09835961,0.03090114,0.33027589,-0.12535201,-0.29459769,-0.17292602,-0.25865868,-0.27806073,-0.08657594,-0.15491748,-0.29565328,0.11553998,-0.33406177,-0.39708343,0.30776682,-0.2402948,6236000.10835658,0.13918236,0.19877231,0.11206578,-0.26962125,0.25764117,0.05043614,0.59425473,0.10203357,0.03028104,0.33171657,-0.12789583,-0.30036172,-0.16923571,-0.25589037,-0.27960822,-0.092485,-0.15077114,-0.29291505,0.11208355,-0.33640185,-0.39940786,0.30767325,-0.24086438,6237000.11090548,0.13918751,0.19780232,0.11403007,-0.27523002,0.25923806,0.05928059,0.59462225,0.10124692,0.02518645,0.32382116,-0.1336841,-0.3087492,-0.17468001,-0.25529319,-0.28097439,-0.08912683,-0.16026926,-0.29779857,0.11075798,-0.33834839,-0.40174392,0.31693974,-0.23189588,6238000.10820071,0.13922973,0.20235819,0.1131444,-0.27824968,0.2579664,0.0512833,0.59478009,0.1019199,0.02517009,0.32845464,-0.13492323,-0.3142474,-0.18352526,-0.2598215,-0.28210002,-0.09141833,-0.1610491,-0.29691187,0.10975363,-0.333487,-0.40071154,0.31177869,-0.23939198,6239000.10892697,0.13880047,0.20112327,0.11374288,-0.2798906,0.25743312,0.04877714,0.59453869,0.0993814,0.02378363,0.330823,-0.13637164,-0.3148798,-0.18857044,-0.26210362,-0.28419051,-0.09562675,-0.15527825,-0.29760426,0.11189783,-0.34093568,-0.39946833,0.30484486,-0.23952375,6240000.10982137,0.13970348,0.20730123,0.11656765,-0.28425613,0.25350717,0.04314325,0.5918166,0.0972518,0.01992412,0.33772534,-0.13311097,-0.31271154,-0.18524905,-0.26285061,-0.28565988,-0.09465832,-0.16118255,-0.29379302,0.11814623,-0.33278856,-0.3993603,0.31043753,-0.24024197,6241000.11272877,0.13870588,0.20556456,0.11956923,-0.28371769,0.25874683,0.04679941,0.5907802,0.09886231,0.01891328,0.32402948,-0.13715747,-0.30350667,-0.18363599,-0.26412115,-0.28412938,-0.09397393,-0.1579349,-0.29595801,0.11464588,-0.33148372,-0.3981615,0.31078392,-0.23917209,6242000.10998759,0.13463686,0.20188831,0.11193403,-0.27091262,0.25997356,0.04683936,0.58882982,0.09923667,0.02681396,0.32443023,-0.12592977,-0.2985335,-0.18201813,-0.26617795,-0.28162435,-0.09563874,-0.16052474,-0.29588807,0.11539178,-0.32617792,-0.39389655,0.30833784,-0.2282003,6243000.10796592,0.13533665,0.1908547,0.10801051,-0.26672846,0.25480032,0.05303226,0.59136504,0.09854293,0.03285182,0.32779872,-0.1201305,-0.29926568,-0.18206969,-0.26464337,-0.28133217,-0.09236924,-0.16228676,-0.29593834,0.1154996,-0.3317852,-0.39391738,0.31050584,-0.23369846,6244000.10958607,0.13439584,0.19935909,0.10863209,-0.27735102,0.25286481,0.04812234,0.59374642,0.09855144,0.02867865,0.32709926,-0.12918735,-0.30395976,-0.18597421,-0.25999513,-0.28410196,-0.09301857,-0.1635168,-0.29499328,0.1130892,-0.33366105,-0.39635214,0.31133506,-0.24068761,6245000.10949694,0.13415542,0.19950661,0.10815334,-0.27751961,0.25713176,0.04688932,0.59392667,0.09959985,0.02591084,0.3260965,-0.12979269,-0.30550274,-0.18694651,-0.26470757,-0.28474924,-0.09145624,-0.15485151,-0.29953718,0.11607143,-0.33135924,-0.39497501,0.31302255,-0.23871349,6246000.10934053,0.13829081,0.19944924,0.11068235,-0.28082827,0.25445959,0.04974703,0.59186685,0.10115757,0.02533907,0.33377185,-0.13084742,-0.31033114,-0.1883069,-0.26804814,-0.28566045,-0.09749078,-0.15642343,-0.29755977,0.11608122,-0.3307949,-0.39482859,0.31139731,-0.23478879,6247000.11112928,0.1362157,0.19889157,0.11257046,-0.2815899,0.25576818,0.04706671,0.58975315,0.09848427,0.02317692,0.33284181,-0.13586472,-0.30570468,-0.1915624,-0.26859203,-0.28427926,-0.09846442,-0.15923728,-0.29578853,0.11515653,-0.33179703,-0.39257702,0.30875316,-0.23135409,6248000.11098367,0.13692912,0.20068376,0.11689147,-0.28421691,0.25927657,0.04823707,0.58931404,0.09668593,0.02096554,0.33052453,-0.13478978,-0.30961654,-0.18836001,-0.27146673,-0.28751713,-0.09778489,-0.1610294,-0.30036229,0.11308656,-0.32466418,-0.39173418,0.31434748,-0.23266952,6249000.10871447,0.13914962,0.20150618,0.11747553,-0.28439668,0.25449926,0.04498424,0.59035093,0.09582434,0.01946766,0.32778805,-0.12587968,-0.2975235,-0.19410448,-0.27222866,-0.28691435,-0.10119968,-0.17178544,-0.29779744,0.12026263,-0.32722187,-0.38936356,0.31877074,-0.23132113,6250000.10814399,0.13473517,0.2015059,0.10920683,-0.27142614,0.25194439,0.04994513,0.58708304,0.09702723,0.02935489,0.33703768,-0.12363922,-0.30518043,-0.18857437,-0.27021149,-0.28392592,-0.09684734,-0.16474897,-0.29572803,0.1163767,-0.32317436,-0.38682821,0.31887364,-0.22810429,6251000.10612387,0.13430412,0.19595851,0.1070726,-0.26917431,0.25213119,0.05237992,0.58808547,0.09990831,0.03259949,0.33196053,-0.12559052,-0.30585727,-0.19011438,-0.2647275,-0.28320324,-0.09266399,-0.1697585,-0.2938081,0.11261085,-0.32399413,-0.38702092,0.30751458,-0.23406984,6252000.10795487,0.13312782,0.19636671,0.10865866,-0.27317992,0.25371939,0.05167376,0.59210384,0.09962442,0.0277181,0.33928978,-0.12312584,-0.30404264,-0.19202973,-0.26467562,-0.28580901,-0.09327368,-0.15973911,-0.29255417,0.11506921,-0.33716279,-0.38837203,0.30586159,-0.23413238,6253000.10710607,0.13300374,0.19868511,0.10964258,-0.2756868,0.25391689,0.04426448,0.59110749,0.09791448,0.0240281,0.33653063,-0.12527734,-0.31062981,-0.20034795,-0.26629606,-0.28602156,-0.09741277,-0.16575533,-0.29571205,0.10876534,-0.33088508,-0.38845462,0.30741924,-0.23487496,6254000.10982056,0.13289739,0.19965589,0.10954934,-0.27711987,0.25156382,0.04424705,0.5899713,0.10122249,0.02340504,0.33659786,-0.12513542,-0.30347317,-0.19657941,-0.26843151,-0.28714395,-0.09491356,-0.16231889,-0.29743159,0.11168671,-0.33678982,-0.38688147,0.31126854,-0.22922151,6255000.1110832,0.12990731,0.19947998,0.11204622,-0.2791146,0.25759554,0.0403485,0.59085268,0.09769048,0.02079466,0.33163938,-0.12452139,-0.30913633,-0.19502807,-0.26735234,-0.28675288,-0.09475259,-0.1629272,-0.29542306,0.11369953,-0.33061618,-0.38504317,0.31180197,-0.23253946,6256000.11325253,0.13396086,0.19980301,0.11481819,-0.28163421,0.25853431,0.0460459,0.59153169,0.09825581,0.01834018,0.32510108,-0.12795332,-0.30101642,-0.2005932,-0.27291316,-0.28785852,-0.10144477,-0.164086,-0.29176944,0.11474071,-0.32760391,-0.38438347,0.31430858,-0.23329328,6257000.11309625,0.13923298,0.20238525,0.11981706,-0.28175771,0.25568831,0.04676543,0.58618617,0.09784687,0.01546578,0.32237709,-0.12716208,-0.30105385,-0.20430182,-0.27037758,-0.28994164,-0.10503443,-0.18036556,-0.29795712,0.11327995,-0.32641011,-0.38130277,0.3080391,-0.23112801,6258000.10959531,0.13451926,0.19936179,0.11455512,-0.27494794,0.25442296,0.04703214,0.5881058,0.09832112,0.0210014,0.32934022,-0.12423829,-0.31090441,-0.19857126,-0.26840356,-0.28754371,-0.09836046,-0.17089128,-0.29575431,0.11927538,-0.33197567,-0.378925,0.31315225,-0.22612819,6259000.10876852,0.13139528,0.19643074,0.1075586,-0.2657297,0.24963404,0.05083229,0.58934104,0.09827816,0.03060741,0.33090058,-0.11779107,-0.30932909,-0.20094812,-0.25963581,-0.28449365,-0.09707898,-0.15783636,-0.29109633,0.11693369,-0.32391271,-0.37700081,0.3105633,-0.22645,6260000.11431187,0.13328721,0.19821845,0.10742196,-0.26777318,0.25356659,0.04992952,0.5925104,0.09781367,0.02729364,0.33435643,-0.11821134,-0.29554719,-0.19730374,-0.26344219,-0.28777924,-0.09552374,-0.15926898,-0.29197302,0.1113397,-0.32865456,-0.3802613,0.31282043,-0.23588766,6261000.11195274,0.13677034,0.20030157,0.11054397,-0.26973459,0.25572681,0.0455093,0.59280258,0.09866996,0.02282926,0.32997414,-0.11740069,-0.3031981,-0.1975459,-0.26457575,-0.28902653,-0.09665219,-0.15810511,-0.2903057,0.10571513,-0.33572811,-0.37981176,0.30849588,-0.23189744,6262000.11071133,0.13330491,0.19698733,0.11361805,-0.27462786,0.25758326,0.05216086,0.59058267,0.09900669,0.02278781,0.33387643,-0.1170469,-0.30499274,-0.19508077,-0.26355046,-0.28947368,-0.09795675,-0.16499843,-0.29487211,0.11343163,-0.33004203,-0.37851244,0.30747756,-0.22831672,6263000.1147899,0.13490297,0.20097476,0.1143763,-0.28083971,0.25669923,0.04609668,0.59275186,0.10050823,0.02099087,0.34339035,-0.11993592,-0.29848546,-0.20660965,-0.26633838,-0.28876865,-0.09854198,-0.16187099,-0.29491264,0.11925387,-0.32478496,-0.37860981,0.30544269,-0.23277201,6264000.11542869,0.13433796,0.20097476,0.1172589,-0.28086999,0.25611642,0.05136663,0.58769798,0.098551,0.01884901,0.33912992,-0.11976761,-0.30622047,-0.20079215,-0.26746923,-0.28671318,-0.0972711,-0.17039573,-0.2931748,0.11222929,-0.33051309,-0.37721124,0.31527892,-0.23110481,6265000.11232254,0.14047565,0.20111835,0.11677892,-0.2816672,0.26357061,0.04734675,0.58456612,0.09831579,0.01560404,0.34622073,-0.11644296,-0.30403388,-0.19726931,-0.2680378,-0.28840116,-0.09976558,-0.17746954,-0.29503468,0.11015069,-0.33422571,-0.37514651,0.31691203,-0.23064129,6266000.11336121,0.13848957,0.20522419,0.11437111,-0.2814253,0.26210022,0.04288958,0.58265227,0.09652094,0.01403595,0.33805442,-0.11287571,-0.30552465,-0.20258552,-0.27030221,-0.28917733,-0.09918037,-0.1687673,-0.29264453,0.11543158,-0.32459426,-0.37358943,0.30965933,-0.22970875,6267000.10929134,0.13750428,0.19207124,0.10867666,-0.2689271,0.25928745,0.04426529,0.58199668,0.09785473,0.02250575,0.3348901,-0.10464118,-0.29999855,-0.20267558,-0.26820534,-0.28539959,-0.09855913,-0.17329821,-0.28887397,0.11439467,-0.32845595,-0.3707611,0.30630788,-0.2235584,6268000.11250912,0.13577946,0.19432257,0.10775712,-0.26563951,0.26328722,0.05004777,0.58554655,0.10170481,0.02795481,0.34397426,-0.10386951,-0.28869167,-0.20116451,-0.26455683,-0.28405192,-0.09617779,-0.16900751,-0.2899963,0.11200094,-0.32577199,-0.36926776,0.30448318,-0.22311483,6269000.11795531,0.13883708,0.20058893,0.11012993,-0.27510673,0.26649606,0.04700756,0.58645314,0.10395516,0.02405044,0.33314252,-0.10751614,-0.29354355,-0.19726573,-0.26131517,-0.28561464,-0.09749683,-0.15673777,-0.29159901,0.11243489,-0.32835531,-0.37150165,0.30583832,-0.21861124,6270000.11552596,0.13840291,0.19754021,0.11200991,-0.27186802,0.26202998,0.04716481,0.58793604,0.10229713,0.02219788,0.34578511,-0.10995109,-0.29137665,-0.19406091,-0.26362425,-0.28597873,-0.09855063,-0.15896185,-0.29328367,0.10595794,-0.32570696,-0.3723298,0.30865678,-0.22658126,6271000.11469712,0.13881975,0.19707122,0.11308555,-0.27411699,0.26192379,0.04542104,0.58629227,0.10191853,0.02194473,0.34614712,-0.10689043,-0.27981541,-0.19256283,-0.26609352,-0.28561926,-0.09261206,-0.16384292,-0.29265782,0.11026562,-0.32675689,-0.3721306,0.30453488,-0.2254387,6272000.11306486,0.1423599,0.1961062,0.11441963,-0.27552792,0.26539418,0.04304061,0.58404744,0.10207283,0.01897579,0.34560248,-0.10432126,-0.28439578,-0.19836999,-0.26685545,-0.28766516,-0.0922957,-0.17038466,-0.28954566,0.1085534,-0.32149506,-0.37082419,0.3115291,-0.22726414,6273000.11556017,0.14088525,0.19964606,0.11686266,-0.28007922,0.26363978,0.04609266,0.58218575,0.10132562,0.01613484,0.33702359,-0.10874505,-0.28989163,-0.19521746,-0.2688221,-0.28698379,-0.08790914,-0.1651364,-0.29078227,0.11305044,-0.33545306,-0.37053499,0.31544834,-0.23420331,6274000.11739373,0.14373805,0.19882442,0.12068802,-0.27649736,0.26634753,0.04389947,0.58224928,0.10219376,0.01474279,0.34819478,-0.10516468,-0.29378992,-0.19524243,-0.27082926,-0.28486419,-0.08751766,-0.16447788,-0.29156598,0.11419497,-0.3344664,-0.3695783,0.31026611,-0.22468856,6275000.1138536,0.14269274,0.19855796,0.11349086,-0.26440719,0.26270053,0.04947748,0.58426088,0.10420003,0.02366251,0.34962785,-0.09958782,-0.28097057,-0.18752676,-0.26956388,-0.28328517,-0.09103548,-0.16892977,-0.28737488,0.11180404,-0.31909904,-0.36729449,0.3076503,-0.22572562,6276000.11543275,0.14321356,0.19861764,0.11018415,-0.26354632,0.2621713,0.05480357,0.58297187,0.10704433,0.02887495,0.347866,-0.09225188,-0.28152856,-0.18434273,-0.26699921,-0.28067854,-0.08197473,-0.15852764,-0.28585702,0.11623903,-0.32548574,-0.36584574,0.30969232,-0.22544284,6277000.11212503,0.14285173,0.1988523,0.11437231,-0.27109763,0.26537544,0.05322346,0.5864315,0.10763934,0.02556184,0.34964082,-0.09836389,-0.27938402,-0.18394792,-0.26427206,-0.28340819,-0.08665022,-0.16529104,-0.28655574,0.11680149,-0.32746482,-0.36874324,0.30681312,-0.2269046,6278000.11481882,0.14108226,0.19776861,0.11437231,-0.26607323,0.26183426,0.04920509,0.58696896,0.10571197,0.02344457,0.34862339,-0.09790156,-0.27604324,-0.18864773,-0.27019477,-0.28209946,-0.08293615,-0.1554614,-0.28838727,0.11023702,-0.32512906,-0.36749965,0.3053526,-0.21784692,6279000.11734338,0.14265481,0.201014,0.11612348,-0.26861867,0.26401195,0.05017741,0.58566433,0.10401949,0.02251718,0.34557292,-0.09702326,-0.28971338,-0.1840505,-0.26479855,-0.28161845,-0.08430427,-0.17349748,-0.28965881,0.11034653,-0.3224332,-0.36700156,0.31421602,-0.21872425,6280000.11520842,0.14353704,0.20083912,0.11747304,-0.27352262,0.26456097,0.05225747,0.58487731,0.10255954,0.01964633,0.35413945,-0.10028327,-0.27068377,-0.17933628,-0.26666495,-0.28329283,-0.08079743,-0.16995437,-0.2889924,0.11067612,-0.32478395,-0.36734664,0.31404272,-0.22442436,6281000.1197646,0.14967021,0.20010433,0.1197231,-0.27350503,0.26386729,0.05354847,0.58462906,0.10428134,0.01783308,0.3510766,-0.09798875,-0.28387943,-0.18392259,-0.26794142,-0.28238147,-0.08225054,-0.1592086,-0.28697819,0.11113417,-0.32371512,-0.3659611,0.31347856,-0.22684087,6282000.11904664,0.14606234,0.20322843,0.12142538,-0.27028069,0.2648575,0.05076736,0.58255732,0.10450824,0.01525145,0.34691751,-0.09764025,-0.27595955,-0.18340412,-0.26539591,-0.28219017,-0.08423833,-0.16450487,-0.28832361,0.11313,-0.31886759,-0.36423606,0.31414813,-0.21701656,6283000.11553851,0.14553414,0.19626324,0.11698858,-0.26056418,0.2616716,0.05026184,0.58326417,0.10580259,0.02413052,0.34497803,-0.08792227,-0.27723944,-0.18388236,-0.2680198,-0.27843797,-0.07658812,-0.15739925,-0.2861515,0.11436478,-0.32508096,-0.3618612,0.3117992,-0.21675694,6284000.11482207,0.1477087,0.19659218,0.11426111,-0.25650853,0.26255789,0.05411041,0.58399379,0.11051864,0.03394949,0.35446605,-0.08648711,-0.2657553,-0.17817688,-0.26778579,-0.27446136,-0.07178598,-0.15609476,-0.28401744,0.11412633,-0.32265255,-0.36170027,0.30650976,-0.22261454,6285000.11680724,0.14615878,0.19817394,0.11540066,-0.26273155,0.26755428,0.05642678,0.58616179,0.10818777,0.02779228,0.35728297,-0.08490118,-0.26633123,-0.16963874,-0.27077228,-0.27821299,-0.07564268,-0.16544266,-0.28526098,0.11602378,-0.32646018,-0.36381623,0.31653211,-0.21859869,6286000.11571009,0.14729075,0.19741276,0.11798771,-0.26391363,0.26448962,0.05239938,0.58532447,0.10629198,0.02510638,0.34717402,-0.08692741,-0.26821512,-0.17129771,-0.2686162,-0.27733639,-0.07032713,-0.16513234,-0.28454706,0.11931888,-0.32097846,-0.36597306,0.31702387,-0.21774581,6287000.11456984,0.14939621,0.19624472,0.12014277,-0.26538616,0.26636675,0.05442945,0.58922064,0.10852669,0.02522548,0.35825801,-0.08715927,-0.27784967,-0.17576866,-0.26691556,-0.27670813,-0.06882082,-0.14607954,-0.28263006,0.11206955,-0.32602116,-0.36592188,0.31169635,-0.22318403,6288000.11676367,0.14992218,0.19741276,0.11961168,-0.26701829,0.26578158,0.05026808,0.58695799,0.10875671,0.02314656,0.35920867,-0.08703446,-0.2672877,-0.16631784,-0.26677889,-0.27887365,-0.07064448,-0.1473749,-0.28343847,0.11042435,-0.32823941,-0.3650282,0.31473577,-0.22539549,6289000.11934938,0.1514553,0.20156561,0.1218311,-0.27271646,0.26546159,0.05047558,0.58667165,0.10558078,0.01924104,0.34847853,-0.0919994,-0.27614304,-0.16419932,-0.26831663,-0.27561861,-0.07080405,-0.16471194,-0.28206825,0.11443105,-0.32503468,-0.3646473,0.31741992,-0.21548484,6290000.12124467,0.15426466,0.20018588,0.12509444,-0.27236184,0.2665047,0.05442726,0.58285791,0.10931446,0.01750721,0.35215965,-0.09186443,-0.26956549,-0.16381814,-0.26751974,-0.27637148,-0.06867263,-0.16692641,-0.28465077,0.11852133,-0.32101738,-0.36461911,0.31960836,-0.221854,6291000.12039658,0.15203501,0.20185114,0.12097161,-0.26598963,0.2642177,0.05293672,0.58164042,0.10905598,0.01921489,0.35391298,-0.08758494,-0.26071864,-0.16431947,-0.26632062,-0.27583808,-0.06636701,-0.16808209,-0.28464901,0.11793991,-0.31339335,-0.36289242,0.31856582,-0.22594467,6292000.11976504,0.14534687,0.19822356,0.11488704,-0.25282213,0.26462263,0.05937936,0.58666813,0.11271047,0.03157359,0.35742444,-0.08056957,-0.26184008,-0.162423,-0.26412591,-0.27167103,-0.06213721,-0.16075285,-0.28369009,0.11944023,-0.3164326,-0.36035484,0.31696829,-0.21933198,6293000.11641766,0.1472159,0.20236145,0.11765032,-0.25569347,0.26622331,0.0586878,0.58975339,0.11277509,0.03026437,0.36102533,-0.07931274,-0.257961,-0.15521269,-0.26370931,-0.27257359,-0.06582218,-0.15866154,-0.27965227,0.12500766,-0.31237611,-0.36242732,0.31297243,-0.21689183,6294000.11606222,0.15247431,0.20245185,0.12209095,-0.25864863,0.26801831,0.05852686,0.58991593,0.10973284,0.02596637,0.34677732,-0.08678176,-0.25531363,-0.15901916,-0.26023239,-0.27510396,-0.06530494,-0.14925401,-0.28552711,0.1218565,-0.31177047,-0.36351776,0.31579837,-0.2213026,6295000.11995498,0.15314133,0.20805492,0.12178493,-0.25895834,0.26920697,0.0592924,0.5918569,0.11160167,0.02304999,0.34782398,-0.08786772,-0.24879222,-0.15347223,-0.25829586,-0.27096394,-0.05890144,-0.15040043,-0.2833932,0.12141532,-0.31815073,-0.3643645,0.31258947,-0.2192165,6296000.11979964,0.14915857,0.20335656,0.12231494,-0.26448089,0.26711226,0.05174538,0.58863747,0.11187728,0.02373394,0.36254776,-0.08489951,-0.25577304,-0.15539172,-0.26103389,-0.27151588,-0.06506154,-0.15273954,-0.2855041,0.12401643,-0.31907681,-0.36476186,0.31282654,-0.22285904,6297000.12021487,0.15331447,0.20358858,0.12617758,-0.26637438,0.26842156,0.05559734,0.58914357,0.11169179,0.02205626,0.35534751,-0.08763845,-0.25803077,-0.15710662,-0.26133865,-0.27196133,-0.06405489,-0.15425046,-0.28366676,0.1189787,-0.31655872,-0.36587593,0.31521922,-0.218813,6298000.12373044,0.15488419,0.20449637,0.12925412,-0.27043998,0.26870281,0.05465966,0.585338,0.11308526,0.01739561,0.36694431,-0.08965619,-0.26127648,-0.15749638,-0.26386705,-0.27094066,-0.06104818,-0.16092066,-0.28464404,0.11535425,-0.31921625,-0.36500385,0.30989313,-0.21868205,6299000.12360085,0.15927708,0.20159577,0.13062303,-0.26876348,0.26901984,0.05324771,0.58635968,0.10974958,0.0149735,0.36081004,-0.08734728,-0.2645632,-0.1552469,-0.26382425,-0.27265161,-0.05652209,-0.1518387,-0.28354532,0.11549392,-0.32128415,-0.36203343,0.31753385,-0.22078373,6300000.12378298,0.15857595,0.20548369,0.12605655,-0.25994775,0.26954937,0.05196656,0.58985102,0.11017162,0.02015025,0.35070044,-0.08673575,-0.25891221,-0.14891051,-0.25979879,-0.27076435,-0.05689705,-0.14891681,-0.2818169,0.12419967,-0.31329173,-0.36099496,0.32298112,-0.21900639,6301000.11932375,0.1581386,0.20001417,0.11940195,-0.25069126,0.27208716,0.05619013,0.58816987,0.11390018,0.03036188,0.35745168,-0.07841893,-0.25217062,-0.14652415,-0.26609087,-0.26821086,-0.05355149,-0.14230679,-0.28141007,0.12242939,-0.31378305,-0.36136252,0.31777003,-0.21696082,6302000.12062156,0.15990719,0.20476902,0.12303995,-0.25416154,0.27382201,0.05427881,0.5867812,0.11307123,0.02739819,0.36367232,-0.08314122,-0.25551125,-0.13935304,-0.25869468,-0.26927021,-0.05567236,-0.13972041,-0.28176406,0.11492383,-0.31781632,-0.36271262,0.31935927,-0.21722013,6303000.11803532,0.15629722,0.19885024,0.12398596,-0.25659397,0.26812047,0.05658321,0.58865291,0.11256689,0.02597859,0.35883477,-0.08282682,-0.25611207,-0.1495634,-0.26046503,-0.26929539,-0.05293455,-0.13655755,-0.28148702,0.11817902,-0.31813574,-0.36500886,0.32012025,-0.21952192,6304000.11981682,0.15711223,0.19852589,0.12401865,-0.25713396,0.26859829,0.05457281,0.59187925,0.11089692,0.02476224,0.35767218,-0.07993967,-0.26361087,-0.14746742,-0.2604098,-0.26880398,-0.05159357,-0.14734949,-0.28408641,0.12166698,-0.32131234,-0.36520168,0.31882063,-0.21841525,6305000.12075121,0.15870413,0.20396844,0.12530589,-0.2608085,0.27334934,0.05390981,0.59047914,0.11328905,0.0215815,0.35929367,-0.08357759,-0.24864817,-0.14398623,-0.26070818,-0.26816943,-0.04708465,-0.14655903,-0.2804229,0.12021614,-0.31263819,-0.36483753,0.31485009,-0.21826202,6306000.11949629,0.16071035,0.20458375,0.12839989,-0.25930396,0.27371779,0.05310841,0.58944023,0.11126065,0.01847774,0.34258628,-0.08512049,-0.26141107,-0.14732973,-0.25735611,-0.26636863,-0.05114425,-0.14580974,-0.28004918,0.11563922,-0.3133713,-0.36521816,0.32164186,-0.22070119,6307000.11986811,0.16362944,0.20496738,0.13302074,-0.26211947,0.27139658,0.05481449,0.5893144,0.11228838,0.01670487,0.35237479,-0.08540695,-0.26384339,-0.14562936,-0.26039016,-0.26559392,-0.05155188,-0.138106,-0.27897674,0.12307473,-0.31207764,-0.36496246,0.3166382,-0.21435596,6308000.12154772,0.16271962,0.20882854,0.13078496,-0.25640771,0.26694605,0.06260235,0.58704138,0.11383113,0.0168056,0.35904598,-0.07866004,-0.25303671,-0.13667952,-0.26025301,-0.26631126,-0.05005025,-0.14899591,-0.27808914,0.12038271,-0.31074575,-0.36242589,0.32030663,-0.22089151,6309000.11948826,0.16194959,0.19860558,0.12436531,-0.24618271,0.26802048,0.06209821,0.58864439,0.1136952,0.03004961,0.36228186,-0.07272817,-0.24927685,-0.13618155,-0.25870249,-0.26502401,-0.04431004,-0.14446788,-0.27785894,0.12030753,-0.3082419,-0.36098143,0.32020608,-0.21309501,6310000.12031001,0.16129734,0.20042661,0.12488981,-0.24762504,0.2682972,0.05976388,0.58831424,0.11463831,0.03088613,0.37009794,-0.07372342,-0.24320285,-0.12940392,-0.25877982,-0.26313052,-0.04449557,-0.12952502,-0.27570677,0.12777312,-0.30617151,-0.3644056,0.32065901,-0.21398869,6311000.11994606,0.16309233,0.20616829,0.12685627,-0.25480717,0.26954126,0.05837305,0.59076065,0.11213003,0.02603165,0.358062,-0.07930549,-0.24237168,-0.13838524,-0.25952122,-0.26539391,-0.04134299,-0.1356249,-0.27829444,0.12727156,-0.30919617,-0.36372465,0.31994742,-0.20761813,6312000.12021445,0.16493627,0.20227401,0.12717743,-0.25047427,0.2699309,0.05915418,0.5872106,0.11248799,0.02469546,0.35840669,-0.07291233,-0.25345021,-0.14140363,-0.25581551,-0.26348269,-0.04324574,-0.12937801,-0.2802639,0.12224309,-0.30859557,-0.36532807,0.317164,-0.21524143,6313000.12262163,0.16447972,0.20236145,0.12621041,-0.25406215,0.26586992,0.05978533,0.58901018,0.11049549,0.02446295,0.3579053,-0.07766144,-0.24519074,-0.13232072,-0.25585124,-0.26028052,-0.0444124,-0.14656481,-0.28011253,0.12430307,-0.31326097,-0.36623725,0.32425979,-0.21637812,6314000.12319337,0.16402951,0.20502444,0.12988189,-0.25558469,0.26912823,0.05395763,0.5909707,0.11213737,0.02224287,0.36194417,-0.07790565,-0.24892327,-0.13682406,-0.25821388,-0.25988445,-0.03978893,-0.1494375,-0.27485725,0.12410965,-0.31406522,-0.3656756,0.32415631,-0.21496668,6315000.12726851,0.16738734,0.20133057,0.13193905,-0.25466976,0.26920044,0.05445645,0.58884132,0.11399306,0.0189009,0.36420545,-0.08063259,-0.2436208,-0.12652695,-0.25600311,-0.25931355,-0.04107764,-0.13435739,-0.28060701,0.12547348,-0.30762705,-0.36438775,0.316331,-0.22129284,6316000.12624446,0.16585632,0.20276155,0.13086502,-0.2546711,0.27268946,0.05483444,0.58841813,0.11363408,0.01920195,0.34855261,-0.07426378,-0.23532873,-0.12867072,-0.25469956,-0.26061291,-0.03839572,-0.12709881,-0.27448657,0.12846184,-0.30633196,-0.36279005,0.32409582,-0.21349488,6317000.11725807,0.15618119,0.20301968,0.12258048,-0.23814119,0.26749542,0.06059532,0.58803272,0.11549779,0.03208809,0.35880083,-0.07070992,-0.24883652,-0.12778004,-0.25783899,-0.25895539,-0.03753305,-0.13843219,-0.27659884,0.12439328,-0.30254129,-0.36267856,0.32257444,-0.21314315,6318000.11994671,0.16174632,0.20452669,0.12102627,-0.24181931,0.26369381,0.06209037,0.58939689,0.11574975,0.03428782,0.36791795,-0.06503442,-0.24441758,-0.11781543,-0.25145754,-0.25802815,-0.03907789,-0.14184777,-0.27474615,0.12570974,-0.3045333,-0.36433196,0.32295161,-0.21674415,6319000.12099372,0.16211744,0.20939744,0.1267906,-0.24508175,0.27041262,0.0613266,0.58797318,0.11639743,0.02977262,0.36988229,-0.07322257,-0.24643013,-0.12823053,-0.25470692,-0.25730568,-0.03420348,-0.13248493,-0.27388266,0.11658712,-0.30753601,-0.36725315,0.32263494,-0.21734399,6320000.12247432,0.16333334,0.20540814,0.12946655,-0.24360803,0.27247062,0.06328972,0.5882774,0.11648902,0.02778211,0.36514023,-0.0754771,-0.24015903,-0.12831594,-0.25353754,-0.25636432,-0.03548325,-0.13886373,-0.27476084,0.12574238,-0.30770895,-0.36925444,0.31789804,-0.21472441,6321000.12301123,0.16196556,0.20418037,0.12891887,-0.24931805,0.26897144,0.06487251,0.58886945,0.11459268,0.02666004,0.35682085,-0.08372851,-0.25451523,-0.12573971,-0.25477335,-0.25655416,-0.03622426,-0.12835276,-0.27244481,0.12804419,-0.30588576,-0.369295,0.3244499,-0.21905215,6322000.12301123,0.16698606,0.20499405,0.13183741,-0.25408661,0.26879111,0.05954488,0.5869872,0.11245272,0.02270009,0.35347131,-0.08464514,-0.24384013,-0.12356697,-0.25483724,-0.25478882,-0.03310701,-0.12468085,-0.27421245,0.12674709,-0.31104386,-0.36913407,0.32723251,-0.2141251,6323000.12428561,0.17378142,0.20953199,0.13494493,-0.25482476,0.27132875,0.06007956,0.58726603,0.11316841,0.02060751,0.35779649,-0.08768181,-0.24273953,-0.1288411,-0.25212157,-0.25407618,-0.03420671,-0.13486215,-0.27009556,0.13189897,-0.30593556,-0.36786667,0.33371219,-0.21850583,6324000.12305439,0.165905,0.20320177,0.13029097,-0.24553126,0.27111113,0.06077575,0.58473289,0.11498873,0.02271594,0.36250502,-0.07889403,-0.24962914,-0.12867759,-0.25392145,-0.25370005,-0.03497008,-0.12840602,-0.27221793,0.13309368,-0.30367181,-0.36655876,0.32554057,-0.22428153,6325000.11896078,0.16246437,0.20083347,0.12313011,-0.23573585,0.26909208,0.07040694,0.58668369,0.11472074,0.03447073,0.35862872,-0.07197826,-0.24623913,-0.12824142,-0.25037336,-0.25342381,-0.03500053,-0.1244601,-0.26940039,0.12916584,-0.30206212,-0.36604252,0.32238659,-0.21661432,6326000.12045708,0.16657007,0.20492014,0.12540735,-0.23893201,0.27046829,0.07037454,0.58956003,0.11618321,0.03178005,0.35460117,-0.07624518,-0.24529211,-0.12451736,-0.24785613,-0.2533139,-0.03304787,-0.12407807,-0.26962551,0.12780772,-0.30734318,-0.36900219,0.3260954,-0.21058075,6327000.11865699,0.16687846,0.20685267,0.12822904,-0.24571116,0.27052075,0.06710587,0.59165865,0.11527891,0.02679318,0.35556093,-0.08044538,-0.25057554,-0.12462232,-0.25296631,-0.2550956,-0.03502453,-0.1246832,-0.27116013,0.12482934,-0.30711672,-0.3725425,0.31789285,-0.21774343,6328000.12150437,0.16511039,0.20655613,0.12837516,-0.24445993,0.2718153,0.05628118,0.58892739,0.11268274,0.02512787,0.34940526,-0.08185555,-0.24985687,-0.11955433,-0.25224274,-0.25360185,-0.03477438,-0.12479068,-0.2710726,0.12925632,-0.29796657,-0.37237394,0.32099155,-0.2206452,6329000.12005049,0.16696358,0.20764397,0.1312895,-0.24397197,0.27108771,0.06471423,0.59129536,0.11397032,0.02438722,0.35176498,-0.08846173,-0.2540215,-0.12313263,-0.25364313,-0.25309345,-0.03623172,-0.13430041,-0.2727665,0.12946217,-0.30144247,-0.37394896,0.32920334,-0.22252515,6330000.12381668,0.16772257,0.20911303,0.13245183,-0.24940373,0.27300557,0.06399874,0.58765447,0.11321612,0.02112359,0.34307891,-0.09042852,-0.26273379,-0.12124161,-0.25010288,-0.25271374,-0.03112095,-0.12672922,-0.27117088,0.12675168,-0.30299965,-0.37399253,0.32436308,-0.21640569,6331000.12444989,0.17286131,0.20585264,0.13310736,-0.25304541,0.27433693,0.06058108,0.58649409,0.11193568,0.01806202,0.3494164,-0.09028187,-0.2547603,-0.12518668,-0.25134534,-0.25206298,-0.03323841,-0.13280383,-0.27148029,0.13173117,-0.29510197,-0.37245825,0.32021493,-0.21351287,6332000.1228805,0.16564639,0.20575783,0.128296,-0.24398215,0.27315718,0.06266137,0.5876261,0.10942568,0.02500283,0.35675493,-0.0887608,-0.24499188,-0.13205405,-0.25421956,-0.25066385,-0.03694677,-0.1152983,-0.27012506,0.11856882,-0.28532219,-0.37098125,0.32277152,-0.21890323,6333000.12022343,0.1655874,0.20438875,0.12546977,-0.23558319,0.27266768,0.06728586,0.58831507,0.11451339,0.03153582,0.36983359,-0.08637062,-0.24685377,-0.12581809,-0.24969941,-0.24934101,-0.04011498,-0.11902482,-0.26957694,0.1210585,-0.29943678,-0.37326172,0.32206166,-0.22047831,6334000.12181564,0.1658347,0.20430972,0.12745489,-0.243416,0.27523544,0.06259321,0.59049773,0.11330104,0.02773179,0.35683563,-0.08688713,-0.24678068,-0.13057391,-0.24912292,-0.25055155,-0.03376282,-0.11449996,-0.26681632,0.13220824,-0.31041068,-0.376771,0.32318267,-0.22345178,6335000.12249121,0.16644517,0.20313291,0.12948531,-0.24737476,0.27468371,0.06986944,0.58999491,0.1150655,0.02402002,0.35121468,-0.08784024,-0.26463762,-0.12830326,-0.25020331,-0.25303787,-0.03578338,-0.11713328,-0.26762372,0.12403864,-0.30283889,-0.37797216,0.31661993,-0.22077431,6336000.12274277,0.16304725,0.20635776,0.12914543,-0.25252277,0.27114639,0.06317663,0.59017205,0.11567161,0.02336291,0.3523452,-0.09333094,-0.25393343,-0.12439624,-0.24899097,-0.25172827,-0.03976294,-0.12466485,-0.27111501,0.12287153,-0.3049489,-0.37976256,0.31812763,-0.21948609,6337000.12110624,0.16282699,0.20862199,0.1302219,-0.25171873,0.27393499,0.06218592,0.59447837,0.11343885,0.01989275,0.35385549,-0.09460584,-0.26899919,-0.12803964,-0.25006983,-0.24926637,-0.03732544,-0.12346736,-0.26947817,0.12499454,-0.30530003,-0.37912428,0.31779632,-0.22392233,6338000.12185875,0.16675332,0.20744224,0.13178477,-0.2532441,0.27414414,0.0633408,0.59055591,0.11266368,0.0186462,0.35464096,-0.09652603,-0.26877502,-0.13506316,-0.25341359,-0.24920277,-0.0406516,-0.11636265,-0.26960471,0.12605104,-0.30436227,-0.37950921,0.31869453,-0.22145949,6339000.11996385,0.16861245,0.20517257,0.12845629,-0.24847125,0.27483109,0.06284441,0.58838463,0.11190718,0.02032607,0.36354476,-0.09627886,-0.25578371,-0.13128817,-0.25587255,-0.25029212,-0.04116258,-0.11953007,-0.26875073,0.11865909,-0.29120016,-0.37960017,0.32290661,-0.22519837,6340000.11729254,0.16194069,0.19967189,0.1245181,-0.24197875,0.27112377,0.06908397,0.58828175,0.11597259,0.03092708,0.36455411,-0.09468495,-0.2551342,-0.12218238,-0.25169793,-0.2484764,-0.03846085,-0.11862573,-0.26842651,0.12113597,-0.29863414,-0.37844023,0.31708431,-0.22495842,6341000.11987704,0.16257735,0.2034007,0.12826192,-0.24624261,0.27062878,0.06521106,0.58959162,0.11322361,0.02732585,0.35733008,-0.0954888,-0.25639597,-0.127379,-0.25347191,-0.25074026,-0.04147278,-0.12038279,-0.26686257,0.1172359,-0.30145487,-0.38270852,0.3174949,-0.22978172,6342000.12062987,0.16546957,0.20580509,0.12766656,-0.25118023,0.26940572,0.06224433,0.59399402,0.11366829,0.0227646,0.3615371,-0.10175595,-0.25642788,-0.13453171,-0.25260141,-0.2510331,-0.03723254,-0.13989948,-0.26750433,0.12307196,-0.30019563,-0.38624397,0.31494325,-0.22876129,6343000.12114086,0.1665194,0.20771536,0.12860164,-0.25156245,0.27041835,0.06382575,0.59032017,0.11303785,0.0225419,0.355349,-0.10673421,-0.26097348,-0.13333513,-0.25340664,-0.25232393,-0.04207584,-0.14542809,-0.26851889,0.12197138,-0.30824807,-0.38743523,0.3200902,-0.22720227,6344000.11985137,0.16491309,0.20266722,0.13080782,-0.25262234,0.2723535,0.06849641,0.59245312,0.11312784,0.020495,0.35660669,-0.10687343,-0.26274961,-0.13422407,-0.25117531,-0.25103238,-0.04647294,-0.13038395,-0.26787189,0.12157851,-0.30832621,-0.38680276,0.31936699,-0.22807334,6345000.12026667,0.17002968,0.20612532,0.13156345,-0.25963166,0.27357683,0.06298915,0.59283006,0.11135893,0.01773318,0.35136002,-0.10576928,-0.26461405,-0.12594508,-0.25519255,-0.2518698,-0.0468108,-0.12627369,-0.26805732,0.11694893,-0.30830586,-0.38708216,0.32098362,-0.2311548,6346000.12168618,0.16231841,0.20805492,0.12920204,-0.25457251,0.2718876,0.06462601,0.58959973,0.11114667,0.01995897,0.34634939,-0.10477989,-0.26960933,-0.13325796,-0.25506645,-0.25173607,-0.04459845,-0.12884228,-0.26699516,0.11746732,-0.30406889,-0.38562369,0.31652427,-0.2356506,6347000.11712787,0.15511356,0.20008391,0.1232961,-0.24371253,0.2658923,0.06367809,0.58793813,0.11252458,0.03051933,0.35628825,-0.09709517,-0.26197711,-0.1358394,-0.25335574,-0.25141671,-0.04443783,-0.12269688,-0.26600885,0.10871543,-0.30483291,-0.38588467,0.31450495,-0.23470759,6348000.11563219,0.15950641,0.20258169,0.12407352,-0.24783613,0.26977906,0.06644992,0.5932951,0.11405964,0.02844332,0.35291329,-0.10206074,-0.26050156,-0.13732073,-0.25074652,-0.25221786,-0.0459137,-0.13257344,-0.26812053,0.1150808,-0.31463581,-0.39154711,0.31627783,-0.24346334,6349000.11399033,0.15580736,0.20308207,0.12421902,-0.25513643,0.26752591,0.05957662,0.58926147,0.11315225,0.02451954,0.35374624,-0.11202965,-0.26934728,-0.13819869,-0.24860945,-0.25383884,-0.05088699,-0.13861258,-0.26684377,0.1145748,-0.31594306,-0.39442942,0.30611539,-0.24363783,6350000.11562284,0.15546501,0.2054297,0.12633215,-0.25521091,0.27173582,0.06030725,0.59023184,0.11121567,0.02314957,0.34686336,-0.11097552,-0.27926511,-0.14388111,-0.25326097,-0.2540096,-0.04788046,-0.13327457,-0.2678684,0.11471618,-0.31741473,-0.39553007,0.31064594,-0.23785892,6351000.11790494,0.16034958,0.20105724,0.12471886,-0.2571983,0.26953202,0.06075897,0.59229439,0.10949914,0.02080409,0.35068336,-0.11353596,-0.27735713,-0.13931438,-0.25532061,-0.25399989,-0.0507894,-0.14001067,-0.27125514,0.11560192,-0.31836969,-0.39630505,0.30627167,-0.24097162,6352000.11923696,0.15786399,0.20354837,0.12760416,-0.26381579,0.27132356,0.06709067,0.59366983,0.11006318,0.02002983,0.34898746,-0.11587741,-0.27690977,-0.14413044,-0.25614128,-0.25450116,-0.05347654,-0.1263933,-0.27091345,0.11698318,-0.31553841,-0.39656308,0.3109144,-0.23969024,6353000.12144388,0.15799546,0.2049285,0.12902181,-0.26190835,0.26910406,0.06204024,0.59135354,0.11301513,0.01835603,0.34622112,-0.11723007,-0.27832785,-0.1487253,-0.25579876,-0.2559633,-0.05490507,-0.13001265,-0.26460198,0.11241566,-0.31581125,-0.39483452,0.31975892,-0.23587224,6354000.11745568,0.1519931,0.20087828,0.12070639,-0.25403383,0.26463413,0.06540973,0.58932149,0.11093898,0.02742013,0.34543312,-0.11393966,-0.27496845,-0.14175072,-0.25274357,-0.25294217,-0.05717217,-0.13340843,-0.27012065,0.11394147,-0.31929982,-0.39389712,0.31144407,-0.24503982,6355000.11326456,0.15086633,0.19956316,0.11927491,-0.25051352,0.26711804,0.06559432,0.5922659,0.11472477,0.02849991,0.35155451,-0.11254793,-0.27562985,-0.1419529,-0.24889936,-0.25550035,-0.05480233,-0.1388793,-0.27116594,0.11375923,-0.32143494,-0.3994714,0.30489662,-0.24771388,6356000.11383937,0.14923143,0.20194241,0.12170675,-0.25848946,0.26775712,0.06261424,0.5923326,0.11000027,0.02230485,0.34718612,-0.11811671,-0.27962154,-0.15195523,-0.25376543,-0.25810409,-0.05863354,-0.13374265,-0.27026445,0.1060615,-0.32536155,-0.40351245,0.31149691,-0.24816956,6357000.11561889,0.15252332,0.2038811,0.12070747,-0.26408437,0.26736665,0.06115233,0.59186572,0.10796352,0.02027633,0.35264927,-0.12133832,-0.27367461,-0.1610029,-0.25509098,-0.25879174,-0.06522279,-0.14132322,-0.27335921,0.1079099,-0.33146459,-0.40628704,0.30509019,-0.25048733,6358000.11844833,0.15194993,0.20608537,0.12339941,-0.26782808,0.26697612,0.05978016,0.58948594,0.10549355,0.01851693,0.34304762,-0.12449512,-0.28889462,-0.15891346,-0.25635633,-0.26186916,-0.06703117,-0.15511616,-0.2762067,0.11145186,-0.33042508,-0.40613261,0.30454776,-0.25025317,6359000.1184047,0.15184955,0.20596753,0.12470497,-0.27111587,0.26694062,0.05855757,0.59063357,0.10550227,0.01702049,0.34654537,-0.1322156,-0.28892294,-0.16406983,-0.25494105,-0.2627697,-0.06493781,-0.15019949,-0.27310151,0.10563765,-0.33011439,-0.40676036,0.31024346,-0.24536088,6360000.11697893,0.15156576,0.2052027,0.12549467,-0.27383995,0.26949856,0.0571413,0.58897322,0.1071201,0.0131948,0.33597705,-0.13519369,-0.27780655,-0.16220328,-0.25865898,-0.26217797,-0.06526752,-0.15972289,-0.27273005,0.1024348,-0.32930955,-0.40514722,0.3077001,-0.25151357,6361000.11685989,0.14703876,0.20232351,0.11935541,-0.26576093,0.26569834,0.06165532,0.58784091,0.10926393,0.01901542,0.33639789,-0.12998442,-0.2824572,-0.16227125,-0.26098895,-0.26277208,-0.0728471,-0.16049114,-0.27633038,0.10741496,-0.32364088,-0.40474075,0.30897322,-0.2563304,6362000.1147504,0.14311779,0.20267761,0.11441386,-0.26264921,0.26417193,0.05873806,0.58820939,0.11038386,0.02515964,0.34676766,-0.13027768,-0.27992818,-0.15813053,-0.25426728,-0.26136869,-0.07402126,-0.15148816,-0.27856928,0.10221528,-0.33560988,-0.4072009,0.2932241,-0.25578657,6363000.11484342,0.14507316,0.20353076,0.11822512,-0.27124658,0.26880571,0.06091956,0.59201306,0.10690576,0.02021034,0.34648839,-0.13292564,-0.29107347,-0.15681006,-0.25550437,-0.26695055,-0.075632,-0.14422646,-0.27978346,0.09646669,-0.34420455,-0.41249856,0.29992759,-0.2587193,6364000.11654539,0.14273202,0.20388378,0.11885374,-0.27356604,0.26748994,0.05498024,0.58871514,0.1058555,0.01721922,0.34233117,-0.13711692,-0.28611824,-0.17555562,-0.25629428,-0.2686165,-0.07366121,-0.14216314,-0.27901575,0.10353416,-0.34799674,-0.41469732,0.30616778,-0.26236621,6365000.11568189,0.14247392,0.20485269,0.11769416,-0.2786192,0.26663694,0.0547103,0.58854765,0.10565416,0.01550102,0.34157443,-0.13978407,-0.30090508,-0.16870721,-0.25624758,-0.26739717,-0.0771934,-0.1544202,-0.28167331,0.10637452,-0.34867156,-0.41556579,0.30883008,-0.25869873,6366000.11639889,0.14309724,0.20482288,0.12036848,-0.28112638,0.26464835,0.05066469,0.59069437,0.10275587,0.01262423,0.34521034,-0.14203931,-0.30255938,-0.17398088,-0.26020718,-0.26963192,-0.07971086,-0.17331234,-0.2822251,0.09572662,-0.34656784,-0.41540429,0.3004311,-0.26018199,6367000.11873493,0.14561415,0.2050568,0.12385114,-0.28485411,0.26676235,0.05281816,0.58965617,0.10378093,0.010585,0.33208773,-0.14481419,-0.30187988,-0.17841814,-0.26227796,-0.27076742,-0.07828198,-0.16796207,-0.28076321,0.09771645,-0.34574801,-0.41465092,0.30194628,-0.25760689,6368000.11683233,0.13710836,0.20437846,0.11977361,-0.28233668,0.26656786,0.05377449,0.58846837,0.10477547,0.01347244,0.3361164,-0.1416568,-0.30592653,-0.18250404,-0.26496834,-0.27249736,-0.08403174,-0.17572336,-0.28291667,0.10618231,-0.34238166,-0.41319636,0.3083145,-0.25494936,6369000.11355687,0.13886614,0.19965552,0.1146848,-0.27516982,0.2623806,0.0547071,0.58920515,0.10465822,0.02169601,0.3388541,-0.1382174,-0.3049022,-0.17908053,-0.26391426,-0.27084258,-0.08539873,-0.15891945,-0.28033134,0.10037848,-0.3543205,-0.41479337,0.29986334,-0.25888866,6370000.11617443,0.14188135,0.20200455,0.11619217,-0.28290126,0.26326501,0.05152523,0.59070802,0.1054875,0.01929281,0.33152273,-0.14153716,-0.29781973,-0.1797265,-0.25638103,-0.273175,-0.08540428,-0.16961794,-0.28047955,0.10352919,-0.36014649,-0.41878515,0.30097285,-0.26660845,6371000.11462406,0.13710175,0.20265092,0.11540512,-0.28422895,0.26326501,0.04907879,0.58673871,0.10188218,0.01480265,0.33489901,-0.14763382,-0.30208454,-0.1796996,-0.26445064,-0.27472094,-0.0868485,-0.16308741,-0.28184325,0.09947183,-0.35366309,-0.42182773,0.29612887,-0.26683301,6372000.1127129,0.13829222,0.20356046,0.11645177,-0.28595161,0.26275036,0.04584854,0.59351158,0.10254345,0.01426926,0.34361514,-0.14712428,-0.30808118,-0.17768003,-0.26416412,-0.27555025,-0.09056006,-0.18512718,-0.2847504,0.09796559,-0.35430023,-0.4227348,0.29467589,-0.27242157,6373000.11547255,0.13894685,0.20579344,0.11561563,-0.28972414,0.26606944,0.05104361,0.59261817,0.10048099,0.01151629,0.33845341,-0.14837307,-0.30399847,-0.1889814,-0.26584461,-0.27726623,-0.08693115,-0.17542949,-0.28475097,0.1029317,-0.36047211,-0.42132935,0.2926558,-0.27079168,6374000.11428773,0.13686262,0.20444131,0.12031987,-0.2947447,0.26230577,0.04520545,0.59145451,0.10080571,0.01041227,0.33113879,-0.1464342,-0.3054207,-0.19240382,-0.26894897,-0.27706689,-0.08900449,-0.17372599,-0.28344789,0.09503184,-0.36236215,-0.41963792,0.30746764,-0.26169506,6375000.11722843,0.13740657,0.20673263,0.12067534,-0.29105741,0.26273394,0.0445184,0.58962679,0.10128614,0.00917138,0.33195168,-0.14779304,-0.30493331,-0.18693082,-0.27551132,-0.27903485,-0.09370318,-0.17648315,-0.28640738,0.10274599,-0.35306817,-0.41790754,0.3029955,-0.26197585,6376000.1129626,0.13431564,0.19672367,0.11159793,-0.28039533,0.25873104,0.04728367,0.58972663,0.10105463,0.01936665,0.33030379,-0.14606871,-0.29870614,-0.18905401,-0.26856717,-0.27698562,-0.08871383,-0.1836661,-0.28563175,0.10110246,-0.35841388,-0.41753241,0.30227047,-0.26198205,6377000.11202724,0.13298254,0.20056488,0.10941808,-0.28391728,0.25916845,0.04595505,0.59436154,0.09738655,0.02168254,0.33020583,-0.14253165,-0.31026432,-0.18542919,-0.2650224,-0.28022897,-0.08689973,-0.1738392,-0.2835426,0.09482563,-0.36809218,-0.42223874,0.29435611,-0.26856479,6378000.11386351,0.13315767,0.20003761,0.11374413,-0.28896654,0.26232463,0.04010718,0.59407878,0.09800679,0.01651683,0.34164083,-0.14560893,-0.30916286,-0.19107193,-0.26764742,-0.28081408,-0.09079465,-0.17987858,-0.28651041,0.09438178,-0.36474928,-0.4244917,0.29805976,-0.26957273,6379000.1128147,0.13110217,0.20112389,0.11228051,-0.28999659,0.26064134,0.04375942,0.59871835,0.09781367,0.01367034,0.33675513,-0.14632562,-0.30751219,-0.19408473,-0.26930943,-0.28268826,-0.09214483,-0.18092404,-0.28932881,0.09159408,-0.36863038,-0.42501122,0.29559091,-0.27759239,6380000.11305909,0.13115337,0.20485269,0.11409882,-0.29201952,0.26415199,0.04045966,0.59717971,0.09884718,0.0125035,0.33671722,-0.15247904,-0.30359063,-0.18200651,-0.26909369,-0.28405666,-0.089614,-0.17636736,-0.28653282,0.09265374,-0.37543976,-0.42356247,0.29799685,-0.27795729,6381000.11366339,0.13549075,0.20194358,0.11521198,-0.29700392,0.26388282,0.04363088,0.59488702,0.09912117,0.01152372,0.33542973,-0.15076841,-0.31188291,-0.1860179,-0.27183592,-0.28444436,-0.08715858,-0.18069227,-0.28984186,0.09517744,-0.37643749,-0.42332044,0.29824933,-0.27387217,6382000.1162141,0.13256237,0.20438017,0.11885374,-0.30395222,0.2640816,0.04117721,0.59227031,0.09761775,0.00826813,0.33379945,-0.1523502,-0.31328788,-0.19052567,-0.27409732,-0.28538644,-0.09201173,-0.20133382,-0.29092115,0.09728553,-0.36561739,-0.4201231,0.29951212,-0.27022848,6383000.11684789,0.13467589,0.20076722,0.11430153,-0.30170768,0.2612983,0.04390925,0.59178454,0.09753463,0.0095922,0.33159676,-0.14482887,-0.31529516,-0.18953717,-0.27528581,-0.28373274,-0.09415713,-0.19561028,-0.2905688,0.09897279,-0.36749473,-0.41853693,0.30330554,-0.26341504,6384000.11204711,0.12891629,0.19888978,0.10719731,-0.28554538,0.2619921,0.04988889,0.58878809,0.09801265,0.0211305,0.32885486,-0.1404023,-0.30544063,-0.18664594,-0.27048767,-0.28208002,-0.09651353,-0.18615723,-0.28569141,0.09486271,-0.3630015,-0.41745442,0.29897726,-0.26706797,6385000.11126759,0.12727159,0.20068055,0.10698064,-0.29139128,0.26074621,0.04768546,0.59644496,0.09864328,0.01920766,0.3349461,-0.14016977,-0.31061846,-0.18561,-0.27022246,-0.28433406,-0.09370738,-0.18782426,-0.29102618,0.09958515,-0.37152779,-0.42133504,0.29600385,-0.27294227,6386000.1110028,0.13074513,0.20308986,0.10893881,-0.29616231,0.26119065,0.04861428,0.59905177,0.09797603,0.01678689,0.32496139,-0.14484552,-0.30543113,-0.19513564,-0.26980966,-0.28638831,-0.09273213,-0.18798144,-0.28900942,0.09767516,-0.37889895,-0.42334375,0.29764855,-0.27533969,6387000.11217666,0.12456989,0.19880521,0.10987152,-0.29945007,0.2641367,0.04230698,0.5983932,0.09805714,0.01348496,0.32630739,-0.14734882,-0.29934567,-0.1908465,-0.27171695,-0.28695089,-0.09236267,-0.1901338,-0.29328132,0.09087572,-0.38133821,-0.42347872,0.29502267,-0.28408402,6388000.1133952,0.12581152,0.19915651,0.11027528,-0.30086014,0.26289496,0.03960742,0.60126179,0.09732209,0.01164471,0.33326504,-0.14907508,-0.31236228,-0.19249274,-0.26958165,-0.28943956,-0.09841666,-0.18912442,-0.29231733,0.10175286,-0.37332311,-0.42090651,0.29638356,-0.27657226,6389000.11314718,0.13174394,0.20487744,0.11560117,-0.30285907,0.26193398,0.03602897,0.60078299,0.09549836,0.0098757,0.33367014,-0.14968853,-0.30973521,-0.19531395,-0.27366874,-0.29008126,-0.09203653,-0.19116989,-0.29449657,0.09708101,-0.38208729,-0.41897351,0.3012225,-0.26540622,6390000.11717523,0.13323413,0.20696172,0.11945035,-0.30560526,0.26037759,0.03829281,0.59732223,0.09509212,0.00722837,0.33949849,-0.1502621,-0.31559834,-0.19292058,-0.27416849,-0.29042852,-0.10114605,-0.19502638,-0.29532903,0.08818347,-0.38243189,-0.41724163,0.30235705,-0.26895314,6391000.12016201,0.13253067,0.20677812,0.12074003,-0.30482069,0.2660355,0.03877144,0.59766197,0.0980677,0.00534866,0.33825418,-0.14801739,-0.31346819,-0.19171675,-0.27212578,-0.29011658,-0.09959981,-0.20728439,-0.29308298,0.09667161,-0.37541521,-0.41439283,0.30396172,-0.26375219,6392000.1152271,0.1285461,0.20134829,0.11274663,-0.29582638,0.26436827,0.04253903,0.5986371,0.09829424,0.01453533,0.33247843,-0.13430804,-0.30639839,-0.1898146,-0.2738626,-0.28745803,-0.09222092,-0.20077646,-0.29397273,0.09922444,-0.36657602,-0.41166744,0.29802322,-0.26373258,6393000.11597806,0.1274593,0.20064838,0.11029766,-0.29063544,0.26364043,0.04072886,0.60287243,0.09868492,0.02022617,0.32844773,-0.13442655,-0.30032369,-0.18848221,-0.27330443,-0.28731862,-0.09430206,-0.18519227,-0.29133144,0.09535488,-0.37956482,-0.41303375,0.30039442,-0.26662308,6394000.11818212,0.13134323,0.20200053,0.11236935,-0.29642513,0.26475713,0.04430922,0.60270947,0.099161,0.01658035,0.33334884,-0.13693488,-0.3056131,-0.18731883,-0.26680672,-0.29011747,-0.09111807,-0.19520468,-0.2919161,0.09184209,-0.38224795,-0.41508478,0.30093536,-0.27578536,6395000.1155979,0.13180348,0.2034051,0.11070085,-0.29581296,0.26544949,0.04319982,0.60264933,0.09937278,0.01394213,0.33125496,-0.14074638,-0.3077262,-0.18717888,-0.27032509,-0.2895751,-0.09733133,-0.20115672,-0.29246882,0.09573662,-0.37770161,-0.41558951,0.29979616,-0.27529165,6396000.11506201,0.1293786,0.20496097,0.11001065,-0.3018851,0.26784629,0.0423314,0.60304588,0.09893353,0.01290427,0.33627686,-0.13766958,-0.31076247,-0.19399732,-0.27227888,-0.29117882,-0.09833416,-0.19365978,-0.29725808,0.0950366,-0.37724069,-0.41509333,0.3020409,-0.27185938,6397000.11646126,0.13096985,0.2039336,0.11502678,-0.30418,0.26660332,0.03970829,0.60267478,0.0992269,0.01127328,0.33613363,-0.14191635,-0.30899024,-0.185432,-0.27010021,-0.29265237,-0.09535383,-0.19262819,-0.29487044,0.09782355,-0.37719753,-0.41405323,0.29846391,-0.2600278,6398000.11764588,0.12996186,0.20457526,0.11747295,-0.30522725,0.26949766,0.04414563,0.60563105,0.09912974,0.00778435,0.33363461,-0.13727695,-0.30559891,-0.18025081,-0.2718994,-0.29177579,-0.10104606,-0.20163566,-0.29750177,0.10189207,-0.37489653,-0.412027,0.30028838,-0.25864303,6399000.12009377,0.13222304,0.20780301,0.11879217,-0.30544117,0.26839516,0.03995901,0.60387117,0.09801675,0.00644881,0.33962387,-0.13669729,-0.30356315,-0.18814185,-0.27321431,-0.29150522,-0.09198036,-0.19517477,-0.29429439,0.10053015,-0.37159428,-0.40944818,0.30317748,-0.2546443,6400000.11938453,0.12845102,0.20386635,0.11570583,-0.29994544,0.26775479,0.03918333,0.59808171,0.09962031,0.01083411,0.33469224,-0.13334262,-0.29791641,-0.18283787,-0.27496147,-0.28982848,-0.09292126,-0.20942613,-0.29467472,0.09844485,-0.36209306,-0.40467131,0.30207229,-0.26268205,6401000.11785406,0.13187216,0.20034868,0.11074459,-0.29179707,0.26348224,0.04683327,0.60057181,0.10101182,0.02143475,0.33777744,-0.12277204,-0.30149597,-0.17927296,-0.26859292,-0.2868849,-0.08651522,-0.19921307,-0.29306349,0.09759708,-0.37124225,-0.4040488,0.30231145,-0.25338274,6402000.11916795,0.13078929,0.20325305,0.1131978,-0.29290375,0.26451018,0.04768552,0.60101146,0.10119883,0.01858962,0.33981785,-0.12920879,-0.29141092,-0.1764667,-0.2689383,-0.28887334,-0.08514285,-0.19388244,-0.29326612,0.10107158,-0.37537241,-0.40636736,0.30105162,-0.25285932,6403000.117914,0.13130844,0.20380883,0.11604166,-0.29712978,0.2639606,0.04142176,0.60322869,0.10317415,0.01510702,0.33777702,-0.12309501,-0.30476677,-0.17393906,-0.27140471,-0.28901029,-0.08390473,-0.18456054,-0.29197666,0.09741734,-0.3735407,-0.40647477,0.29934204,-0.25939125,6404000.1185881,0.13566861,0.20641501,0.11523813,-0.29796028,0.2667262,0.04413502,0.60260898,0.10239257,0.01617055,0.33407867,-0.12535653,-0.30099878,-0.17202334,-0.27320343,-0.289617,-0.08109431,-0.19393021,-0.29474121,0.0968292,-0.37303334,-0.40641025,0.30003756,-0.25684571,6405000.11725632,0.13467701,0.20497748,0.11663753,-0.29833022,0.26527232,0.04453306,0.60166007,0.10109441,0.01427958,0.33739349,-0.12288475,-0.30464289,-0.16977318,-0.26863056,-0.28814301,-0.08078653,-0.18693987,-0.29635382,0.09742381,-0.36674473,-0.40443176,0.30025595,-0.25653377,6406000.12193742,0.14019746,0.20608832,0.11901696,-0.29995435,0.26741761,0.04146974,0.60164034,0.10053333,0.01194654,0.34372956,-0.13104247,-0.30787855,-0.16654581,-0.27159882,-0.28911769,-0.08282156,-0.1864423,-0.2905477,0.10744731,-0.36769006,-0.40366647,0.30967298,-0.25906062,6407000.12189414,0.1394335,0.20373981,0.12163799,-0.30220795,0.26817852,0.04492561,0.60115552,0.10070009,0.00963607,0.34367797,-0.1227747,-0.30348611,-0.1638907,-0.27404788,-0.28864625,-0.08170173,-0.18083957,-0.29644138,0.104803,-0.35828567,-0.39983088,0.31177217,-0.25245056,6408000.12114952,0.13647842,0.20607693,0.11972143,-0.29850194,0.27122846,0.04647624,0.59977925,0.10336331,0.01217816,0.33711821,-0.1167437,-0.29258612,-0.17136182,-0.27384651,-0.28799108,-0.07973855,-0.19038068,-0.29071385,0.10552888,-0.36183921,-0.39724991,0.30722061,-0.24346344,6409000.11877927,0.13546161,0.19901772,0.1139238,-0.28353891,0.26938078,0.04935519,0.59837842,0.10467619,0.02503872,0.33744061,-0.10840188,-0.28928429,-0.15938707,-0.27096298,-0.28502196,-0.07759934,-0.19994527,-0.28981072,0.10534499,-0.35948819,-0.39508903,0.31017742,-0.24732059,6410000.11784511,0.1365696,0.20113418,0.11441963,-0.28708568,0.26766434,0.04861095,0.60129023,0.10628694,0.02465317,0.34977022,-0.1044315,-0.28115594,-0.14937723,-0.26906994,-0.28344348,-0.07399157,-0.1849295,-0.29264855,0.1015962,-0.35960221,-0.39672449,0.29962513,-0.25333565,6411000.12082915,0.13543697,0.20280467,0.12027214,-0.29010209,0.26800346,0.04685374,0.60158044,0.10532632,0.02009607,0.34789559,-0.10871241,-0.28798634,-0.14609852,-0.26848376,-0.28424808,-0.07173949,-0.18481955,-0.29026413,0.09787673,-0.36585736,-0.39849097,0.30545053,-0.25072286,6412000.12024896,0.13799496,0.20303991,0.11975747,-0.28874862,0.26738185,0.04105832,0.6020993,0.10522904,0.02009526,0.34330219,-0.10642667,-0.28578198,-0.15225831,-0.26892844,-0.28530744,-0.06829399,-0.18169904,-0.28977597,0.10532204,-0.37065142,-0.39742097,0.30946597,-0.24893282,6413000.12107992,0.13870957,0.202162,0.12015944,-0.29066521,0.26738185,0.04994452,0.60509866,0.10741986,0.01945535,0.3440302,-0.10798015,-0.29263017,-0.15257411,-0.26651302,-0.28193274,-0.06967469,-0.17319775,-0.28925163,0.10602354,-0.36035362,-0.39766923,0.30708441,-0.24515958,6414000.12352289,0.14421812,0.20526706,0.12561557,-0.29269657,0.26810679,0.04728565,0.59952527,0.10626552,0.01628262,0.34638897,-0.10458782,-0.27958891,-0.15065329,-0.26724213,-0.2825326,-0.06647978,-0.18359521,-0.2918759,0.10241062,-0.35771111,-0.39669642,0.31116411,-0.2475742,6415000.12215395,0.14414468,0.20775394,0.12753142,-0.2955716,0.26642162,0.04556846,0.59915376,0.10855366,0.01456989,0.34508368,-0.10461087,-0.28045636,-0.14697936,-0.26843759,-0.2795088,-0.06731651,-0.177489,-0.29246417,0.10938957,-0.35323754,-0.39339364,0.31161746,-0.24151886,6416000.12289013,0.14379948,0.2073347,0.12704162,-0.29776913,0.27293304,0.04962973,0.6003235,0.1086477,0.01375533,0.3373569,-0.10462581,-0.28320742,-0.13588633,-0.26695123,-0.28047609,-0.06537115,-0.16948122,-0.2949895,0.10590544,-0.34919214,-0.39334935,0.31686661,-0.23872383,6417000.12022343,0.14486298,0.2056015,0.12086155,-0.28225517,0.27445665,0.05701729,0.60183001,0.1100793,0.02594418,0.34615225,-0.09212279,-0.27863687,-0.13990694,-0.26670849,-0.27824354,-0.06510528,-0.16691604,-0.29098964,0.10951552,-0.3516565,-0.38903561,0.31226155,-0.23491083,6418000.11936709,0.14150079,0.20288917,0.11866325,-0.27920431,0.27099922,0.05525332,0.60205352,0.11011802,0.03050504,0.34891629,-0.08705123,-0.26382247,-0.133477,-0.26750368,-0.27920711,-0.06046256,-0.17921941,-0.28912506,0.10753036,-0.35196051,-0.3908928,0.31384414,-0.23545301,6419000.12370397,0.14378048,0.2042439,0.12041719,-0.2841534,0.27086374,0.05081386,0.59915799,0.10937933,0.02584618,0.34568894,-0.08863115,-0.27190274,-0.12865578,-0.2637817,-0.27699104,-0.05939345,-0.16425651,-0.28880829,0.10141504,-0.3523182,-0.39446563,0.3089036,-0.24621187,6420000.12113214,0.14382792,0.20559016,0.12112503,-0.27961978,0.27196589,0.04873953,0.60040718,0.10921779,0.02381683,0.33898377,-0.08907446,-0.27359462,-0.13024211,-0.26402891,-0.27689871,-0.05866059,-0.16420428,-0.29344192,0.11301642,-0.34735101,-0.3952066,0.31360424,-0.24437404,6421000.12516131,0.14589095,0.20700094,0.12360451,-0.28547147,0.27123499,0.05054247,0.60266107,0.11014645,0.02390634,0.35047179,-0.08847852,-0.27517685,-0.13201533,-0.25998321,-0.27530256,-0.05359972,-0.16414653,-0.29388487,0.11041646,-0.35037011,-0.39369303,0.31655607,-0.24119797,6422000.12638409,0.14878003,0.20870192,0.12735982,-0.28338239,0.2736131,0.05374685,0.60288328,0.11187728,0.02178742,0.35118079,-0.0954671,-0.26807573,-0.12997912,-0.25971267,-0.27419668,-0.05045494,-0.16439614,-0.29367432,0.12025513,-0.34112352,-0.39322639,0.31736687,-0.23713052,6423000.12553452,0.14978731,0.21154539,0.12784193,-0.28924727,0.27583501,0.05276882,0.60123003,0.11005691,0.01928109,0.34484181,-0.09431683,-0.25762969,-0.12672801,-0.26443267,-0.27309203,-0.05151744,-0.1631386,-0.28988907,0.12082157,-0.34077978,-0.39348471,0.32011688,-0.23003428,6424000.12576017,0.15317379,0.21177694,0.13245183,-0.28436759,0.27499735,0.05046673,0.60002029,0.11054553,0.01718811,0.34728983,-0.09661935,-0.26109958,-0.13433114,-0.26227126,-0.27435672,-0.05077359,-0.16012904,-0.2942706,0.12079925,-0.34128225,-0.39171275,0.32107776,-0.2360604,6425000.1255942,0.14764543,0.20865852,0.13134471,-0.280608,0.27467498,0.05741446,0.59650224,0.10983805,0.01913684,0.34843567,-0.09108703,-0.26591551,-0.1323739,-0.2604098,-0.27390423,-0.05208077,-0.15403113,-0.28856716,0.12411357,-0.33715317,-0.38916895,0.31706989,-0.2286472,6426000.12141784,0.15107204,0.20651789,0.12479162,-0.27126867,0.27392626,0.06334681,0.59929293,0.11548904,0.03216727,0.34705186,-0.07784949,-0.26196665,-0.12812771,-0.255557,-0.27220947,-0.04540689,-0.16162156,-0.2881918,0.11905196,-0.33326676,-0.38901004,0.31950995,-0.22450729,6427000.12306362,0.15475282,0.20850028,0.12586227,-0.27079904,0.27052608,0.0587222,0.60365939,0.11471461,0.03062881,0.36116821,-0.07546028,-0.25915515,-0.12201605,-0.25296512,-0.2721355,-0.04797341,-0.1474442,-0.28849414,0.11491291,-0.32968703,-0.39061952,0.31360424,-0.2352137,6428000.12172068,0.14961612,0.20730092,0.12752375,-0.27476558,0.27145067,0.05773234,0.60144293,0.11388534,0.02610566,0.35471913,-0.08287494,-0.25491214,-0.12687863,-0.25887141,-0.27200931,-0.04883347,-0.15691778,-0.29002243,0.1170778,-0.33446091,-0.39137685,0.32027912,-0.24258858,6429000.12374827,0.15146814,0.20841272,0.12934707,-0.27379385,0.27239248,0.0556086,0.60450977,0.11568769,0.02626455,0.35489598,-0.08044907,-0.25704178,-0.12717633,-0.25796318,-0.27193284,-0.04667516,-0.15182759,-0.28874376,0.12089224,-0.33571011,-0.39310199,0.32117021,-0.24023969,6430000.12558599,0.15335386,0.20712236,0.12753861,-0.27805397,0.27417171,0.05747464,0.60446316,0.11505038,0.02502036,0.35156229,-0.08158277,-0.26357886,-0.12089325,-0.25486505,-0.27143487,-0.04374499,-0.13581014,-0.28566924,0.12166206,-0.33654913,-0.39310774,0.32008362,-0.22815987,6431000.12605366,0.15652473,0.20987846,0.13166793,-0.27674207,0.27404353,0.05476435,0.60378557,0.11444841,0.02236782,0.36142412,-0.0871002,-0.25426313,-0.11711366,-0.25412652,-0.27098909,-0.04409209,-0.15149663,-0.29230952,0.12198326,-0.33395237,-0.39274848,0.31724513,-0.22296043,6432000.12719055,0.15401505,0.21081483,0.13531278,-0.27945,0.28075403,0.05921772,0.60179895,0.11404677,0.02006345,0.3531796,-0.08699448,-0.25588179,-0.12450455,-0.25340539,-0.27059671,-0.04563005,-0.15271527,-0.29087967,0.12291588,-0.3390353,-0.39161164,0.31922707,-0.23098138,6433000.13002747,0.15642367,0.21351539,0.13427001,-0.27773443,0.28167647,0.06109194,0.59898347,0.11711252,0.01929178,0.34739459,-0.08454854,-0.25894374,-0.12381483,-0.24968627,-0.27011934,-0.04380123,-0.14373091,-0.28809145,0.12950361,-0.3283079,-0.39045155,0.32183918,-0.22833899,6434000.12439669,0.15517479,0.2047354,0.12770632,-0.2654351,0.27487698,0.05738065,0.60240763,0.11660033,0.03080005,0.34384024,-0.07642526,-0.25612772,-0.11978168,-0.25337675,-0.26761726,-0.03951445,-0.14283226,-0.28920165,0.12365182,-0.32181883,-0.38718706,0.32044804,-0.23005091,6435000.1244664,0.15142331,0.2067114,0.12876235,-0.26508412,0.27669808,0.06110257,0.60028917,0.11817603,0.03341537,0.3654404,-0.07710612,-0.25260264,-0.11608716,-0.24907339,-0.26699224,-0.03429163,-0.1411657,-0.288371,0.12362841,-0.32636201,-0.38781637,0.32291928,-0.22777672,6436000.12437195,0.15499291,0.2107705,0.12961726,-0.26834452,0.27791184,0.06130087,0.60096186,0.11720392,0.02972278,0.35015014,-0.07224213,-0.25579292,-0.1194413,-0.25014547,-0.2669335,-0.03421711,-0.13189612,-0.28969899,0.12477253,-0.32200807,-0.39036673,0.31646153,-0.22810045,6437000.12612347,0.15225776,0.21038555,0.13013227,-0.26802531,0.27467093,0.0532211,0.60284364,0.11815915,0.02726029,0.35206136,-0.07679183,-0.25132883,-0.12083524,-0.2507048,-0.2677907,-0.03726345,-0.14298159,-0.2902509,0.12117876,-0.3237105,-0.39175308,0.31779656,-0.23605609,6438000.1268948,0.15497503,0.21190932,0.1321359,-0.26863998,0.27609348,0.06001962,0.60245758,0.1176362,0.02779149,0.35985181,-0.07722788,-0.25108871,-0.11969392,-0.2482063,-0.26797247,-0.03590847,-0.13302532,-0.28574753,0.12313224,-0.32199615,-0.39182815,0.32233819,-0.23096497,6439000.1276073,0.15686072,0.21138385,0.13486436,-0.26931542,0.27490082,0.06021366,0.60051697,0.11852676,0.02610667,0.35012138,-0.07716937,-0.25918737,-0.11483564,-0.24836229,-0.266496,-0.03969374,-0.1341328,-0.28701571,0.12363764,-0.33389843,-0.3916564,0.32226321,-0.23151779,6440000.12636758,0.15715535,0.2108499,0.13703862,-0.26908815,0.2769959,0.05490988,0.6030429,0.11974033,0.0225791,0.35965079,-0.08132836,-0.25314817,-0.11929552,-0.24579522,-0.26510215,-0.03470718,-0.1353709,-0.28577518,0.12133205,-0.3293024,-0.39113569,0.31996915,-0.23383684,6441000.12701565,0.16128729,0.21025021,0.13358848,-0.26697624,0.28083622,0.06011871,0.59999818,0.11636319,0.02419011,0.35353249,-0.0734164,-0.24568704,-0.11867685,-0.25007424,-0.26792893,-0.03459958,-0.14512075,-0.28730237,0.11930557,-0.31808135,-0.38823763,0.32382476,-0.22621664,6442000.12420609,0.15766408,0.20790647,0.12737088,-0.25898796,0.27425694,0.05922972,0.59859335,0.11790449,0.03695923,0.35180154,-0.06861529,-0.24341521,-0.11028292,-0.24897528,-0.26361942,-0.03822902,-0.12565003,-0.28585362,0.123925,-0.32037628,-0.38824683,0.32613626,-0.23072565,6443000.12349664,0.1582361,0.20612532,0.12924837,-0.2642895,0.27734315,0.06532885,0.60479963,0.11939739,0.03341426,0.35759875,-0.07091569,-0.25657928,-0.10890602,-0.24971507,-0.26294956,-0.03591218,-0.1338883,-0.28952914,0.12759614,-0.32540679,-0.39046106,0.31399217,-0.23464736,6444000.12653185,0.15876846,0.21191372,0.13142684,-0.26156536,0.27753231,0.06496755,0.60197943,0.11896823,0.03056159,0.35720521,-0.0702702,-0.24414079,-0.11120761,-0.24961881,-0.26418447,-0.03671268,-0.13895188,-0.28711784,0.12527514,-0.31451684,-0.39099866,0.31504267,-0.23184064,6445000.12848403,0.16110907,0.21332879,0.13108659,-0.2621108,0.27640745,0.06051078,0.60194302,0.11782027,0.03015811,0.35558996,-0.06836091,-0.25095201,-0.11304704,-0.2456758,-0.26236367,-0.03764233,-0.1296455,-0.28397489,0.12623177,-0.3193202,-0.3915602,0.31782997,-0.23303522,6446000.12649696,0.16565785,0.21138385,0.13336003,-0.26575717,0.27616203,0.0626442,0.60041714,0.11829543,0.02894725,0.35888058,-0.07224744,-0.24740115,-0.11085737,-0.24947767,-0.26081637,-0.03228792,-0.13622507,-0.28462315,0.12756056,-0.31503132,-0.39227638,0.32291928,-0.23385219,6447000.12908415,0.16473977,0.21043848,0.13540649,-0.26778555,0.27610537,0.06008108,0.60051388,0.11676756,0.02688826,0.35435987,-0.07334658,-0.24880137,-0.10780096,-0.24753435,-0.26344219,-0.03230909,-0.13150015,-0.2848402,0.12319478,-0.31612301,-0.39102477,0.31967905,-0.22828239,6448000.12923223,0.16664624,0.21396309,0.13667683,-0.26638249,0.2804516,0.06121973,0.60004169,0.11688169,0.02464287,0.35111374,-0.07056156,-0.2624082,-0.10878611,-0.24809986,-0.26233611,-0.03603344,-0.13169207,-0.28088006,0.12011836,-0.31442839,-0.38829845,0.3232592,-0.22438227,6449000.12599185,0.16126008,0.20919195,0.13037692,-0.25368032,0.27565795,0.06804244,0.59824109,0.1175912,0.0323377,0.35666257,-0.06622985,-0.24532461,-0.10886174,-0.24477544,-0.2612907,-0.03725586,-0.1305452,-0.28580981,0.12580828,-0.31508946,-0.38746348,0.32206702,-0.22719944,6450000.12583606,0.16111714,0.20447935,0.12466661,-0.25139835,0.27168068,0.06926855,0.59822911,0.11950427,0.03922039,0.36110723,-0.06760795,-0.23154341,-0.11402377,-0.24660373,-0.26109391,-0.0333498,-0.13505054,-0.28296167,0.1275599,-0.3177799,-0.38824469,0.31942785,-0.22906387,6451000.1253005,0.16279177,0.20868625,0.12984782,-0.25681978,0.27785942,0.06891959,0.60072798,0.11850678,0.03591867,0.35243842,-0.0674241,-0.25348192,-0.11631335,-0.24381956,-0.26094484,-0.03134695,-0.13705249,-0.28330609,0.12491401,-0.32014096,-0.39128917,0.31706032,-0.23533766,6452000.12537007,0.1628883,0.21239096,0.12952612,-0.25856709,0.2735118,0.06743947,0.60517579,0.11767209,0.03299624,0.36133447,-0.06941592,-0.24719241,-0.11389825,-0.24787481,-0.26204553,-0.03247367,-0.1370558,-0.28435901,0.12806928,-0.31865522,-0.39365286,0.32974097,-0.23794165,6453000.12544809,0.16419572,0.21153675,0.13159208,-0.25737709,0.27829835,0.06501926,0.6010471,0.11919078,0.03261278,0.35853547,-0.06799176,-0.25596672,-0.11968867,-0.25078884,-0.26233298,-0.03608385,-0.13455454,-0.29018527,0.12689292,-0.32191777,-0.39479256,0.32348019,-0.23473887,6454000.12615836,0.16523831,0.20601346,0.13553269,-0.26301378,0.27491719,0.06656586,0.60338503,0.11672126,0.02959767,0.35299253,-0.0737578,-0.25595179,-0.11668867,-0.25048673,-0.26149803,-0.03656261,-0.12828466,-0.28475505,0.12184368,-0.32449293,-0.39474854,0.32245314,-0.22786029,6455000.12927522,0.16167897,0.20906369,0.13737369,-0.26518759,0.27712086,0.06748086,0.59980404,0.11586849,0.02772961,0.34916642,-0.07522354,-0.25052547,-0.1135583,-0.24823593,-0.26067606,-0.04040907,-0.13452186,-0.28813177,0.12687698,-0.32139575,-0.39359567,0.32227048,-0.23070079,6456000.12921293,0.16488612,0.21099868,0.13509889,-0.25856504,0.27594411,0.06386015,0.59925175,0.11744621,0.02758937,0.35806954,-0.07253326,-0.26012859,-0.1143145,-0.24775787,-0.26122743,-0.03579094,-0.13369498,-0.28665242,0.12687773,-0.31785792,-0.39327854,0.32107472,-0.2288781,6457000.12428395,0.16529579,0.20430122,0.12803157,-0.24965276,0.27492923,0.07216536,0.59763891,0.11685888,0.03884124,0.35682455,-0.0656449,-0.26129386,-0.11808032,-0.24748898,-0.25937897,-0.03479397,-0.13107966,-0.28777462,0.12661999,-0.31423184,-0.39149499,0.31868064,-0.23220345,6458000.12452783,0.16024689,0.20507376,0.12571888,-0.24775007,0.27026176,0.07054562,0.60353523,0.11814828,0.03949767,0.3567642,-0.06763726,-0.24930291,-0.11174889,-0.24557883,-0.25977042,-0.04090426,-0.13685311,-0.28723878,0.1250449,-0.31218398,-0.3944537,0.31645837,-0.23452754,6459000.12167723,0.16148201,0.21010634,0.12988421,-0.25319171,0.27348322,0.06861787,0.60151595,0.11871003,0.03388449,0.35326847,-0.06877263,-0.25670367,-0.11934102,-0.24588472,-0.26129004,-0.0363692,-0.13728508,-0.28675574,0.12352638,-0.32147735,-0.39732504,0.31668553,-0.23098394,6460000.12163377,0.16101958,0.21031228,0.13062671,-0.25709191,0.26999554,0.06750484,0.60281509,0.11787868,0.03210669,0.34770653,-0.0759595,-0.26275167,-0.11749455,-0.25035924,-0.26207742,-0.03529979,-0.12505764,-0.28580567,0.12895946,-0.31857747,-0.39781904,0.32124457,-0.24053307,6461000.12250887,0.16097207,0.21030892,0.13014033,-0.25936508,0.26932019,0.06719912,0.59943128,0.11552027,0.03140354,0.35526326,-0.07413622,-0.26338789,-0.11604098,-0.24910158,-0.26191312,-0.04139639,-0.13489936,-0.2896001,0.12294815,-0.32180887,-0.399685,0.32439202,-0.24070989,6462000.12383503,0.16168432,0.21348217,0.13091563,-0.2618416,0.27066949,0.0646955,0.60045975,0.11649419,0.02989172,0.35483572,-0.07440343,-0.25741038,-0.11787523,-0.24819855,-0.26280603,-0.04233518,-0.13892356,-0.29028103,0.12293075,-0.32032606,-0.39849222,0.32533991,-0.2349477,6463000.12497985,0.16604871,0.21124704,0.13459574,-0.26176661,0.27502197,0.06339587,0.60145617,0.11629295,0.02659719,0.35549945,-0.08169284,-0.26461783,-0.11897915,-0.25151762,-0.2635932,-0.04294534,-0.13011384,-0.28776887,0.12731038,-0.32105061,-0.3981511,0.32783532,-0.23907255,6464000.12931025,0.16359892,0.21206678,0.13531278,-0.26171264,0.27550125,0.05895674,0.59775376,0.11532257,0.02609531,0.35728636,-0.08092685,-0.26482347,-0.12182874,-0.24858983,-0.26170877,-0.03880255,-0.13935682,-0.28773132,0.12527254,-0.31945392,-0.39614341,0.32094082,-0.23332641,6465000.12328805,0.1587176,0.20478065,0.12755337,-0.2516745,0.27174988,0.07120639,0.5992043,0.1164512,0.03864389,0.33869395,-0.06903684,-0.26303011,-0.11995257,-0.24796847,-0.2626096,-0.04161783,-0.13308752,-0.28747037,0.11686095,-0.32167572,-0.39638466,0.3173013,-0.23343858,6466000.12212794,0.16088887,0.20672594,0.12592974,-0.25452927,0.27371153,0.06852686,0.60238117,0.11811538,0.03934798,0.34722808,-0.07045909,-0.26312822,-0.12445577,-0.24375765,-0.26412606,-0.04200291,-0.13031471,-0.28529102,0.12096857,-0.32065591,-0.3979505,0.31789452,-0.23434153,6467000.12204136,0.15928845,0.20981571,0.1287692,-0.25663608,0.27220044,0.06758191,0.60086685,0.11927382,0.03490297,0.34400007,-0.07470691,-0.26670948,-0.12448379,-0.24938646,-0.26377407,-0.0426607,-0.1270543,-0.28652301,0.12046291,-0.32014182,-0.40212184,0.3218753,-0.24159984,6468000.12269956,0.15845843,0.20881364,0.12970518,-0.25942501,0.27171892,0.067995,0.6023947,0.11630345,0.03421665,0.35278943,-0.07853969,-0.27601877,-0.12327998,-0.25257024,-0.26491413,-0.0407755,-0.12935974,-0.28846553,0.11757863,-0.32637727,-0.40373719,0.31869125,-0.24047492,6469000.12425923,0.15954724,0.21063633,0.13083518,-0.25780037,0.27461827,0.06614413,0.60593641,0.1161987,0.03268581,0.35902551,-0.07842986,-0.2623941,-0.12741502,-0.24742833,-0.26405349,-0.04103907,-0.14329609,-0.28472677,0.13180394,-0.32722589,-0.40284654,0.31881449,-0.22948967,6470000.12441508,0.16227868,0.21007602,0.13000865,-0.26034513,0.27363947,0.06281176,0.60452336,0.11522212,0.02940493,0.34993401,-0.0797876,-0.26736933,-0.12366985,-0.2552613,-0.26489043,-0.04294313,-0.14925925,-0.28819579,0.12751731,-0.3346017,-0.4030022,0.32102102,-0.23401521,6471000.12902193,0.16464929,0.20948555,0.13507797,-0.25991032,0.27472347,0.06654945,0.6009295,0.11446413,0.02776399,0.33791402,-0.07907615,-0.27532053,-0.12901682,-0.25257993,-0.26579592,-0.04329925,-0.14175859,-0.28906199,0.12114098,-0.33102071,-0.40205535,0.31211033,-0.23014425,6472000.12804778,0.15944237,0.20833865,0.13205044,-0.26138029,0.27573496,0.06720572,0.60131794,0.11275195,0.03120507,0.34100601,-0.07398367,-0.26225889,-0.12853865,-0.24918827,-0.26542813,-0.04260892,-0.14615631,-0.28937659,0.11682129,-0.32548305,-0.40091947,0.31604448,-0.23361129,6473000.12274127,0.15667298,0.20170273,0.1258923,-0.25355178,0.2709524,0.0720111,0.60156506,0.11733282,0.04187794,0.35149485,-0.07184555,-0.26279169,-0.1264721,-0.24849111,-0.26192898,-0.04901944,-0.13662876,-0.28989422,0.12217753,-0.32715261,-0.40119311,0.32520464,-0.2342388,6474000.12050907,0.15810746,0.20731547,0.12754156,-0.25353503,0.27049357,0.07472912,0.60083467,0.11554333,0.03989587,0.35145044,-0.07009729,-0.26920488,-0.1262916,-0.25440627,-0.26525936,-0.04612338,-0.14991516,-0.28917694,0.12628351,-0.32948899,-0.40270039,0.31980103,-0.23901451,6475000.12098502,0.16151723,0.21046387,0.12965409,-0.25433403,0.27362278,0.06702217,0.59992212,0.11461339,0.03646556,0.34879112,-0.07002118,-0.27227569,-0.12721354,-0.25324851,-0.26752365,-0.04515278,-0.13311307,-0.28965881,0.12373257,-0.33285683,-0.40537593,0.31684214,-0.24368009,6476000.1241117,0.15935126,0.20681618,0.12724975,-0.25851107,0.27134514,0.07173673,0.6010921,0.11683089,0.03612508,0.34895417,-0.07854621,-0.26376009,-0.12974307,-0.25415435,-0.26634362,-0.04901509,-0.13122395,-0.28712031,0.12098518,-0.32821968,-0.4065868,0.32273448,-0.24827084,6477000.12274277,0.15641007,0.20634468,0.12663633,-0.25994644,0.27239248,0.06850004,0.59793794,0.1132651,0.03494932,0.34209859,-0.07558894,-0.27025577,-0.12449303,-0.25464183,-0.26618758,-0.04743962,-0.14757027,-0.28637555,0.11834749,-0.32948905,-0.40716034,0.32068756,-0.24088924,6478000.1246586,0.16155143,0.20619677,0.12916799,-0.26076365,0.27322927,0.06649423,0.60175335,0.11657954,0.03330268,0.34940389,-0.07395048,-0.27217686,-0.12914909,-0.2579506,-0.26924199,-0.04597028,-0.14886272,-0.29136354,0.12009346,-0.33046666,-0.40631998,0.31822526,-0.22962315,6479000.12759925,0.16037087,0.21192586,0.13265108,-0.25856489,0.27100509,0.06775627,0.59997922,0.1141837,0.03142755,0.3456032,-0.07649204,-0.2688753,-0.1302989,-0.25835884,-0.26858303,-0.04677308,-0.13892053,-0.28970009,0.11971611,-0.32781485,-0.40578061,0.32036719,-0.23548408,6480000.12412822,0.15928659,0.20654237,0.12863065,-0.2522257,0.27269137,0.06817174,0.59664994,0.11244387,0.03894404,0.34588391,-0.06804056,-0.27277294,-0.12851049,-0.25675225,-0.26738113,-0.04903929,-0.15348953,-0.29210988,0.11859084,-0.32444155,-0.40272793,0.32089281,-0.22707576,6481000.12295008,0.15360403,0.20446436,0.12404098,-0.25172248,0.27020726,0.07547951,0.59717476,0.11484699,0.0474961,0.34962764,-0.06564247,-0.26852682,-0.12252221,-0.25836581,-0.2681343,-0.0468468,-0.14299263,-0.29085067,0.12257399,-0.32865477,-0.40376419,0.32270095,-0.23985732,6482000.12315015,0.15790844,0.20637695,0.1264779,-0.2518743,0.27237579,0.07389325,0.60172975,0.11703501,0.04459478,0.34871456,-0.06704502,-0.26405263,-0.1347034,-0.26168591,-0.26870775,-0.04809418,-0.144411,-0.29389939,0.11753435,-0.33842126,-0.40553549,0.31933168,-0.24465261,6483000.124745,0.15919979,0.20470354,0.12678464,-0.25229311,0.27420446,0.06922764,0.5981676,0.11781169,0.04051602,0.34179223,-0.06906648,-0.26581573,-0.13196321,-0.25859088,-0.26976699,-0.04533706,-0.15125325,-0.29479626,0.11638943,-0.33546776,-0.40932241,0.32464275,-0.24509481,6484000.12450261,0.15793595,0.20822899,0.1264779,-0.25454935,0.26875111,0.07295389,0.60073566,0.11683089,0.04157769,0.3446587,-0.071494,-0.27280909,-0.1359527,-0.25819603,-0.27027062,-0.04494951,-0.14375457,-0.29276305,0.11501653,-0.33353606,-0.41017681,0.32123935,-0.24718204,6485000.12482297,0.16050203,0.20663814,0.12899253,-0.25915992,0.27173582,0.0709758,0.6027106,0.1143695,0.04025896,0.34320414,-0.06876613,-0.27694598,-0.13168563,-0.25948262,-0.26937705,-0.04647554,-0.14871344,-0.28895375,0.1151487,-0.33714113,-0.40902761,0.32125601,-0.24927653,6486000.12439834,0.15656659,0.20725524,0.13339865,-0.26012111,0.27708909,0.07317703,0.59619212,0.11516661,0.03781765,0.34918913,-0.0695128,-0.2771509,-0.13139474,-0.26318327,-0.27139223,-0.04465196,-0.14711197,-0.29262328,0.11767412,-0.32746553,-0.40936297,0.31895471,-0.24556327,6487000.12687868,0.15849721,0.21201359,0.1367043,-0.2566089,0.27420446,0.07173362,0.5936895,0.11635897,0.03739027,0.34101355,-0.06866627,-0.2600975,-0.13002741,-0.26021206,-0.27168927,-0.04903471,-0.15337747,-0.29214805,0.12456056,-0.33015472,-0.40760833,0.31271535,-0.23840861,6488000.1223091,0.15591401,0.20833223,0.12701686,-0.2472205,0.27267155,0.07337798,0.59730351,0.11619243,0.04589495,0.33784768,-0.06287729,-0.26249188,-0.14308998,-0.26514184,-0.26953211,-0.04888285,-0.15465119,-0.2912519,0.11708995,-0.33394456,-0.40578452,0.31352335,-0.23428904,6489000.12018875,0.15523258,0.20646253,0.125008,-0.24207591,0.26946044,0.07680546,0.59905928,0.11630513,0.05241143,0.34832647,-0.0545085,-0.26828775,-0.13943827,-0.26346982,-0.26906621,-0.04539486,-0.15405956,-0.29083073,0.10971272,-0.33460075,-0.40773574,0.31487468,-0.24894466,6490000.12444154,0.15768148,0.20693845,0.12721971,-0.25146538,0.27244768,0.07094315,0.59933603,0.11514519,0.04730299,0.34942093,-0.06029635,-0.26921254,-0.13851881,-0.25893593,-0.27236301,-0.04586894,-0.15441652,-0.29551414,0.11337026,-0.33925745,-0.410851,0.31691667,-0.24890313,6491000.12217984,0.15695098,0.20720218,0.12770511,-0.24973805,0.27233982,0.07528272,0.60119271,0.11559325,0.04506376,0.34173444,-0.06268112,-0.26705262,-0.13620682,-0.26026425,-0.27155209,-0.04671204,-0.14180969,-0.29210517,0.11346089,-0.3393259,-0.41317454,0.32087439,-0.25060201,6492000.12065545,0.15290204,0.20608339,0.1283517,-0.25081158,0.27097142,0.0732492,0.59824854,0.11526109,0.04487726,0.3411634,-0.06626076,-0.27998942,-0.13772035,-0.26594335,-0.27139959,-0.04845048,-0.14803538,-0.29214287,0.11650449,-0.33945408,-0.41465577,0.31841546,-0.2514829,6493000.1238524,0.15547395,0.20899481,0.12830128,-0.25304341,0.26813015,0.06797013,0.60161078,0.11702388,0.04322942,0.35347891,-0.06691732,-0.27553487,-0.13873021,-0.26116228,-0.2723577,-0.04454142,-0.15468989,-0.29603156,0.11796579,-0.33764234,-0.41435948,0.31579852,-0.25437173,6494000.12495366,0.15709049,0.20740329,0.13349816,-0.25481015,0.26988828,0.07262056,0.60060841,0.11630501,0.04168698,0.35086524,-0.06697529,-0.26713735,-0.13324976,-0.2629154,-0.27448219,-0.0441461,-0.15499152,-0.2979674,0.11574397,-0.3364386,-0.41419429,0.31989586,-0.24126308,6495000.12445933,0.16342843,0.2121356,0.13557357,-0.25400072,0.27082783,0.0744329,0.59707433,0.11457317,0.04013031,0.34382886,-0.06826424,-0.27320212,-0.14009719,-0.26270923,-0.27341244,-0.04520297,-0.15739247,-0.30157384,0.11534701,-0.33804342,-0.41185871,0.32099357,-0.24973418,6496000.12548953,0.15944488,0.20963067,0.12845151,-0.24561869,0.26992035,0.07298364,0.60287988,0.1154395,0.04547808,0.34375224,-0.06055639,-0.27612001,-0.13628213,-0.26574445,-0.27353033,-0.04893315,-0.1509504,-0.29891533,0.11976105,-0.329799,-0.41087669,0.31755725,-0.24741288,6497000.12011964,0.15125231,0.20290841,0.12516883,-0.24116839,0.27287176,0.07878054,0.60075164,0.11828108,0.05398212,0.34817025,-0.0548524,-0.26829472,-0.13576962,-0.26290721,-0.27186775,-0.04811784,-0.14810516,-0.29707685,0.12035369,-0.33418348,-0.41280067,0.32162413,-0.24608728,6498000.12139181,0.15310815,0.20361741,0.12651052,-0.24695529,0.26971084,0.07714111,0.59863377,0.11887925,0.05026713,0.34895405,-0.06098732,-0.27138084,-0.13857651,-0.25752497,-0.27424476,-0.04658294,-0.15745437,-0.30057666,0.11570201,-0.34039798,-0.41594541,0.31666836,-0.2581268,6499000.11970311,0.15078494,0.20908523,0.12701093,-0.2494707,0.27187723,0.07811939,0.59862006,0.11949331,0.04620017,0.34755743,-0.05991061,-0.26933339,-0.13329004,-0.25882277,-0.27555907,-0.04474661,-0.15017609,-0.29741746,0.11693953,-0.33914325,-0.41837531,0.31412169,-0.25634483,6500000.11951268,0.15437004,0.20870344,0.12807742,-0.24900843,0.26876831,0.07636236,0.59886515,0.11989067,0.04627772,0.35337839,-0.06168967,-0.26763505,-0.14223091,-0.26102597,-0.27767444,-0.05049784,-0.14146714,-0.30210516,0.11783291,-0.34708568,-0.42006943,0.31889027,-0.24713399,6501000.12104537,0.15941618,0.20805326,0.12860824,-0.25384596,0.26940894,0.07722382,0.60325849,0.11817353,0.04372535,0.3496159,-0.0667276,-0.27073419,-0.14441009,-0.2643204,-0.27687007,-0.05203253,-0.15076922,-0.30342793,0.11421712,-0.33598226,-0.42032567,0.31567454,-0.2554664,6502000.12477137,0.16424516,0.21026079,0.13007452,-0.25216895,0.27340662,0.07403366,0.59879601,0.11643127,0.04124892,0.34205088,-0.06566555,-0.27228427,-0.14314528,-0.26188868,-0.2740311,-0.04961877,-0.1639775,-0.30193543,0.12089115,-0.34215921,-0.41915596,0.3200466,-0.25446033,6503000.12813711,0.15959033,0.20898923,0.13388082,-0.25507164,0.27513063,0.07393978,0.60056436,0.11725617,0.03994312,0.34857905,-0.06120424,-0.27535683,-0.14338624,-0.26359376,-0.27623051,-0.04798415,-0.15731244,-0.30211797,0.12536456,-0.34487519,-0.41625583,0.31714001,-0.25161126,6504000.1254383,0.1592788,0.21219288,0.13345408,-0.25380924,0.27523544,0.07247758,0.59962821,0.11621672,0.03950138,0.34394404,-0.06480019,-0.28244534,-0.13558002,-0.26267698,-0.27640539,-0.04726164,-0.16283205,-0.29700702,0.1129956,-0.34221849,-0.41535464,0.31843069,-0.24621026,6505000.12223125,0.15513143,0.20522419,0.12360226,-0.24225502,0.27443001,0.07508748,0.59815115,0.1190854,0.04983784,0.3337898,-0.05886284,-0.26934466,-0.13984075,-0.25832745,-0.27402166,-0.0495881,-0.16939369,-0.297553,0.11519919,-0.33824903,-0.41494176,0.31181756,-0.24162623,6506000.11751529,0.15241764,0.20623313,0.12828343,-0.24318233,0.2710242,0.07793697,0.60153377,0.12084014,0.05183792,0.34773916,-0.06033472,-0.27651179,-0.14034319,-0.25749341,-0.27342337,-0.05328802,-0.15734883,-0.30086732,0.11378192,-0.33978936,-0.41732109,0.31774646,-0.25125587,6507000.12350506,0.15805271,0.2072342,0.13086416,-0.24788728,0.27234206,0.07432134,0.59920716,0.11896011,0.04861429,0.3456777,-0.05723427,-0.26877877,-0.13960573,-0.25671992,-0.27693769,-0.04743617,-0.14913651,-0.30017766,0.12248441,-0.34964603,-0.41967463,0.31033438,-0.26393783,6508000.12433716,0.15687987,0.20323719,0.1305425,-0.25132307,0.27467093,0.07153443,0.59855688,0.11952218,0.0464947,0.34509283,-0.05623112,-0.28161165,-0.13751997,-0.25679851,-0.27598763,-0.04792995,-0.14635234,-0.29987451,0.11492599,-0.3477321,-0.42150831,0.30849248,-0.25446326,6509000.1247616,0.15539268,0.20834942,0.13154466,-0.24999467,0.27138102,0.07726035,0.601322,0.11940066,0.0451109,0.35161805,-0.06034222,-0.28538272,-0.13408242,-0.26000071,-0.27570343,-0.04954113,-0.15257674,-0.3020153,0.11670885,-0.33782315,-0.42211616,0.31453133,-0.25758293,6510000.12330604,0.1598797,0.20858544,0.13125178,-0.25492802,0.27285513,0.07350837,0.59900779,0.11779127,0.04275672,0.33988211,-0.06214536,-0.28082666,-0.13364597,-0.25648662,-0.27615106,-0.05438366,-0.15763737,-0.30136237,0.11953501,-0.34863728,-0.42087525,0.32538021,-0.25809941,6511000.12677388,0.15831988,0.20696636,0.132396,-0.25445485,0.27184126,0.07174554,0.59961087,0.12023684,0.03919443,0.34417531,-0.06103955,-0.27508059,-0.14531404,-0.25832599,-0.27586019,-0.04929599,-0.16655232,-0.30012539,0.11783233,-0.34295717,-0.41941643,0.31914964,-0.25140521,6512000.12553252,0.16079625,0.20819621,0.13361463,-0.2538355,0.27525154,0.07055413,0.59852701,0.11887179,0.03860755,0.34490383,-0.05712013,-0.27332217,-0.13757209,-0.26305377,-0.27537781,-0.05266594,-0.16814305,-0.3017123,0.11057927,-0.33307084,-0.41914931,0.31484854,-0.25307453,6513000.12317317,0.15906976,0.20551987,0.12903215,-0.24270268,0.27087787,0.07777824,0.59626693,0.11937474,0.04923381,0.35064888,-0.05452915,-0.26888853,-0.14361447,-0.25989351,-0.27382079,-0.04960119,-0.15444554,-0.30120221,0.1120003,-0.34214941,-0.41657194,0.31762892,-0.25081697,6514000.12324493,0.15522674,0.20455593,0.12702343,-0.24286427,0.27264181,0.07319305,0.59976035,0.12251566,0.05261603,0.36078885,-0.05119101,-0.27539998,-0.13555606,-0.26080364,-0.27376035,-0.04995859,-0.16804573,-0.30295125,0.11417148,-0.34749404,-0.4185828,0.32093146,-0.25092033,6515000.11994606,0.15666398,0.20990644,0.1284771,-0.25153604,0.27330133,0.07550986,0.59779394,0.1228377,0.04719339,0.35019428,-0.0541106,-0.27396131,-0.13383619,-0.25955132,-0.27486017,-0.05293938,-0.15418793,-0.30200717,0.10768768,-0.34481025,-0.42027038,0.31803137,-0.25768217,6516000.12237045,0.15824242,0.21114254,0.12992825,-0.25090703,0.27233702,0.07856556,0.59737146,0.12363042,0.0450008,0.35016596,-0.05558904,-0.27714494,-0.13571706,-0.25757828,-0.27535021,-0.05221678,-0.15344492,-0.30013937,0.10971887,-0.34830996,-0.4198724,0.32041863,-0.2670638,6517000.12390422,0.15788007,0.21126072,0.13044362,-0.25252008,0.27198255,0.07513794,0.59858787,0.1213633,0.04490046,0.34941465,-0.05780914,-0.27535623,-0.12620588,-0.26083064,-0.27485833,-0.04785062,-0.1495488,-0.3036682,0.1117725,-0.34145677,-0.42087176,0.32337639,-0.25411373,6518000.12458906,0.15913458,0.21011242,0.13447642,-0.25284746,0.27411583,0.0772659,0.59797835,0.12038879,0.04285845,0.34058988,-0.05648725,-0.26865181,-0.13415341,-0.26182467,-0.27437744,-0.05217542,-0.15841651,-0.29987654,0.11832108,-0.3395108,-0.42033646,0.31909373,-0.25739622,6519000.12663651,0.15833968,0.20825654,0.13554017,-0.25432235,0.27294075,0.07511159,0.59270322,0.11950047,0.03914691,0.34117445,-0.05767339,-0.28229195,-0.13560402,-0.25773212,-0.27400172,-0.05282028,-0.15231812,-0.29872781,0.11121745,-0.33879927,-0.418908,0.32918355,-0.25539851,6520000.12893608,0.16008541,0.21045744,0.1360148,-0.24976638,0.2692095,0.07851475,0.59437937,0.12330281,0.03973819,0.3388685,-0.05558078,-0.27673426,-0.13885005,-0.25968194,-0.27273017,-0.0545619,-0.15768592,-0.30093628,0.11308087,-0.34101552,-0.41853997,0.31790248,-0.25162503,6521000.1218162,0.15833257,0.20666574,0.12869236,-0.23823932,0.27197605,0.07898642,0.59569931,0.12329985,0.0515806,0.33902186,-0.0455263,-0.27198628,-0.13049048,-0.26556757,-0.27082437,-0.05178415,-0.16454631,-0.29492432,0.11316533,-0.34614035,-0.41494682,0.31814095,-0.25030717,6522000.12406015,0.16246295,0.20614125,0.12815221,-0.24366251,0.26853666,0.08287329,0.59761363,0.12336516,0.05064649,0.34470171,-0.0472363,-0.26013488,-0.12948766,-0.25945374,-0.271007,-0.04932617,-0.15210374,-0.29807565,0.11609264,-0.34019974,-0.41706353,0.31778342,-0.25425431,6523000.12469337,0.16177472,0.20687847,0.12909105,-0.24577402,0.26935294,0.07298734,0.59430218,0.12322479,0.0469005,0.34915113,-0.0490444,-0.26993972,-0.12975302,-0.26020542,-0.27224383,-0.05177376,-0.16119803,-0.29890803,0.11266226,-0.33798084,-0.41912624,0.31912196,-0.26221177,6524000.12159026,0.16109666,0.20643695,0.12859035,-0.24638133,0.269566,0.07523722,0.5925023,0.12250688,0.04595161,0.34658885,-0.05151644,-0.27004308,-0.1305031,-0.2614021,-0.26930696,-0.0506491,-0.15217447,-0.3005724,0.11581787,-0.34216383,-0.41766611,0.31386313,-0.25776547,6525000.1226126,0.16305384,0.21161218,0.13283588,-0.24805781,0.27084687,0.0787143,0.59245634,0.12261064,0.04343354,0.34388149,-0.0557849,-0.27619666,-0.13450187,-0.26072535,-0.26979014,-0.04960455,-0.15735567,-0.29639751,0.11291388,-0.33599386,-0.41754949,0.32239923,-0.26132071,6526000.12632442,0.16430078,0.21358204,0.13328509,-0.25361252,0.27130926,0.0718368,0.59009385,0.12385535,0.04087376,0.33760488,-0.06036551,-0.26623309,-0.13451253,-0.2644414,-0.26891106,-0.04835079,-0.15726218,-0.2982195,0.11583076,-0.33103347,-0.41657495,0.31643394,-0.25275624,6527000.1266198,0.16419095,0.21196355,0.13509168,-0.25376987,0.27249774,0.07122099,0.59246331,0.12312521,0.03828077,0.33936712,-0.0616812,-0.27251559,-0.12596644,-0.26593658,-0.27109447,-0.04948383,-0.16309482,-0.29898527,0.11757953,-0.33231893,-0.41484663,0.31880945,-0.25205171,6528000.1238957,0.16243041,0.21227674,0.13296662,-0.24826439,0.27048767,0.08071903,0.59452075,0.12357576,0.0409421,0.34548387,-0.056123,-0.26144144,-0.12720561,-0.26353142,-0.26952589,-0.05043087,-0.15904185,-0.29426843,0.1195913,-0.33458063,-0.41139251,0.31240311,-0.25350589,6529000.12336592,0.16094357,0.20261349,0.12737456,-0.23727763,0.27109095,0.08024671,0.59157455,0.12356472,0.05128659,0.34507325,-0.04726527,-0.27088043,-0.12651311,-0.262997,-0.26400989,-0.04452622,-0.14945261,-0.29337066,0.11120095,-0.33411193,-0.41032276,0.30978692,-0.2558752,6530000.12318486,0.15877096,0.20575987,0.12586455,-0.23824291,0.27097142,0.0871651,0.59252185,0.12736723,0.04757013,0.34869093,-0.04980509,-0.26617718,-0.11792105,-0.26038182,-0.26393726,-0.04734898,-0.15935566,-0.29189724,0.11302526,-0.33487296,-0.41222233,0.31017891,-0.24815901,6531000.12034345,0.15959591,0.20646691,0.12710884,-0.24479961,0.26825449,0.07849391,0.59150237,0.12478041,0.04411653,0.34641525,-0.05455751,-0.263203,-0.11576805,-0.26176104,-0.26528287,-0.05237761,-0.15858521,-0.29145584,0.11762653,-0.33213314,-0.41296849,0.31524467,-0.2538203,6532000.12392179,0.16364835,0.20405686,0.12881978,-0.24401081,0.27198505,0.07896551,0.59290045,0.12467932,0.04309052,0.33882579,-0.05547815,-0.26218724,-0.11455765,-0.26251495,-0.26491091,-0.04911218,-0.14691138,-0.29205906,0.10854364,-0.33418778,-0.41219574,0.31431761,-0.2572822,6533000.1226126,0.16088018,0.20711426,0.13136929,-0.24779916,0.26974657,0.07757089,0.59027982,0.12205947,0.04085893,0.337715,-0.05958432,-0.26794437,-0.11719391,-0.25939494,-0.26386848,-0.05079935,-0.16328423,-0.29130548,0.11021718,-0.33619708,-0.41057244,0.3253763,-0.25731635,6534000.12337548,0.16232045,0.20837709,0.13256153,-0.24713978,0.26836133,0.0723081,0.58813429,0.12273056,0.03798521,0.34336385,-0.06383924,-0.27633724,-0.11743497,-0.26490763,-0.26288372,-0.05451854,-0.16271363,-0.29197839,0.11759703,-0.33445394,-0.40777662,0.32581788,-0.25127429,6535000.12489311,0.16336542,0.20813856,0.13335143,-0.25350204,0.27363655,0.07021392,0.58818579,0.12065469,0.03624132,0.3397826,-0.06541516,-0.27235618,-0.12796409,-0.2673125,-0.26457521,-0.05432473,-0.15492056,-0.28852344,0.11243058,-0.33221447,-0.40603748,0.31818372,-0.24503133,6536000.12724414,0.1628817,0.21004888,0.1315403,-0.24740852,0.27363312,0.07532036,0.58679736,0.1225045,0.03807432,0.34362823,-0.06737132,-0.26258484,-0.12267387,-0.26517245,-0.26085904,-0.05275831,-0.15939429,-0.29324231,0.11562274,-0.33146602,-0.40266994,0.32366097,-0.24787399,6537000.12153896,0.16311432,0.20784494,0.12431655,-0.23702553,0.26672715,0.08361844,0.58628309,0.12388468,0.047668,0.33518559,-0.06086613,-0.25747159,-0.1215478,-0.26512527,-0.25764757,-0.05741391,-0.14883906,-0.28862742,0.10962112,-0.32626411,-0.40152654,0.3172752,-0.24664633,6538000.12032517,0.16087441,0.21002986,0.12428647,-0.2410824,0.2666389,0.07624228,0.58393967,0.1229709,0.04598305,0.3357558,-0.06467125,-0.25655872,-0.12454399,-0.26138148,-0.2585361,-0.05363771,-0.15042521,-0.28432724,0.11281575,-0.33124691,-0.40310717,0.3199057,-0.24391104,6539000.12467624,0.1646446,0.21238546,0.12803164,-0.24575943,0.26642594,0.07326529,0.58482742,0.12195498,0.04031941,0.332699,-0.07029603,-0.25588271,-0.12695485,-0.26356891,-0.26052842,-0.05777049,-0.15729016,-0.29190621,0.10957186,-0.33908141,-0.40509284,0.32000422,-0.24562681,6540000.1213906,0.16090514,0.20497046,0.12749824,-0.24732468,0.26905394,0.07418883,0.58379275,0.12286892,0.03907047,0.3358759,-0.07191376,-0.28120971,-0.12586272,-0.26391241,-0.26033068,-0.05359523,-0.15970613,-0.28833103,0.10875188,-0.33020058,-0.40281585,0.31818417,-0.24716043,6541000.12276872,0.16334087,0.20802779,0.13006324,-0.25193512,0.27529508,0.07689358,0.58359689,0.12062076,0.03700603,0.34130561,-0.07455394,-0.26304322,-0.12468029,-0.26172394,-0.26195079,-0.05575143,-0.15940426,-0.28706208,0.11504,-0.32695404,-0.40157646,0.31272978,-0.25690734,6542000.12402581,0.15929006,0.20846742,0.13124128,-0.25840661,0.27502885,0.07321164,0.58235645,0.12181453,0.0338945,0.34120348,-0.07903989,-0.26178077,-0.12304871,-0.26669002,-0.25908965,-0.05642829,-0.15259725,-0.28933036,0.116,-0.32711029,-0.40100884,0.31587169,-0.25052822,6543000.12511869,0.16348401,0.21273398,0.1345346,-0.25739646,0.27273297,0.06908364,0.58316338,0.11901969,0.02977107,0.34607834,-0.08161774,-0.27168375,-0.12481863,-0.2670176,-0.26083499,-0.05508533,-0.16162829,-0.28737777,0.1105626,-0.32875046,-0.395854,0.3265776,-0.24072418,6544000.12367892,0.16463265,0.21140283,0.13202243,-0.25657356,0.27006391,0.07010482,0.58123118,0.1206352,0.0306717,0.33210498,-0.07588658,-0.27389446,-0.12530591,-0.26450127,-0.26096216,-0.05419894,-0.15293007,-0.28490734,0.11204326,-0.32368398,-0.39405307,0.31981102,-0.24079642,6545000.12119247,0.15983078,0.20622909,0.12444496,-0.24357644,0.26394299,0.0712557,0.58208758,0.1208564,0.04085141,0.32778344,-0.07635223,-0.26413453,-0.12786117,-0.26208138,-0.25649139,-0.05942679,-0.1551597,-0.28424773,0.11803905,-0.32686242,-0.39064977,0.31654042,-0.24235909,6546000.12184993,0.16071959,0.20497046,0.12575477,-0.24814327,0.26855636,0.069792,0.58162159,0.12248795,0.04240362,0.34330493,-0.07344581,-0.27624512,-0.11928239,-0.26165223,-0.25675398,-0.05467419,-0.14991042,-0.28067183,0.11567933,-0.32457024,-0.39261037,0.31390446,-0.23775215,6547000.12221316,0.15942763,0.20476724,0.1277726,-0.25372922,0.26855636,0.07385156,0.58473313,0.12177173,0.03726943,0.34684718,-0.07879276,-0.268114,-0.12936608,-0.26372445,-0.25915217,-0.05423151,-0.14622684,-0.28056619,0.11080822,-0.32880801,-0.39441115,0.31613687,-0.2399216,6548000.11700954,0.15808323,0.20932373,0.12649699,-0.25557443,0.2677215,0.06784594,0.58220822,0.11904552,0.0355229,0.33216739,-0.08349691,-0.26608121,-0.12764494,-0.26461279,-0.25818822,-0.05754137,-0.15539397,-0.28088209,0.11268105,-0.32907435,-0.39264199,0.32163137,-0.24746373,6549000.12143417,0.15814078,0.2086456,0.12811011,-0.25984234,0.26885816,0.0702151,0.58503956,0.12070363,0.03484167,0.33435303,-0.08517379,-0.26834688,-0.12732413,-0.26372683,-0.25747827,-0.05736293,-0.15927958,-0.2802707,0.10742978,-0.3261424,-0.39068922,0.31705895,-0.24178505,6550000.12351389,0.16083436,0.20752802,0.13051668,-0.26270747,0.2718794,0.06035208,0.58350289,0.11818894,0.03126436,0.33140624,-0.08417362,-0.27399409,-0.12514761,-0.26439637,-0.25878212,-0.06138371,-0.15794517,-0.27911904,0.11008294,-0.32788375,-0.38859701,0.31731158,-0.23251399,6551000.12479743,0.16470297,0.21102734,0.13187057,-0.26509517,0.27137882,0.06525956,0.58124381,0.11661031,0.03058074,0.32221013,-0.08683709,-0.27314034,-0.12529689,-0.26477066,-0.25973961,-0.05852463,-0.16119258,-0.28219083,0.11661303,-0.3235853,-0.3881022,0.32023785,-0.23686904,6552000.12332311,0.16146228,0.21140283,0.12779777,-0.25725126,0.27036318,0.06426049,0.58369476,0.11780582,0.03116564,0.33881819,-0.08568361,-0.27504912,-0.12878931,-0.26768517,-0.2593824,-0.05989611,-0.1778689,-0.27909806,0.11304934,-0.32117644,-0.38500425,0.31777102,-0.22935009,6553000.12062094,0.15546069,0.20467184,0.12231877,-0.25146893,0.26316336,0.06728012,0.57874697,0.11673374,0.04156094,0.3361114,-0.08208854,-0.26749754,-0.12813751,-0.2635082,-0.25635785,-0.06060603,-0.15914945,-0.27835989,0.11062277,-0.32240283,-0.38145646,0.31979564,-0.2334242,6554000.12456349,0.15351711,0.20905755,0.12478662,-0.25715849,0.2687338,0.06386381,0.58269733,0.11673161,0.04083026,0.33899307,-0.08270094,-0.2654385,-0.13283469,-0.25828645,-0.25468677,-0.06194937,-0.16207696,-0.27877033,0.10552711,-0.3277505,-0.38418415,0.32009622,-0.23597857,6555000.12180638,0.1584246,0.20973583,0.12617463,-0.26073733,0.26630169,0.06668275,0.58376575,0.11628804,0.03708827,0.33635631,-0.09086257,-0.26907638,-0.13277352,-0.26438677,-0.25485852,-0.0655499,-0.17582941,-0.27913448,0.11375838,-0.33310908,-0.3833313,0.32439712,-0.23609173,6556000.12424251,0.15661708,0.20679434,0.12727188,-0.25894356,0.26655015,0.0644614,0.58142346,0.11492817,0.03504281,0.33076647,-0.09065735,-0.26153746,-0.1273216,-0.26571763,-0.25407374,-0.0583953,-0.16769491,-0.27557755,0.11181267,-0.3305012,-0.38371542,0.31893954,-0.23655614,6557000.12386969,0.15781567,0.20870572,0.12652783,-0.26604632,0.26646143,0.06884202,0.58229953,0.11380342,0.03367643,0.33179721,-0.0916351,-0.26980808,-0.13506418,-0.26799685,-0.25528473,-0.06007949,-0.15867716,-0.27622643,0.10932759,-0.32637373,-0.38223997,0.31766266,-0.23044479,6558000.12394775,0.15897377,0.21088175,0.12936841,-0.26579595,0.26974657,0.06426542,0.58309269,0.1135819,0.03040993,0.33827221,-0.09724055,-0.26816565,-0.13380344,-0.27174041,-0.25563952,-0.06338728,-0.16112797,-0.27677435,0.10894298,-0.32240495,-0.37967637,0.32122591,-0.23350783,6559000.12615988,0.1616918,0.21158181,0.12944569,-0.27000773,0.27333447,0.06247681,0.58234453,0.11382562,0.028066,0.32798246,-0.0921533,-0.27509603,-0.13551524,-0.26755238,-0.25606716,-0.06356652,-0.15519084,-0.27447703,0.10894333,-0.32755047,-0.37804332,0.32242206,-0.22755069,6560000.12323694,0.1615447,0.20660806,0.12634465,-0.25817591,0.27054024,0.06434985,0.58133918,0.1132651,0.03210669,0.33585986,-0.09110237,-0.26764765,-0.13230361,-0.26577184,-0.25491574,-0.05765339,-0.15768321,-0.27616608,0.11334592,-0.32439461,-0.37421593,0.32105473,-0.22686742,6561000.12070782,0.15563419,0.20381793,0.12140033,-0.25230271,0.26773769,0.0697125,0.58069772,0.11634784,0.04293254,0.34961364,-0.08679109,-0.26398051,-0.12832777,-0.26432565,-0.2534861,-0.06392321,-0.16407616,-0.2736246,0.10792379,-0.31636873,-0.37365726,0.31747565,-0.23096563,6562000.12074988,0.15575382,0.20643891,0.12307704,-0.25792301,0.26788142,0.06734331,0.58350301,0.11691076,0.03936976,0.34486958,-0.08917978,-0.26650614,-0.13191114,-0.26623029,-0.25423908,-0.06302769,-0.15593451,-0.27544042,0.10595613,-0.31922132,-0.37635633,0.31939313,-0.23816122,6563000.12108745,0.15401137,0.20787978,0.12322224,-0.2618981,0.26686966,0.06357951,0.58555961,0.11454133,0.03542025,0.3351571,-0.09251544,-0.26743492,-0.13131347,-0.26781526,-0.25345156,-0.05600822,-0.16171831,-0.27614266,0.1128851,-0.32327661,-0.37817994,0.32300222,-0.23125666,6564000.12124357,0.15403564,0.20320749,0.12588345,-0.26361763,0.26756206,0.06599326,0.584041,0.11318259,0.03424506,0.33625627,-0.09149184,-0.26990989,-0.133239,-0.26718655,-0.25206047,-0.05908827,-0.14991221,-0.27674207,0.11211018,-0.32155722,-0.37895671,0.31974462,-0.22724415,6565000.12262149,0.15562646,0.20964542,0.12638213,-0.26600152,0.26855636,0.06356674,0.58473611,0.11269215,0.03194447,0.33761814,-0.09640477,-0.26649261,-0.13393734,-0.26748952,-0.25289196,-0.06138733,-0.15946519,-0.2760908,0.11181439,-0.32352003,-0.37752992,0.32057247,-0.2303741,6566000.12489311,0.15933533,0.2086456,0.13001554,-0.26897004,0.27175263,0.05690297,0.58536762,0.11297283,0.02840095,0.33474553,-0.10384195,-0.27303821,-0.13744594,-0.26892173,-0.25333586,-0.05771536,-0.16038024,-0.2749663,0.11556607,-0.32493129,-0.37660736,0.3255437,-0.23164451,6567000.12618612,0.15918717,0.2094917,0.13062292,-0.27600041,0.26949623,0.0586943,0.5837633,0.11100945,0.02653945,0.3301864,-0.09966137,-0.26948956,-0.13432476,-0.27036983,-0.25423029,-0.0648664,-0.16409796,-0.27611855,0.10573238,-0.32206246,-0.37565172,0.32055157,-0.22999655,6568000.12384376,0.15567231,0.20934035,0.12945655,-0.26655835,0.26825216,0.06041542,0.583359,0.11190542,0.02899346,0.33398268,-0.09826795,-0.27615446,-0.13171318,-0.27162424,-0.25307918,-0.0686203,-0.16008212,-0.27729151,0.11124648,-0.32534304,-0.37369013,0.32289636,-0.22220898,6569000.1189597,0.15237471,0.20299619,0.12254363,-0.25232244,0.26747185,0.06512038,0.5821144,0.11453848,0.03995989,0.33145514,-0.09102818,-0.26996714,-0.13136782,-0.26740223,-0.25120682,-0.06597809,-0.15662068,-0.2779133,0.11373324,-0.31966761,-0.37383717,0.3146981,-0.22610268,6570000.11885421,0.15293364,0.20576181,0.12207745,-0.26077783,0.26901716,0.05977823,0.58640063,0.11181899,0.03831778,0.34779328,-0.09723946,-0.27019086,-0.1346658,-0.26940945,-0.25197062,-0.06105064,-0.15801895,-0.27799401,0.11478268,-0.32684776,-0.37638184,0.31668639,-0.22733012,6571000.12270832,0.14894734,0.21014266,0.12235148,-0.26648173,0.27019152,0.05805155,0.58414197,0.11211121,0.03272353,0.34655291,-0.10052251,-0.2755011,-0.13704671,-0.26767832,-0.25295433,-0.06478887,-0.15065721,-0.28188583,0.1118307,-0.32748803,-0.3791078,0.31547272,-0.22796088,6572000.11668235,0.15334912,0.20467368,0.12123916,-0.2688418,0.26823694,0.05949879,0.58721316,0.10995799,0.03124645,0.34410465,-0.09938771,-0.283562,-0.14436013,-0.27111459,-0.25400725,-0.06303294,-0.15737325,-0.2810275,0.11393759,-0.32362038,-0.37997264,0.31575862,-0.23347814,6573000.12049946,0.15317829,0.2062591,0.12127165,-0.27130634,0.26788142,0.05733211,0.58614069,0.10917462,0.03028134,0.33481967,-0.10354032,-0.27556831,-0.14011574,-0.26707444,-0.25491169,-0.06186024,-0.16338813,-0.27849633,0.11078379,-0.33541083,-0.38106081,0.32178506,-0.23729731,6574000.12345354,0.15426917,0.20873353,0.12749624,-0.2741701,0.26885816,0.05414597,0.58544528,0.10925332,0.02681322,0.34118754,-0.10983217,-0.27999803,-0.14040853,-0.27121431,-0.25573289,-0.05612651,-0.15340205,-0.27593136,0.11389714,-0.32161155,-0.38112476,0.31568483,-0.23215503,6575000.12535295,0.15499541,0.20814352,0.12902853,-0.27988321,0.26862669,0.05306274,0.58130926,0.10877261,0.02307726,0.34279323,-0.10781883,-0.27058864,-0.14058399,-0.27228555,-0.25683326,-0.06153693,-0.15209331,-0.27479655,0.11720448,-0.31918195,-0.38010255,0.31306428,-0.22929649,6576000.12444206,0.1532221,0.21013668,0.12678216,-0.27508652,0.27207118,0.05536191,0.58273166,0.10804405,0.02379272,0.33605462,-0.11652572,-0.2805548,-0.14336738,-0.27172437,-0.25560015,-0.06241132,-0.16241418,-0.27719843,0.1115866,-0.31940046,-0.37947667,0.32535899,-0.23191662,6577000.12167762,0.15273663,0.20869265,0.12214125,-0.26384327,0.27187452,0.06159997,0.58492559,0.10931902,0.03374433,0.33290002,-0.10593713,-0.27132604,-0.14415683,-0.27174738,-0.2528199,-0.06542978,-0.15618286,-0.27517989,0.11334826,-0.31872386,-0.37764722,0.31963843,-0.22383849,6578000.11925339,0.15038598,0.20605895,0.12288354,-0.26666194,0.26972806,0.0634208,0.58598369,0.10955679,0.03534514,0.34363648,-0.10348502,-0.26563323,-0.14039838,-0.26887438,-0.25452819,-0.06394041,-0.15628827,-0.27533346,0.11130723,-0.31877273,-0.3797439,0.31725246,-0.23055522,6579000.11962511,0.15003724,0.21156339,0.12541661,-0.27287421,0.27120358,0.05835227,0.58721316,0.1106014,0.03138599,0.34617063,-0.10939252,-0.27399656,-0.13851638,-0.27115425,-0.25663421,-0.05885985,-0.15648647,-0.28013521,0.11034764,-0.32102597,-0.38368165,0.31432021,-0.2334875,6580000.12061196,0.15260859,0.20700021,0.12260936,-0.27235645,0.27426332,0.05155744,0.58746082,0.11034197,0.02924933,0.33165166,-0.11069587,-0.28377455,-0.14628877,-0.27088568,-0.25879592,-0.06609798,-0.15907434,-0.28179115,0.10591601,-0.32113722,-0.38508806,0.31859168,-0.23660076,6581000.12159026,0.15280113,0.21049979,0.12333515,-0.27399507,0.27237797,0.05295964,0.58714718,0.10741881,0.02772758,0.33970514,-0.11397814,-0.28274918,-0.14540473,-0.270127,-0.25845492,-0.06662943,-0.15732923,-0.27926138,0.11540588,-0.32082599,-0.38596433,0.32191336,-0.23844741,6582000.124338,0.15170489,0.21238546,0.12856306,-0.27903906,0.27004853,0.05523177,0.58677226,0.10903796,0.02551858,0.33122239,-0.11451712,-0.27776316,-0.1435374,-0.26777726,-0.25924411,-0.06345255,-0.15656176,-0.27932173,0.11261761,-0.32690379,-0.38604382,0.31613082,-0.23171945,6583000.12746176,0.15716001,0.20849752,0.12985447,-0.28097647,0.27276647,0.05761341,0.58816999,0.10994489,0.02244552,0.33639088,-0.11820556,-0.27711791,-0.14356011,-0.27174264,-0.26120639,-0.06533334,-0.16301934,-0.28160048,0.1151487,-0.32254314,-0.38516885,0.32166776,-0.22659396,6584000.12370499,0.15417576,0.2079353,0.12734793,-0.27724981,0.27256674,0.05864519,0.58729756,0.11037439,0.02468896,0.33958837,-0.11216456,-0.28394544,-0.14415804,-0.27089357,-0.25894466,-0.06645644,-0.16075692,-0.28046381,0.10600577,-0.32789037,-0.3844856,0.33326578,-0.22797059,6585000.12388627,0.14639397,0.20772946,0.12172278,-0.26380733,0.27277997,0.05960017,0.58897215,0.10942577,0.03434382,0.34116086,-0.10614056,-0.27746668,-0.14695427,-0.27121133,-0.25660217,-0.06078256,-0.15964602,-0.27685556,0.10651923,-0.32515696,-0.38409081,0.32113963,-0.2312817,6586000.12489256,0.14992049,0.20988405,0.12318995,-0.27077243,0.27981564,0.06109735,0.58555961,0.11042962,0.03237955,0.34721953,-0.11347026,-0.27378684,-0.13911669,-0.26961231,-0.25813985,-0.06534638,-0.15969333,-0.28113791,0.1075158,-0.32248977,-0.38686582,0.32149541,-0.23154235,6587000.12394743,0.15182887,0.20952734,0.12535064,-0.27703729,0.27299914,0.06029324,0.58956063,0.11074381,0.02940299,0.34201118,-0.11730557,-0.28228372,-0.14490218,-0.26473597,-0.25996551,-0.06433932,-0.15441909,-0.28213048,0.11023594,-0.33595148,-0.38836485,0.32580602,-0.23680504,6588000.12252643,0.1544513,0.20611529,0.12609403,-0.27924043,0.27612975,0.0563326,0.59001631,0.10726655,0.02930318,0.33752063,-0.11465148,-0.27795011,-0.15080194,-0.26495427,-0.26092854,-0.06943644,-0.15699093,-0.28204086,0.11426178,-0.32746944,-0.38889876,0.32127196,-0.23215263,6589000.12459745,0.15233071,0.20876126,0.12604457,-0.27850932,0.27285513,0.05833227,0.59024948,0.10885139,0.02833555,0.33454853,-0.11699433,-0.28324461,-0.14418828,-0.26387623,-0.26090187,-0.06532399,-0.15900099,-0.2804206,0.11227504,-0.32235202,-0.38843343,0.32014284,-0.23868424,6590000.12484089,0.15348701,0.20993936,0.12836677,-0.27600035,0.27194914,0.05663055,0.58697265,0.10968389,0.02531461,0.34238899,-0.11670597,-0.28297344,-0.14290015,-0.27049074,-0.26052725,-0.0642263,-0.16782789,-0.28122851,0.1143283,-0.32056636,-0.38758785,0.33055061,-0.23305263,6591000.12582979,0.15562697,0.21226086,0.12902537,-0.28086838,0.26898137,0.05221454,0.58736229,0.10925093,0.02364738,0.3363581,-0.11731841,-0.28207216,-0.1486145,-0.26921615,-0.26131517,-0.06310189,-0.16315673,-0.27880129,0.11434612,-0.32718933,-0.38737857,0.31866726,-0.22581752,6592000.12327971,0.15501867,0.21010306,0.12428405,-0.27026761,0.26897964,0.05878739,0.58892512,0.10950999,0.03196079,0.33151457,-0.10864082,-0.27483582,-0.15563254,-0.26955238,-0.26065624,-0.06568177,-0.1573603,-0.27641419,0.11666366,-0.32404351,-0.38594484,0.323493,-0.23364189,6593000.12212794,0.14878902,0.20867336,0.12404469,-0.27061012,0.27429652,0.06378677,0.59024715,0.10996813,0.03706844,0.34700298,-0.11129495,-0.26968643,-0.14858301,-0.26702085,-0.25897709,-0.06327015,-0.14780921,-0.28147364,0.10762642,-0.32903856,-0.38760847,0.3177644,-0.23790671,6594000.12265608,0.15372624,0.21017811,0.12519053,-0.27271593,0.27540025,0.05895173,0.59418452,0.11008754,0.0323421,0.3390204,-0.11325362,-0.28183529,-0.14481811,-0.26354316,-0.26165426,-0.06924468,-0.15963724,-0.2854284,0.10970815,-0.32930341,-0.38970491,0.32981426,-0.23047569,6595000.12281217,0.15054403,0.21082126,0.12572229,-0.27674034,0.27230617,0.06106445,0.59316391,0.10795507,0.03000398,0.33716002,-0.11847707,-0.28460175,-0.14891259,-0.26684606,-0.26192552,-0.06093809,-0.17274632,-0.28562704,0.11767256,-0.32824078,-0.39133283,0.31936353,-0.22901273,6596000.1235923,0.15158144,0.21126072,0.12493099,-0.2791225,0.27497312,0.06051544,0.59209555,0.10824596,0.02931741,0.34088391,-0.12187178,-0.28142512,-0.14603963,-0.2663576,-0.26237816,-0.0643678,-0.16093519,-0.28694379,0.11451384,-0.32599965,-0.39162573,0.32232735,-0.23013124,6597000.12427712,0.15072072,0.21102734,0.12812525,-0.28171447,0.26937321,0.06401451,0.59187365,0.10943349,0.02829387,0.33471581,-0.12017693,-0.2842252,-0.15690467,-0.27203894,-0.26286173,-0.06726234,-0.16559719,-0.28922886,0.11435434,-0.32318598,-0.3913525,0.32992545,-0.23668012,6598000.12643728,0.15327343,0.21547285,0.12846223,-0.28200763,0.27218151,0.05877746,0.58849299,0.10752033,0.02502041,0.3404088,-0.12024713,-0.28063843,-0.15809415,-0.27140066,-0.2612198,-0.06527071,-0.16558322,-0.28563854,0.11352944,-0.32941273,-0.39069375,0.32606918,-0.23422118,6599000.12504852,0.15031767,0.20928286,0.12502533,-0.27374649,0.27270773,0.05783986,0.59067619,0.10794769,0.02855416,0.33720824,-0.12100043,-0.28531665,-0.15102874,-0.26989096,-0.26245332,-0.07074515,-0.16605748,-0.28163421,0.11826301,-0.32893264,-0.38880682,0.32150617,-0.23227105,6600000.1178361,0.15035778,0.20443639,0.11949981,-0.26919806,0.26835942,0.06356052,0.59156072,0.10851467,0.03835266,0.352011,-0.11727306,-0.27360287,-0.14612956,-0.26917839,-0.26106405,-0.06452059,-0.15778892,-0.28232646,0.1159281,-0.32607764,-0.38801721,0.32101935,-0.24266121,6601000.12093285,0.15360752,0.20611705,0.12065806,-0.27041227,0.27285963,0.05999559,0.59228498,0.10702819,0.03554736,0.34970853,-0.11802781,-0.27608541,-0.15164523,-0.26530117,-0.26212332,-0.06393139,-0.15557839,-0.28024411,0.11068094,-0.3359606,-0.39280441,0.31391314,-0.23303783,6602000.12492736,0.15168278,0.20908523,0.12304489,-0.27289113,0.27531469,0.05653455,0.59669709,0.10947325,0.03170482,0.3410362,-0.12212256,-0.27689734,-0.14726098,-0.26504767,-0.2640056,-0.06745587,-0.14932775,-0.28430137,0.11200889,-0.33248708,-0.39666006,0.32141456,-0.23958498,6603000.12178981,0.14870924,0.21035147,0.12514229,-0.27425936,0.27154148,0.05838722,0.59881377,0.10874723,0.03044568,0.33523643,-0.12546144,-0.28336245,-0.14973754,-0.26593909,-0.26319668,-0.06576938,-0.16692634,-0.28400257,0.11526038,-0.33756551,-0.39442447,0.31965566,-0.24241967,6604000.12111448,0.14819407,0.2121762,0.12551299,-0.27838129,0.27139983,0.05540868,0.59520978,0.10845453,0.02777596,0.34415793,-0.13208409,-0.28371364,-0.15575732,-0.26958668,-0.26383364,-0.06050004,-0.16865519,-0.2825008,0.11274844,-0.33294559,-0.39510933,0.31977752,-0.24280646,6605000.12602901,0.15145059,0.20993936,0.12773998,-0.28028417,0.27492055,0.05650756,0.59659159,0.10609078,0.0260392,0.33966702,-0.1358335,-0.28591919,-0.16036101,-0.27236453,-0.26564622,-0.06524679,-0.15695761,-0.28711545,0.11797008,-0.32969558,-0.39575094,0.32961234,-0.24135995,6606000.12454586,0.15351894,0.21502957,0.12920737,-0.28385082,0.2754364,0.05517127,0.59556681,0.1072058,0.02345795,0.33931974,-0.13000003,-0.29476318,-0.15190959,-0.27204764,-0.26592365,-0.0716307,-0.16317366,-0.28885874,0.11417133,-0.32722422,-0.39464742,0.32152012,-0.23914723,6607000.11780167,0.14959435,0.20622438,0.11916182,-0.26979038,0.269566,0.05335186,0.59407055,0.10765558,0.03385967,0.34820768,-0.12737285,-0.278629,-0.16042139,-0.26963815,-0.26364189,-0.07049274,-0.15136467,-0.28483722,0.10794244,-0.32343325,-0.39197153,0.32395902,-0.23630281,6608000.12037034,0.14406233,0.20570379,0.11828892,-0.26511756,0.27202287,0.0611729,0.59325475,0.10768363,0.03727362,0.34362754,-0.12666005,-0.27446428,-0.15962824,-0.27165455,-0.26293269,-0.06779774,-0.14426407,-0.28225049,0.11696466,-0.34154108,-0.3945969,0.32036203,-0.23623,6609000.12300285,0.14967918,0.20841381,0.11859269,-0.27644777,0.27246979,0.06028069,0.59560382,0.10542642,0.0307293,0.34770608,-0.13175195,-0.28930247,-0.16051747,-0.27145049,-0.26550001,-0.07205142,-0.15408179,-0.28606364,0.11712699,-0.33510891,-0.39921215,0.31296155,-0.24127559,6610000.12058458,0.14925329,0.21047466,0.11975325,-0.27709112,0.2736797,0.0561772,0.60129797,0.10477567,0.02917077,0.33287781,-0.13312154,-0.28905374,-0.16008478,-0.2691164,-0.26664087,-0.07080882,-0.15337618,-0.28473982,0.11028594,-0.34123746,-0.3998493,0.32059571,-0.2443119,6611000.12093132,0.14629732,0.21059033,0.12364139,-0.27929795,0.27490672,0.06052832,0.59936321,0.1040504,0.02734079,0.33560577,-0.1373958,-0.29716578,-0.16642529,-0.26710877,-0.26908019,-0.07743398,-0.15949695,-0.28831494,0.11213052,-0.3506586,-0.39959708,0.32059106,-0.25161463,6612000.12211864,0.14764501,0.21312252,0.12525579,-0.28455374,0.27150562,0.0545086,0.60350579,0.10377594,0.02485931,0.33756948,-0.14042044,-0.29167867,-0.1647563,-0.27155176,-0.26926395,-0.07561097,-0.16987795,-0.29010427,0.1115049,-0.34233552,-0.40031391,0.32205275,-0.24126019,6613000.12664616,0.15054351,0.21318617,0.12643436,-0.28816131,0.27383858,0.0489901,0.60063756,0.10373977,0.02173473,0.33283278,-0.14424762,-0.29004279,-0.16767868,-0.27157742,-0.27069849,-0.07482591,-0.17370325,-0.28891921,0.11499311,-0.34093076,-0.39933604,0.32364425,-0.24604955,6614000.12708808,0.14717287,0.21118119,0.12656204,-0.28284839,0.27579466,0.05394534,0.59769535,0.10217711,0.02191941,0.33916661,-0.14519539,-0.28369078,-0.17290564,-0.26839277,-0.27094299,-0.0771009,-0.15539473,-0.29018366,0.10774908,-0.33718812,-0.39806104,0.32213688,-0.24128328,6615000.12068207,0.14402093,0.20894389,0.12035192,-0.27508628,0.27123943,0.05623452,0.59862882,0.10471255,0.03340366,0.33374396,-0.13699454,-0.28032526,-0.16436379,-0.27150863,-0.26877469,-0.07796992,-0.1600036,-0.28766021,0.105791,-0.33921474,-0.39569229,0.31886473,-0.24020638,6616000.12003135,0.14325285,0.20879962,0.11981706,-0.27940726,0.27414295,0.05672153,0.6025281,0.10570855,0.03397755,0.34597746,-0.13523743,-0.28651571,-0.16222139,-0.26876721,-0.26961911,-0.0785469,-0.16451403,-0.28684843,0.1125022,-0.34652984,-0.40095276,0.31471887,-0.25081873,6617000.12368768,0.14404532,0.21434495,0.12675831,-0.28120157,0.27549723,0.05084198,0.60290885,0.10446151,0.02895833,0.33604071,-0.13726297,-0.28530297,-0.16295908,-0.26386008,-0.274122,-0.08107135,-0.16778526,-0.2875891,0.10766322,-0.35076979,-0.40304786,0.3243103,-0.24907589,6618000.12033435,0.14691439,0.21177903,0.12462522,-0.28671676,0.27508667,0.05124136,0.60287851,0.10550923,0.02615738,0.33235839,-0.14178543,-0.28315115,-0.16829605,-0.26430488,-0.273718,-0.08324072,-0.16595949,-0.28886908,0.10707276,-0.34264532,-0.4044261,0.31711456,-0.24533531,6619000.12198042,0.14553232,0.21354656,0.12317329,-0.2871567,0.27330685,0.05223079,0.60022485,0.10367283,0.0251751,0.3374185,-0.14384016,-0.2972303,-0.1744075,-0.26554096,-0.27456143,-0.08113138,-0.17866145,-0.29171214,0.10802903,-0.35192767,-0.4058629,0.31410977,-0.2455256,6620000.12221445,0.14965968,0.21611348,0.12528811,-0.28961679,0.27391207,0.05267606,0.60378283,0.10139346,0.02319057,0.33546364,-0.14754984,-0.30026063,-0.17057781,-0.26763296,-0.27646038,-0.08162452,-0.17525938,-0.2911602,0.10285261,-0.35242599,-0.40426576,0.31943762,-0.24871039,6621000.12438131,0.14726284,0.21410815,0.1253365,-0.29149488,0.27513954,0.04515699,0.60018283,0.10393804,0.02037228,0.33235866,-0.14666246,-0.29525134,-0.17660938,-0.27204585,-0.27580637,-0.08755629,-0.16225204,-0.29210582,0.11048128,-0.34451377,-0.40351814,0.32004014,-0.25037304,6622000.12262149,0.14583467,0.2149559,0.12394816,-0.28763595,0.27317894,0.04950455,0.59855765,0.10321231,0.02403598,0.33693328,-0.14345372,-0.30490348,-0.1732254,-0.27435136,-0.27490643,-0.08611394,-0.17544109,-0.2928322,0.11139382,-0.34559187,-0.40150145,0.32249278,-0.24200955,6623000.11849193,0.14150941,0.20485529,0.12015706,-0.27933028,0.27205873,0.05404902,0.60570395,0.10301275,0.03491819,0.33933523,-0.13539122,-0.29812777,-0.17487517,-0.26923874,-0.27287507,-0.08382044,-0.18473268,-0.29381394,0.10865143,-0.34647542,-0.40236822,0.31682533,-0.2581864,6624000.11979723,0.14236513,0.21186507,0.12068691,-0.28484869,0.2722387,0.05610003,0.60272777,0.10291904,0.03172756,0.32924441,-0.13727279,-0.29311341,-0.17096451,-0.26808119,-0.27646965,-0.08140288,-0.1869505,-0.29423299,0.10912206,-0.35542536,-0.40505394,0.31363386,-0.25389707,6625000.11921644,0.14154458,0.20833196,0.12231673,-0.28514934,0.26919657,0.05259306,0.60483938,0.1041467,0.02791318,0.32973,-0.13702551,-0.29797447,-0.17461276,-0.26957151,-0.27517197,-0.08452669,-0.18359257,-0.29018351,0.10874381,-0.36030325,-0.40796408,0.31893796,-0.2471965,6626000.12080033,0.14195235,0.21186718,0.12367275,-0.28898153,0.27220199,0.05174254,0.60407251,0.10332879,0.02749901,0.33303159,-0.14164837,-0.29721141,-0.17834783,-0.26982725,-0.27794045,-0.08466042,-0.17914723,-0.28973579,0.10638347,-0.35205483,-0.40688908,0.32095337,-0.25378749,6627000.11930997,0.14031833,0.21142228,0.12385087,-0.29085419,0.27307111,0.04760532,0.60534871,0.10138884,0.02594677,0.33627754,-0.14585903,-0.29596284,-0.17293152,-0.27282634,-0.27883744,-0.08615261,-0.17416698,-0.29615977,0.10345013,-0.34944901,-0.40615708,0.32398486,-0.26094833,6628000.12085974,0.1462608,0.21269061,0.12675831,-0.29057515,0.27340931,0.04654405,0.60070407,0.10344852,0.02281684,0.33330366,-0.14416729,-0.29728833,-0.17275558,-0.2703411,-0.27887627,-0.08558559,-0.18003745,-0.29440314,0.11097539,-0.34730142,-0.40578431,0.32330987,-0.25691095,6629000.12605597,0.14757434,0.2137201,0.12808272,-0.29426676,0.27122352,0.04942391,0.59715909,0.10143977,0.02159445,0.32846373,-0.14800997,-0.29765022,-0.18058681,-0.27691263,-0.27954262,-0.08999547,-0.17782222,-0.28851244,0.11551955,-0.35371414,-0.4054822,0.3226319,-0.24710065,6630000.11956307,0.14171179,0.21044201,0.12293171,-0.282543,0.27312389,0.05762123,0.59912485,0.10061469,0.02935272,0.33023539,-0.13716201,-0.29626936,-0.17804715,-0.2697022,-0.27712896,-0.08760508,-0.17462635,-0.28876209,0.10962908,-0.34999758,-0.40381852,0.3248482,-0.24398087,6631000.11735602,0.14318578,0.20847374,0.12029979,-0.28390494,0.27113467,0.05737949,0.59869003,0.10225626,0.03669932,0.33729908,-0.13390514,-0.2886506,-0.16666156,-0.264007,-0.27667063,-0.08699428,-0.17550832,-0.29365334,0.11207138,-0.34797192,-0.40437341,0.32156217,-0.25413391,6632000.11946621,0.14516711,0.21304779,0.12134653,-0.28474942,0.27065507,0.05477103,0.60161734,0.10342292,0.03268901,0.33389205,-0.13407147,-0.29005632,-0.17242466,-0.26881108,-0.27728537,-0.08756829,-0.17644988,-0.29167509,0.11241998,-0.35403818,-0.40904924,0.31996399,-0.25837627,6633000.12090351,0.14700706,0.21263483,0.12195954,-0.28397813,0.27318215,0.05707264,0.60070705,0.10165329,0.03030729,0.33258283,-0.13774501,-0.3053363,-0.1716336,-0.27461195,-0.27918586,-0.08988467,-0.18068089,-0.29291365,0.11004817,-0.35652909,-0.40915817,0.3168608,-0.25326201,6634000.12134427,0.14891273,0.21266493,0.12541643,-0.28795463,0.27538925,0.04659817,0.60053241,0.10321353,0.03010862,0.34046754,-0.13758527,-0.2968916,-0.17926057,-0.27567306,-0.2801505,-0.0892949,-0.1728968,-0.29520634,0.11067464,-0.35945669,-0.40848851,0.31494319,-0.2519342,6635000.12307062,0.14496586,0.21472786,0.12695231,-0.29152146,0.27704066,0.05008158,0.60355473,0.10121883,0.02738363,0.33323696,-0.13712449,-0.29900929,-0.18168247,-0.26895413,-0.28036797,-0.09114024,-0.17552537,-0.29480365,0.11364502,-0.36191186,-0.41094398,0.31270817,-0.25483456,6636000.12161319,0.14276077,0.21472506,0.12915128,-0.29290533,0.27310905,0.05577149,0.60114121,0.10086354,0.02595164,0.33394474,-0.13801499,-0.29854199,-0.17901626,-0.27659747,-0.28116074,-0.08829568,-0.18602033,-0.29639447,0.11746107,-0.35849863,-0.40849996,0.32626241,-0.26142079,6637000.1230361,0.14657563,0.21277349,0.12885857,-0.28900784,0.27278948,0.05353929,0.60028917,0.10218482,0.02468784,0.33058473,-0.13994823,-0.29698521,-0.1848451,-0.27512747,-0.28076759,-0.09397496,-0.1795644,-0.29860884,0.11370713,-0.35271433,-0.40593484,0.32343173,-0.25971425,6638000.12060291,0.1424427,0.21023837,0.1223831,-0.28004715,0.27093735,0.05407107,0.60159928,0.10290646,0.03493925,0.33068708,-0.13161545,-0.29785419,-0.17888273,-0.27243415,-0.27787787,-0.09006964,-0.18546733,-0.29702106,0.11006323,-0.34580392,-0.4050048,0.31931797,-0.2549282,6639000.11806418,0.14088054,0.20927177,0.12015287,-0.27752659,0.27419591,0.05895039,0.60068035,0.10195097,0.03845193,0.33163536,-0.12213246,-0.29970846,-0.1688927,-0.27278158,-0.28019571,-0.0843401,-0.16195747,-0.29599813,0.11393199,-0.3514674,-0.40649593,0.32473564,-0.25467241,6640000.12231662,0.14584097,0.20927486,0.12252379,-0.28228521,0.27307579,0.053456,0.60393524,0.10237417,0.03492439,0.33217895,-0.12605214,-0.30125964,-0.17562991,-0.27021253,-0.28171203,-0.08566993,-0.17432527,-0.2947574,0.11463919,-0.35903034,-0.41040587,0.31727698,-0.25388724,6641000.11925652,0.13971367,0.21127808,0.12383171,-0.28472966,0.27206084,0.06088415,0.60653758,0.1034447,0.03106438,0.33396679,-0.1298103,-0.29579529,-0.17413919,-0.26992053,-0.28265512,-0.0891721,-0.18007876,-0.29528713,0.11489533,-0.36094531,-0.41158363,0.31986946,-0.26084,6642000.12072823,0.14649096,0.21148631,0.12502734,-0.28583357,0.27537009,0.054356,0.60471076,0.10371572,0.03130331,0.33511719,-0.13178948,-0.30612954,-0.17797564,-0.27046743,-0.28234687,-0.09669046,-0.17080486,-0.29586077,0.11474302,-0.3604126,-0.41033372,0.31503907,-0.26138559,6643000.12205411,0.14501625,0.2108354,0.1280033,-0.28927639,0.27401817,0.05640282,0.60450006,0.10332733,0.02905258,0.33793953,-0.13302325,-0.29078671,-0.17707556,-0.27806818,-0.28373244,-0.09049629,-0.16735452,-0.29911292,0.11616367,-0.35829255,-0.41010985,0.31705245,-0.25963634,6644000.12311167,0.14998558,0.21024643,0.12725948,-0.29372746,0.27893642,0.05564236,0.60346687,0.10191001,0.02647945,0.34041077,-0.13152047,-0.29255205,-0.18172741,-0.27869999,-0.28576928,-0.0918083,-0.18461066,-0.29696926,0.11344571,-0.36117083,-0.40966669,0.32344651,-0.25737488,6645000.12549093,0.15072331,0.21433949,0.12843917,-0.2909787,0.27497873,0.05209995,0.60077119,0.10220824,0.02490763,0.33109012,-0.12648423,-0.28996137,-0.1779484,-0.27604935,-0.28451049,-0.09331269,-0.18430673,-0.29944962,0.11004739,-0.35667709,-0.40771455,0.31353563,-0.25514215,6646000.12356622,0.14505216,0.21206656,0.12454545,-0.27851892,0.2730183,0.06282414,0.60037869,0.10393606,0.03321069,0.33199719,-0.12249462,-0.28820264,-0.17442584,-0.27520633,-0.28129014,-0.09255069,-0.16835374,-0.29730621,0.1093844,-0.34234059,-0.40392998,0.32689872,-0.25702626,6647000.12013463,0.14525875,0.2103928,0.12352651,-0.27347204,0.27558383,0.06447536,0.60258299,0.10602438,0.04059916,0.33041236,-0.11340091,-0.28491086,-0.17864284,-0.2760413,-0.2794376,-0.08930939,-0.18319181,-0.29928848,0.10554432,-0.34342,-0.40284565,0.31935638,-0.25425363,6648000.12256009,0.14982115,0.21452624,0.12354177,-0.2783438,0.27942052,0.05835935,0.60467631,0.10723905,0.03561504,0.33402473,-0.1180475,-0.28942367,-0.17619273,-0.27192846,-0.28147241,-0.08571275,-0.17942035,-0.3000209,0.10652524,-0.35605827,-0.40808105,0.31593385,-0.25689054,6649000.12204774,0.14871074,0.21473289,0.12564255,-0.28395277,0.27950594,0.06172176,0.60484207,0.10611264,0.0335269,0.33077902,-0.11762268,-0.29855603,-0.17406161,-0.27201104,-0.28087446,-0.09065164,-0.18907024,-0.29693711,0.10774882,-0.36130852,-0.40913373,0.31804463,-0.25909433,6650000.12113792,0.14668775,0.20892201,0.12853709,-0.28269598,0.27576396,0.05687173,0.60609949,0.10738575,0.03361573,0.33195746,-0.11943668,-0.29806012,-0.17964026,-0.27447042,-0.28162229,-0.09281591,-0.17976275,-0.2974748,0.10872226,-0.35764393,-0.40940073,0.31852347,-0.25897664,6651000.12458074,0.14943793,0.20989369,0.12792245,-0.28745085,0.27357468,0.05488377,0.6047104,0.10696616,0.03189145,0.33758882,-0.11889211,-0.28366089,-0.18485942,-0.27603507,-0.28408146,-0.09298776,-0.17640321,-0.29342189,0.10833245,-0.35623395,-0.40835536,0.32078907,-0.26023799,6652000.12801822,0.14989525,0.21452127,0.1297819,-0.28688905,0.27624667,0.05549454,0.60476577,0.10617653,0.02922334,0.33286235,-0.11616777,-0.28836751,-0.17932066,-0.27840653,-0.28421724,-0.09320033,-0.18201323,-0.2948288,0.1127663,-0.35707584,-0.40723392,0.32436717,-0.25506505,6653000.12767932,0.15282138,0.21779419,0.13107388,-0.2891627,0.27599454,0.05633536,0.60362178,0.10570598,0.02721636,0.3328172,-0.11730687,-0.29282311,-0.17697136,-0.27692959,-0.284123,-0.09797064,-0.18894692,-0.29814693,0.11302657,-0.34763825,-0.40512744,0.32508656,-0.24659052,6654000.12321097,0.14767621,0.21748823,0.12388375,-0.27351078,0.27517316,0.05972564,0.60037667,0.1089792,0.03460866,0.33858988,-0.10817889,-0.29289153,-0.1778193,-0.27614808,-0.28142747,-0.09593976,-0.18509839,-0.29447588,0.10859998,-0.34583527,-0.40290713,0.32219034,-0.24726099,6655000.12172068,0.14753832,0.21460666,0.1238187,-0.26830274,0.27207834,0.06407703,0.60507077,0.10960718,0.04165709,0.33165351,-0.10213134,-0.28610799,-0.17290114,-0.27292654,-0.2792539,-0.09209297,-0.16944508,-0.29539829,0.11457722,-0.35486853,-0.40307239,0.31238925,-0.25011832,6656000.12438989,0.15169413,0.21694335,0.12843986,-0.2792128,0.2739664,0.05882096,0.60461456,0.11022488,0.03820175,0.33290988,-0.10830645,-0.27637383,-0.17110522,-0.27363026,-0.28076673,-0.08847326,-0.17967795,-0.29512718,0.11421235,-0.35047469,-0.40571859,0.31874642,-0.24851364,6657000.12230032,0.1482536,0.21437258,0.12653205,-0.27948037,0.27284381,0.06048976,0.60101336,0.1094717,0.03602741,0.33537298,-0.10891732,-0.27931735,-0.17451857,-0.27408397,-0.28126583,-0.08786015,-0.16917638,-0.29546359,0.11009005,-0.35516545,-0.40464592,0.3231594,-0.24872203,6658000.1275315,0.15237418,0.21136425,0.12609582,-0.28075814,0.27277222,0.06097706,0.60028136,0.11110549,0.03573518,0.32644022,-0.10570205,-0.27937546,-0.17296362,-0.27685308,-0.28156158,-0.087837,-0.17643939,-0.29556295,0.11509327,-0.35023129,-0.40521449,0.32466009,-0.24236186,6659000.12615135,0.15392052,0.21386595,0.12845494,-0.2811971,0.2719354,0.05610529,0.60138369,0.10837137,0.03384866,0.33245754,-0.10786354,-0.28060484,-0.17637108,-0.27433315,-0.2800386,-0.08671784,-0.18023853,-0.29750127,0.11792082,-0.35463262,-0.40492958,0.32763404,-0.24359091,6660000.1259084,0.15474257,0.21876287,0.13155802,-0.28436014,0.2723251,0.06592149,0.59638917,0.11049283,0.03126296,0.3301383,-0.1066414,-0.28695187,-0.17430067,-0.27522421,-0.28097838,-0.08698851,-0.17558771,-0.29074654,0.1120892,-0.35229138,-0.40283379,0.32477137,-0.24903573,6661000.12923479,0.15710483,0.21884675,0.1327199,-0.28141889,0.2725364,0.05835801,0.59763831,0.10901771,0.03028204,0.33712494,-0.10438273,-0.28541765,-0.17579362,-0.2769531,-0.28021622,-0.08993699,-0.1648922,-0.29348537,0.1098539,-0.34425491,-0.40127009,0.32316768,-0.24967185,6662000.12471958,0.1492065,0.21173356,0.12632023,-0.26778227,0.27248365,0.06336201,0.59782612,0.11192568,0.04167474,0.3322238,-0.09951337,-0.28359926,-0.17000806,-0.27319738,-0.27723202,-0.09035589,-0.17227241,-0.29235655,0.11533189,-0.34641227,-0.39840046,0.32103586,-0.25007614,6663000.12279437,0.15260017,0.21197851,0.1243677,-0.26985091,0.27168614,0.06569132,0.60034341,0.11324182,0.04626826,0.33368424,-0.09215587,-0.27239692,-0.16447294,-0.2723237,-0.27882788,-0.08923408,-0.16853097,-0.29418734,0.11045871,-0.34874958,-0.39860463,0.32367063,-0.25103775,6664000.12560461,0.15329616,0.2163474,0.12769566,-0.27239972,0.27572793,0.06487326,0.60335881,0.11101346,0.04110558,0.34237221,-0.09380311,-0.28274754,-0.16639318,-0.27489859,-0.28000209,-0.08766205,-0.16356894,-0.29247817,0.11050709,-0.34937671,-0.40080827,0.32158899,-0.24401368,6665000.12316483,0.15543064,0.21729262,0.12898965,-0.27076659,0.27700794,0.06316692,0.6038304,0.11359277,0.03981786,0.33905199,-0.0964306,-0.28297389,-0.16668275,-0.27084076,-0.27928725,-0.08594769,-0.16493176,-0.29323161,0.11362647,-0.35264131,-0.40153337,0.32005602,-0.24235317,6666000.12749758,0.15390807,0.21814652,0.12975036,-0.2731289,0.27428478,0.06028729,0.60229903,0.11386531,0.03801803,0.34038457,-0.09223638,-0.28149214,-0.16032831,-0.27391395,-0.27831593,-0.08421806,-0.17314015,-0.29562429,0.11415341,-0.35060364,-0.40181619,0.31954491,-0.2521072,6667000.12604721,0.15295632,0.21351087,0.13049155,-0.27614754,0.27268198,0.06039937,0.60282397,0.11049359,0.03787143,0.33373222,-0.09637599,-0.27933526,-0.16956356,-0.26966518,-0.27906081,-0.08772894,-0.16752248,-0.29344192,0.11815311,-0.34838694,-0.39942175,0.32574111,-0.24509652,6668000.1297652,0.15809697,0.21598497,0.13285145,-0.2777274,0.27376428,0.06507672,0.60318488,0.10987828,0.03448087,0.3322573,-0.09459647,-0.27529964,-0.16827092,-0.2731823,-0.27929905,-0.08688003,-0.17297778,-0.29434305,0.12012212,-0.34736773,-0.39808241,0.32409969,-0.24790117,6669000.13031204,0.15975975,0.21954575,0.13308996,-0.27705601,0.2740995,0.06201626,0.5989151,0.11102788,0.03387994,0.33367151,-0.09494636,-0.26770544,-0.1653676,-0.27396268,-0.27822569,-0.09056205,-0.17687118,-0.29562098,0.1222246,-0.34322974,-0.39602956,0.31971171,-0.24723975,6670000.12546489,0.15401246,0.21367359,0.12688442,-0.26212308,0.27353138,0.06954771,0.60112578,0.11135866,0.04686118,0.33048767,-0.08425755,-0.27785158,-0.16373716,-0.26846775,-0.2755051,-0.08592877,-0.16478267,-0.29151508,0.12111173,-0.33921057,-0.39336687,0.32673323,-0.2393418,6671000.12281217,0.15186223,0.21191809,0.12617636,-0.26196754,0.27079675,0.06739359,0.60177702,0.11580376,0.04756342,0.3429946,-0.08259474,-0.27624831,-0.1665673,-0.26671946,-0.2740286,-0.08079061,-0.16265485,-0.29404557,0.11332442,-0.34263062,-0.39534962,0.32226315,-0.24070176,6672000.12509263,0.15797006,0.21710943,0.126128,-0.26627669,0.27487293,0.06683916,0.60520166,0.11317247,0.04368366,0.34767669,-0.0872832,-0.269927,-0.15847842,-0.26584756,-0.27572584,-0.08155017,-0.1731794,-0.29325557,0.10997608,-0.34742278,-0.39893034,0.31692311,-0.24689282,6673000.12681076,0.15238632,0.21288891,0.12730707,-0.26439846,0.27964729,0.074148,0.60275596,0.11430649,0.04257288,0.3413755,-0.08409429,-0.27629063,-0.16391401,-0.2654807,-0.27685538,-0.0829512,-0.17018966,-0.28892434,0.11759111,-0.34783113,-0.39962927,0.32053262,-0.24258737,6674000.1208188,0.15797876,0.21200609,0.12950575,-0.26968548,0.27613622,0.06765547,0.60296625,0.11431368,0.04101389,0.35030419,-0.08489194,-0.26585019,-0.17025843,-0.26632959,-0.27531832,-0.08139009,-0.15758029,-0.29114482,0.12019169,-0.35176232,-0.39928979,0.32264352,-0.24571143,6675000.12536155,0.15897396,0.21512857,0.13165629,-0.27152163,0.27654418,0.06173835,0.60061461,0.11151907,0.03852445,0.34053522,-0.0888944,-0.26894149,-0.16509342,-0.26510674,-0.27557054,-0.08682636,-0.16300353,-0.29813167,0.12019397,-0.34855151,-0.39849952,0.32782108,-0.24298684,6676000.1294423,0.1614771,0.21580537,0.13199416,-0.27596244,0.27115205,0.06811851,0.60288328,0.11369226,0.03570361,0.35024092,-0.0926005,-0.26547176,-0.16936888,-0.27106416,-0.27708858,-0.08658256,-0.16016793,-0.29759783,0.12003268,-0.35000601,-0.3964175,0.3277835,-0.2428444,6677000.12718433,0.15730275,0.21751484,0.13381895,-0.27059945,0.27378085,0.06426542,0.60310918,0.11423841,0.03695761,0.34913024,-0.08635148,-0.27007192,-0.16589279,-0.26944602,-0.27703062,-0.08944649,-0.16550642,-0.29350665,0.1175352,-0.34736723,-0.39463943,0.32698235,-0.24322422,6678000.124338,0.15457189,0.21344714,0.12551382,-0.25904626,0.27780282,0.06482995,0.6012578,0.11536855,0.04777785,0.34330219,-0.08102433,-0.27080539,-0.16253935,-0.26265198,-0.27337202,-0.08455887,-0.16296184,-0.29066449,0.11241096,-0.34323061,-0.39223501,0.32171506,-0.2441145,6679000.12538767,0.15381341,0.21525359,0.12800287,-0.26107273,0.27804431,0.0757521,0.6035862,0.11590573,0.04738449,0.34359235,-0.0799375,-0.27046201,-0.16692665,-0.2635859,-0.27559066,-0.08516297,-0.15596445,-0.29490468,0.11639249,-0.34796265,-0.39640456,0.32101828,-0.24899414,6680000.1249537,0.15664133,0.21569714,0.12805118,-0.26734847,0.2771329,0.06826741,0.60485923,0.11360739,0.04245551,0.35498405,-0.07630231,-0.27070269,-0.16542771,-0.26573306,-0.27566534,-0.08251636,-0.17327137,-0.29098356,0.11818303,-0.34275627,-0.3998915,0.32736066,-0.24398005,6681000.12654215,0.15628973,0.21342562,0.12840742,-0.26287743,0.27672178,0.06795797,0.60756564,0.11392586,0.03938006,0.34419182,-0.08231426,-0.27573943,-0.16148178,-0.26238939,-0.2742787,-0.08413471,-0.16341801,-0.29187989,0.12011191,-0.34436843,-0.40120003,0.32306784,-0.24589376,6682000.12871417,0.15767963,0.21658447,0.13206416,-0.27412218,0.27656379,0.06317237,0.60425186,0.11482925,0.03761261,0.34563163,-0.09213015,-0.28450513,-0.16534299,-0.26592273,-0.27710667,-0.08182997,-0.14848663,-0.29388398,0.11973,-0.34717849,-0.40042344,0.33075914,-0.24646702,6683000.12998311,0.15973692,0.21756035,0.13476448,-0.27402458,0.27396515,0.06430912,0.60358924,0.11552425,0.03531674,0.35284069,-0.09103639,-0.27523246,-0.16270719,-0.27303571,-0.27711049,-0.08226831,-0.16790597,-0.29487368,0.12409761,-0.34644204,-0.39700422,0.33096668,-0.24163586,6684000.12993146,0.16278864,0.22103785,0.13677081,-0.2714487,0.27727437,0.06248546,0.60551757,0.11573915,0.03276612,0.34667605,-0.09377187,-0.27255443,-0.15935209,-0.27186155,-0.2769745,-0.07970789,-0.17575185,-0.29728016,0.11744309,-0.33903298,-0.3964496,0.32430127,-0.24674025,6685000.1308427,0.16253538,0.21905343,0.13318881,-0.26886418,0.27664572,0.06410686,0.60406089,0.11721891,0.03602589,0.34531119,-0.08878148,-0.27727193,-0.1682466,-0.27039164,-0.27490976,-0.08232722,-0.15805711,-0.28978384,0.12026263,-0.3424952,-0.39597523,0.3298302,-0.24180682,6686000.12547436,0.15315334,0.21646261,0.1272746,-0.25688159,0.27410251,0.06590383,0.60269094,0.11463307,0.04477825,0.34822601,-0.07984577,-0.26434657,-0.15336907,-0.26928958,-0.27312031,-0.08119209,-0.16498241,-0.2895219,0.12020686,-0.33566964,-0.39483246,0.32434309,-0.24109863,6687000.1245284,0.15615959,0.21699785,0.12919958,-0.26345336,0.27793568,0.06867554,0.60397863,0.11626451,0.04248301,0.34829682,-0.08425687,-0.26992491,-0.16335449,-0.26642829,-0.2756184,-0.08034501,-0.17159961,-0.29614627,0.1217231,-0.34563664,-0.39761734,0.32441109,-0.25563678,6688000.12524858,0.1581369,0.21850616,0.13136792,-0.26657453,0.27688292,0.06171489,0.60682857,0.11671957,0.03889813,0.34780732,-0.08593377,-0.26175866,-0.16602755,-0.26316664,-0.27563694,-0.07998542,-0.15519163,-0.29405499,0.12335895,-0.35083312,-0.39874727,0.32598385,-0.24944706,6689000.12419762,0.1600617,0.21791628,0.13055849,-0.26420772,0.27820215,0.06671759,0.60451353,0.11589076,0.03805934,0.34321666,-0.08645247,-0.26138914,-0.15839975,-0.2676295,-0.27534571,-0.0824498,-0.162249,-0.29224101,0.12457992,-0.34381968,-0.39991122,0.32095337,-0.24835876,6690000.12803617,0.15989733,0.21440285,0.13300067,-0.26780075,0.27620837,0.06653211,0.60364473,0.11488029,0.03709676,0.34060764,-0.08754979,-0.26658291,-0.15425515,-0.26588622,-0.27469262,-0.08382854,-0.16952418,-0.29328585,0.11761855,-0.34335095,-0.39862561,0.32242408,-0.24285792,6691000.12901843,0.16536017,0.21959405,0.13601157,-0.27398485,0.2742129,0.06270774,0.60135835,0.1156001,0.03457964,0.34335423,-0.08875983,-0.26637399,-0.16124395,-0.2664566,-0.27472556,-0.0842066,-0.15773708,-0.29572907,0.12368259,-0.34591258,-0.39913115,0.32564911,-0.23814616,6692000.12982677,0.16394457,0.21947524,0.1364295,-0.27232385,0.27800459,0.06670374,0.5987125,0.11373343,0.03238445,0.34219447,-0.08721223,-0.27455875,-0.1607652,-0.26348752,-0.27461278,-0.0824831,-0.1642347,-0.29265025,0.12216472,-0.34523576,-0.39741984,0.32672504,-0.24737376,6693000.12689818,0.16193615,0.21796665,0.13252577,-0.26061052,0.27584368,0.0663469,0.59741938,0.11565877,0.039871,0.34497866,-0.07878158,-0.26391506,-0.15198772,-0.26678509,-0.27240214,-0.07897517,-0.17657848,-0.29276207,0.11936738,-0.3356972,-0.39347979,0.32494697,-0.23814194,6694000.12066907,0.16043206,0.21815358,0.12965165,-0.25831655,0.27720189,0.07099631,0.60347319,0.11681241,0.04527955,0.34395707,-0.07527917,-0.2632834,-0.14874522,-0.26152566,-0.27209592,-0.07879585,-0.15641682,-0.29217961,0.12505879,-0.34054503,-0.39468747,0.32431957,-0.24452585,6695000.12530892,0.16310263,0.21697377,0.13258165,-0.26290637,0.27517316,0.06780271,0.60343957,0.11612179,0.04204595,0.35005677,-0.08175506,-0.26128459,-0.14943337,-0.26589301,-0.27293572,-0.07666238,-0.16092446,-0.28813413,0.12004195,-0.3368136,-0.39839464,0.3300623,-0.24761443,6696000.12513429,0.1588001,0.214816,0.13224113,-0.26575091,0.27406907,0.06584796,0.60347074,0.11570859,0.0391063,0.33863074,-0.08306035,-0.26697645,-0.14984879,-0.26189724,-0.27095345,-0.07486092,-0.15626116,-0.28930321,0.12110201,-0.33867961,-0.39941269,0.33061096,-0.25397217,6697000.12384717,0.16469644,0.2168825,0.13486621,-0.26181501,0.27296722,0.06014149,0.60517657,0.11695302,0.03795809,0.33403289,-0.08074253,-0.27481413,-0.14970015,-0.26554376,-0.27175105,-0.0743872,-0.15633041,-0.29056239,0.11885106,-0.33935484,-0.40012452,0.32999623,-0.24541213,6698000.12847039,0.16674721,0.22101571,0.13808915,-0.26683408,0.27606663,0.06883783,0.6036033,0.1151409,0.03546295,0.34798774,-0.08416542,-0.26725346,-0.14973103,-0.26598454,-0.26950419,-0.07976118,-0.15976572,-0.29223141,0.12416688,-0.33975646,-0.39817101,0.32976472,-0.2477441,6699000.13015822,0.16549897,0.22151777,0.13933299,-0.27083412,0.27902529,0.06655125,0.60178006,0.11388309,0.03327246,0.34289905,-0.08143638,-0.26356578,-0.14994022,-0.26448867,-0.27026147,-0.08233718,-0.16105385,-0.29057473,0.12278657,-0.33551735,-0.39671957,0.32616344,-0.23635015,6700000.12799264,0.16481206,0.2196821,0.13715516,-0.26763386,0.27990931,0.06821862,0.60179323,0.11620858,0.03345963,0.33895707,-0.07465448,-0.26049522,-0.1455334,-0.26582724,-0.26964068,-0.07218173,-0.15304768,-0.29013789,0.12427806,-0.33252195,-0.39607939,0.33128676,-0.24116038,6701000.12326145,0.15838347,0.21687585,0.13108911,-0.25375974,0.27481216,0.07217713,0.601502,0.11818102,0.04631712,0.34481797,-0.07390777,-0.26161748,-0.14235374,-0.25968027,-0.26736876,-0.07161812,-0.15982682,-0.28609121,0.12372464,-0.33173478,-0.39449206,0.33233646,-0.24010453,6702000.12310221,0.16057776,0.2206745,0.13157925,-0.25697878,0.27702755,0.07235396,0.6040433,0.11958724,0.04602915,0.35235474,-0.06992283,-0.2649844,-0.14035343,-0.25766683,-0.26863149,-0.07693386,-0.17448664,-0.28861549,0.11878461,-0.34536096,-0.39669847,0.32846406,-0.24728636,6703000.12056699,0.1655167,0.21609168,0.13245447,-0.25922307,0.27811667,0.07166702,0.60264188,0.11970891,0.04188858,0.34719828,-0.06990926,-0.26213133,-0.14436202,-0.2615234,-0.26718885,-0.07484423,-0.15727113,-0.29032984,0.12779814,-0.34092519,-0.39918616,0.32888314,-0.25231034,6704000.12269142,0.16272306,0.21411508,0.13222747,-0.26178119,0.27592245,0.07354286,0.60189277,0.11738221,0.03981786,0.34867403,-0.07650566,-0.26043037,-0.13576101,-0.26145017,-0.26796827,-0.07159562,-0.14618371,-0.28941497,0.12583724,-0.33840704,-0.39997661,0.33081403,-0.25396404,6705000.12376884,0.16447765,0.21703742,0.13368441,-0.26741606,0.27432227,0.06908299,0.60340601,0.11987569,0.03938355,0.34515688,-0.07776676,-0.26781273,-0.13465235,-0.26084256,-0.26593664,-0.06961511,-0.15557969,-0.2887913,0.12358293,-0.33624405,-0.39805681,0.32551059,-0.24554333,6706000.12698373,0.16498916,0.21955098,0.13917631,-0.26445523,0.27774429,0.06916153,0.60061902,0.12152238,0.03594189,0.34036818,-0.07789046,-0.26327074,-0.13457513,-0.25862855,-0.26823017,-0.07266992,-0.15030707,-0.28663996,0.12547618,-0.33760971,-0.3950682,0.33629081,-0.24523294,6707000.12841766,0.16937144,0.22143784,0.14050096,-0.27066621,0.27644145,0.06876467,0.60692358,0.12015471,0.03399293,0.3489821,-0.07987315,-0.25899994,-0.13918787,-0.26093993,-0.26539424,-0.07208637,-0.1487353,-0.28325334,0.1234769,-0.33000991,-0.39465776,0.33265296,-0.24904707,6708000.12555099,0.16661045,0.21950984,0.1346143,-0.26239386,0.27987739,0.07069134,0.60280967,0.12178508,0.03880584,0.3457233,-0.07377322,-0.25934198,-0.13671179,-0.26372004,-0.26537442,-0.07259567,-0.15093286,-0.28230545,0.1226028,-0.32902929,-0.39248648,0.32607415,-0.23972367,6709000.12355584,0.16274452,0.21343291,0.12834255,-0.25192243,0.27679706,0.07336381,0.60249114,0.12133323,0.04659522,0.35058585,-0.06777652,-0.26315519,-0.12803933,-0.2566511,-0.26088858,-0.07463934,-0.15569648,-0.28177056,0.11902051,-0.32885101,-0.39162439,0.32531857,-0.24145047,6710000.12159958,0.16849619,0.21361534,0.13258499,-0.25695223,0.2805638,0.0761733,0.60627687,0.12329882,0.04356526,0.35282707,-0.0690368,-0.26043126,-0.13676415,-0.26032594,-0.26165149,-0.070983,-0.13944416,-0.28171399,0.1219634,-0.33133203,-0.39496818,0.32808524,-0.24722062,6711000.12330845,0.16621752,0.21633358,0.13137026,-0.26011276,0.28059646,0.07389598,0.60507077,0.12345307,0.04151837,0.35404071,-0.07148842,-0.25471726,-0.12873989,-0.26326105,-0.2622678,-0.06749804,-0.13642122,-0.28408742,0.13093118,-0.33202288,-0.39596778,0.3265444,-0.25208607,6712000.12384717,0.16649115,0.21677758,0.1327794,-0.26216975,0.27847525,0.07553249,0.60268867,0.12330386,0.03931535,0.3461704,-0.07300174,-0.25679803,-0.1233246,-0.26020962,-0.26157826,-0.06720144,-0.1493037,-0.28424487,0.12275469,-0.33352122,-0.395935,0.32689574,-0.24999115,6713000.12606223,0.16658165,0.21494402,0.13383263,-0.2608462,0.27480423,0.06932614,0.60539645,0.12123909,0.03728121,0.34776714,-0.07486906,-0.26598766,-0.1231443,-0.25774521,-0.25975198,-0.07077412,-0.14171585,-0.28129986,0.11839238,-0.33995613,-0.39398381,0.32798174,-0.24946621,6714000.12780896,0.16920614,0.22135706,0.13830614,-0.2664133,0.27494636,0.06730141,0.6044746,0.12285266,0.03461178,0.3451151,-0.07751159,-0.26031083,-0.12236366,-0.25873289,-0.26123658,-0.06863604,-0.16354583,-0.28469482,0.11881904,-0.33069,-0.39299646,0.3301613,-0.24798407,6715000.12818252,0.17291781,0.21904872,0.13627559,-0.26871604,0.27535528,0.06775689,0.59937727,0.11898267,0.03222974,0.3427003,-0.07565263,-0.25104558,-0.11811803,-0.26324666,-0.2603749,-0.06906063,-0.1525068,-0.28073484,0.12000443,-0.32361603,-0.39115208,0.32431528,-0.24300964,6716000.12688893,0.16846199,0.21340494,0.13529989,-0.26248977,0.27747175,0.07383001,0.60248929,0.12129316,0.03719345,0.33445549,-0.07072176,-0.25511566,-0.11408585,-0.26201236,-0.25939772,-0.06815838,-0.15365501,-0.27942204,0.11954138,-0.32699057,-0.38887855,0.32771075,-0.24698745,6717000.12274864,0.16394749,0.21196236,0.12902212,-0.2517584,0.27772486,0.07672771,0.60196722,0.12396734,0.04676154,0.34831351,-0.06694937,-0.25137576,-0.11421128,-0.25689617,-0.25746605,-0.06940044,-0.16146927,-0.27592763,0.12038443,-0.32775417,-0.38821504,0.32615349,-0.23896244,6718000.12223546,0.16367349,0.21279156,0.13208266,-0.25314319,0.28070885,0.07089414,0.6053949,0.12181678,0.04362423,0.35146049,-0.06652034,-0.25416711,-0.11064294,-0.2545706,-0.2568419,-0.06266314,-0.15241492,-0.2809239,0.12351872,-0.33356416,-0.39092359,0.32763535,-0.24484491,6719000.12318993,0.16428341,0.21477093,0.13115925,-0.25894651,0.27937061,0.06814426,0.60422146,0.1241033,0.03970335,0.34298649,-0.06759132,-0.26105839,-0.11114692,-0.26119578,-0.25672799,-0.06475437,-0.14005531,-0.27317178,0.11729717,-0.32471675,-0.39083487,0.32115179,-0.24764681,6720000.12730597,0.16502382,0.21680999,0.13352457,-0.2618053,0.28072846,0.07177159,0.60606664,0.12317076,0.03926256,0.34740552,-0.07184642,-0.25440446,-0.1109799,-0.25827184,-0.25666887,-0.06502489,-0.15014422,-0.27663529,0.11210081,-0.3312515,-0.39104459,0.31942153,-0.24656795,6721000.12601146,0.16792585,0.21722172,0.13365366,-0.26418072,0.279515,0.07390016,0.60388076,0.1224523,0.03774892,0.33644852,-0.07184686,-0.26068154,-0.11039136,-0.25778049,-0.25734204,-0.06335203,-0.15390682,-0.27884156,0.11697455,-0.32685688,-0.38978815,0.32560474,-0.23833691,6722000.12842749,0.16756405,0.22026685,0.13609907,-0.26299018,0.27931502,0.07425521,0.60382718,0.12331889,0.03526924,0.34024394,-0.07212443,-0.26067021,-0.10626438,-0.26179761,-0.25674281,-0.06303331,-0.14272304,-0.27742773,0.1183421,-0.33189163,-0.38941273,0.32557005,-0.24289854,6723000.1304886,0.172737,0.21689121,0.1364519,-0.26445964,0.28115007,0.07658019,0.60278857,0.12110567,0.03296909,0.34205088,-0.07929957,-0.25379768,-0.11122334,-0.26277688,-0.25608277,-0.06279337,-0.16032748,-0.27785283,0.11660555,-0.32789832,-0.38638845,0.33184528,-0.24100511,6724000.1270372,0.16967849,0.21806869,0.13172176,-0.25396839,0.27606401,0.07406837,0.60122395,0.12345795,0.03942257,0.34963045,-0.06939171,-0.26019073,-0.11031541,-0.26209924,-0.25530696,-0.06145016,-0.15162429,-0.27566823,0.11878115,-0.31623751,-0.3835144,0.33647215,-0.23883487,6725000.12180395,0.16679554,0.21426553,0.12863395,-0.25284639,0.27724645,0.07353261,0.60305929,0.12463419,0.04718643,0.35261077,-0.06336979,-0.25411108,-0.10378404,-0.26361975,-0.25448725,-0.05915063,-0.13650879,-0.27577832,0.1153836,-0.31979933,-0.38185525,0.3202222,-0.23234323,6726000.1213842,0.17100297,0.21441571,0.13057639,-0.25595096,0.27751341,0.07705601,0.60559225,0.12633784,0.04507884,0.34873012,-0.06502246,-0.24681635,-0.10658721,-0.26277983,-0.25359648,-0.05448894,-0.1382536,-0.27153414,0.11450563,-0.33507502,-0.38230857,0.32878488,-0.23485421,6727000.1230391,0.16912961,0.21414712,0.13002607,-0.25773862,0.2772634,0.07697909,0.60436958,0.12565331,0.04157789,0.34291074,-0.0691128,-0.25409019,-0.10488581,-0.26027244,-0.25256443,-0.05354765,-0.15401259,-0.27085739,0.11498209,-0.32948595,-0.38361517,0.32698485,-0.23456691,6728000.1222506,0.16853295,0.21420535,0.13088405,-0.25796032,0.27460775,0.07170258,0.60407645,0.12561879,0.04153406,0.33556697,-0.07122303,-0.25876373,-0.1014578,-0.25983682,-0.25109538,-0.06507766,-0.1547109,-0.27188593,0.11650717,-0.32546359,-0.38322634,0.32791847,-0.24677011,6729000.12656671,0.17277937,0.21940494,0.13289142,-0.26452923,0.27787161,0.06871196,0.60316265,0.12527525,0.04000108,0.34151852,-0.07224417,-0.26319891,-0.09651974,-0.26340145,-0.25054401,-0.06263857,-0.14395227,-0.27005863,0.11626142,-0.32536027,-0.37967721,0.3280071,-0.24165682,6730000.12528817,0.17456162,0.21887217,0.13564415,-0.26783749,0.27722737,0.07150626,0.60280967,0.12500021,0.03680534,0.33655846,-0.07187469,-0.26014605,-0.09660055,-0.26445365,-0.25139603,-0.05901369,-0.1578057,-0.27214807,0.1157947,-0.32425421,-0.37829256,0.33168721,-0.23201732,6731000.12793104,0.17375284,0.21951711,0.13771443,-0.25982457,0.27528343,0.07487726,0.59984457,0.12348557,0.03564322,0.34374705,-0.07319901,-0.25638458,-0.09997945,-0.27233574,-0.25281334,-0.05510803,-0.14936395,-0.27559799,0.1160809,-0.31688455,-0.37552267,0.32939973,-0.23542157,6732000.12378124,0.17066079,0.21582161,0.12884293,-0.25025573,0.27560052,0.08096808,0.59842604,0.12326945,0.04701881,0.3408387,-0.06242732,-0.25772893,-0.09269212,-0.26621798,-0.24950042,-0.05138079,-0.14765736,-0.26883173,0.11704043,-0.30777374,-0.37422681,0.33288202,-0.22955191,6733000.12344971,0.16897219,0.21532741,0.13054386,-0.24849036,0.27380452,0.08348104,0.60194933,0.12661885,0.05074399,0.34150556,-0.06048335,-0.25705883,-0.08336765,-0.26091188,-0.24764509,-0.04973298,-0.15165289,-0.26671615,0.10879795,-0.31692368,-0.37408912,0.32384303,-0.23203641,6734000.12320536,0.16786832,0.21547808,0.13156463,-0.26056981,0.27633563,0.07689705,0.60187042,0.12630393,0.04713729,0.34853354,-0.0679436,-0.24861559,-0.08676741,-0.26540628,-0.24917409,-0.04720192,-0.14757572,-0.2689659,0.11358475,-0.32642272,-0.37501228,0.3279205,-0.24751222,6735000.12389109,0.1681689,0.21589181,0.1313861,-0.25625235,0.27975982,0.0740303,0.60139942,0.12537037,0.0446942,0.35000524,-0.06807256,-0.24475761,-0.08675427,-0.26606241,-0.24858882,-0.05029165,-0.14221752,-0.26892203,0.11568345,-0.32133269,-0.37550092,0.32461381,-0.24001746,6736000.12397882,0.17041214,0.21999875,0.13321653,-0.25918022,0.27446431,0.07407947,0.60234809,0.12623611,0.04314996,0.33294296,-0.07469814,-0.25398254,-0.0870855,-0.26971915,-0.24907471,-0.0486052,-0.15436874,-0.2721661,0.10739832,-0.31895313,-0.37445202,0.32397145,-0.23055322,6737000.12748823,0.16834371,0.21940494,0.13357082,-0.26286045,0.27610469,0.07637468,0.60544306,0.12471025,0.04060843,0.34406024,-0.07635872,-0.25259009,-0.08832644,-0.27015534,-0.2473741,-0.04868063,-0.16014662,-0.26610845,0.10708025,-0.31410444,-0.37245935,0.32768387,-0.22755913,6738000.12851404,0.17305624,0.21653554,0.1345074,-0.26590526,0.27979606,0.07350985,0.60165513,0.12382481,0.03911575,0.3383483,-0.07770494,-0.25525782,-0.09144394,-0.26956061,-0.24916026,-0.05217688,-0.14777732,-0.27034488,0.10928189,-0.31930807,-0.37016481,0.32742032,-0.22058065,6739000.1275138,0.17071877,0.21641131,0.13745365,-0.26439875,0.27927554,0.07392145,0.60172611,0.12279276,0.03798538,0.33874071,-0.07210304,-0.25799713,-0.08910841,-0.27086514,-0.24872835,-0.04572086,-0.14586231,-0.27105036,0.11092754,-0.31448746,-0.368844,0.33370078,-0.22617505,6740000.12666374,0.16669524,0.21345586,0.13037819,-0.24771766,0.27768561,0.07180912,0.60026497,0.12438476,0.04771804,0.34749767,-0.06535642,-0.25710997,-0.08775155,-0.26785579,-0.24509355,-0.04480653,-0.15185849,-0.26704156,0.11332315,-0.31275061,-0.36685607,0.32210428,-0.22879571,6741000.12341776,0.1661604,0.21198741,0.1277121,-0.2493538,0.27033478,0.07998682,0.60140634,0.12666769,0.05319096,0.341571,-0.06611879,-0.25386456,-0.08397403,-0.2625539,-0.24391146,-0.04350245,-0.14817089,-0.26619366,0.11040149,-0.31678426,-0.36678326,0.32143882,-0.22930762,6742000.12208849,0.16820204,0.21314017,0.13007449,-0.26065752,0.27619526,0.07694901,0.60065889,0.12476657,0.04775984,0.34150556,-0.07273733,-0.25445554,-0.08726544,-0.26908797,-0.24414822,-0.04239572,-0.1508559,-0.26466978,0.10976835,-0.32333484,-0.36907831,0.33026019,-0.22999577,6743000.12395371,0.1660938,0.21281528,0.13017124,-0.26155415,0.27585489,0.07818611,0.60231072,0.12426835,0.04454301,0.34788504,-0.07611687,-0.25058019,-0.08643211,-0.26641724,-0.24378346,-0.04428028,-0.14675005,-0.2663433,0.10762977,-0.31963363,-0.36943206,0.33389702,-0.22870141,6744000.12365003,0.16636555,0.21452624,0.13081788,-0.25904208,0.27811942,0.07108993,0.60218269,0.11955651,0.04304929,0.34798428,-0.07539784,-0.25137413,-0.08306636,-0.26773745,-0.2438895,-0.04479584,-0.14729586,-0.26898313,0.11446927,-0.31942156,-0.37026146,0.32396853,-0.22847885,6745000.1273149,0.1681854,0.21547143,0.13125451,-0.26837394,0.27444813,0.07045811,0.60291892,0.11912856,0.04126506,0.35008928,-0.0794332,-0.25772899,-0.09035708,-0.27183214,-0.24520089,-0.04657984,-0.15753068,-0.26845932,0.11077355,-0.32546836,-0.36959577,0.32730049,-0.22866836,6746000.12647198,0.17147842,0.21310806,0.13356845,-0.2664378,0.27277315,0.06770819,0.60039192,0.12132692,0.0384496,0.34003296,-0.08642671,-0.25630894,-0.08524801,-0.27348465,-0.24519828,-0.04807487,-0.15725273,-0.26921842,0.10834337,-0.32433909,-0.36861584,0.33194098,-0.225673,6747000.12907952,0.16911249,0.21608306,0.13427699,-0.26657438,0.27692202,0.06813072,0.60172611,0.11875014,0.03592869,0.34279323,-0.08675642,-0.25766808,-0.0941413,-0.27328691,-0.24534683,-0.04822586,-0.15782069,-0.27022493,0.10827618,-0.31843615,-0.36793822,0.32961544,-0.22742456,6748000.12687206,0.16836876,0.21540245,0.13399856,-0.26459336,0.27905783,0.06703571,0.59982306,0.12048382,0.03646736,0.34235141,-0.07985805,-0.26123849,-0.09094875,-0.26966599,-0.24770318,-0.04893683,-0.15404443,-0.26742452,0.11136534,-0.32341948,-0.36600378,0.32560885,-0.22065477,6749000.12446799,0.1644126,0.21422108,0.12779126,-0.25353104,0.27782699,0.07148751,0.5959208,0.12285434,0.04757195,0.33653614,-0.07566392,-0.26278761,-0.08690291,-0.26833797,-0.24361023,-0.04427052,-0.14907323,-0.26833856,0.1110447,-0.31386799,-0.36396584,0.31721124,-0.21430494,6750000.12601252,0.16202821,0.21290153,0.12790611,-0.25872311,0.27583775,0.07364476,0.59970081,0.12233103,0.04998996,0.34583619,-0.07409481,-0.25492528,-0.08872039,-0.26601478,-0.24509923,-0.03663251,-0.15714592,-0.26763812,0.10693488,-0.32204774,-0.36638644,0.33166569,-0.22319376,6751000.12503064,0.16911307,0.2147027,0.1286823,-0.26261669,0.27785248,0.06523272,0.59714824,0.1207377,0.04528606,0.35070339,-0.08048522,-0.25687826,-0.08752812,-0.26498204,-0.24719322,-0.04085182,-0.1433828,-0.270605,0.10870881,-0.32306042,-0.36924085,0.3283934,-0.22871354,6752000.12368449,0.16676892,0.21422906,0.13033174,-0.26548129,0.2783668,0.07278425,0.60133713,0.12163866,0.04355313,0.34173384,-0.07951961,-0.26742142,-0.08699694,-0.2686018,-0.24783346,-0.04471343,-0.13931988,-0.27002758,0.11073904,-0.32069674,-0.36890182,0.32887566,-0.22839291,6753000.12449216,0.16453034,0.21673661,0.13314702,-0.26622739,0.27883393,0.07184938,0.6016323,0.12135622,0.04108819,0.34271461,-0.08202111,-0.27351695,-0.09183085,-0.26544255,-0.24672064,-0.0427665,-0.14675105,-0.27337611,0.11201275,-0.32177758,-0.37039065,0.32630411,-0.22694063,6754000.12626263,0.16612016,0.21319398,0.13525212,-0.27134883,0.27935374,0.0687501,0.59693301,0.1197705,0.03865561,0.34688404,-0.0881535,-0.26436079,-0.0903272,-0.26573318,-0.25058731,-0.04572166,-0.16154023,-0.2670671,0.11364108,-0.32209358,-0.37106839,0.32485133,-0.22208495,6755000.12920997,0.16850616,0.21912672,0.13664256,-0.27478716,0.2782084,0.06721553,0.59929293,0.11847401,0.03447892,0.35067341,-0.08864966,-0.26068932,-0.10170334,-0.2704919,-0.25012282,-0.04548242,-0.15361576,-0.27282292,0.11810309,-0.32451755,-0.36857852,0.32743898,-0.22560851,6756000.13147224,0.16938576,0.21593088,0.1380135,-0.27661741,0.28058016,0.06853087,0.5971511,0.11870562,0.03268907,0.33171102,-0.08879465,-0.26535228,-0.10001761,-0.2700336,-0.25139958,-0.04790854,-0.15874404,-0.27386662,0.11460245,-0.32285002,-0.36759892,0.33360562,-0.22070402,6757000.13060175,0.16663699,0.21834539,0.13796096,-0.27473202,0.28439593,0.0669215,0.59910357,0.12036639,0.03234295,0.33404949,-0.08712453,-0.26676923,-0.09284149,-0.2667214,-0.25115111,-0.04551745,-0.16319396,-0.2736105,0.10937256,-0.32629129,-0.3670738,0.327602,-0.21945946,6758000.12682004,0.16525842,0.21294345,0.1306808,-0.25955948,0.27602792,0.07160183,0.59573179,0.12013935,0.04610481,0.34218091,-0.07930017,-0.26018,-0.09473307,-0.26780152,-0.24896502,-0.03986605,-0.15631241,-0.27364075,0.11465821,-0.32227135,-0.36404979,0.33401054,-0.22322516,6759000.12676793,0.16553268,0.21348612,0.13138144,-0.25903383,0.28415027,0.07379086,0.59732014,0.12163928,0.04832414,0.34117848,-0.0801819,-0.25302339,-0.09938616,-0.26811114,-0.25030711,-0.03986236,-0.1538426,-0.27543208,0.10744832,-0.32885233,-0.36682937,0.32456443,-0.21804565,6760000.12744546,0.16665556,0.21620463,0.13363141,-0.26322633,0.28561482,0.07454632,0.59872019,0.12276661,0.04400587,0.34003779,-0.07722659,-0.26153252,-0.09645279,-0.2689859,-0.25180516,-0.03902674,-0.1594366,-0.27342078,0.11421628,-0.32694083,-0.36965159,0.32805336,-0.22608453,6761000.12822731,0.16531229,0.21787861,0.13257663,-0.26626953,0.2851125,0.07213455,0.59862262,0.12047253,0.04177171,0.34580317,-0.07906089,-0.26086712,-0.10234285,-0.26726037,-0.2505182,-0.04419352,-0.15439214,-0.27146491,0.12025972,-0.32674572,-0.37132919,0.32990652,-0.22499342,6762000.13063516,0.16761862,0.21596135,0.13280052,-0.26448843,0.28241947,0.0729839,0.59459621,0.12157831,0.04100483,0.34514338,-0.08051986,-0.25821847,-0.09904255,-0.26834336,-0.25210279,-0.04378861,-0.14360707,-0.27227685,0.11315064,-0.33481908,-0.37117162,0.32929102,-0.22092351,6763000.12953076,0.17022596,0.21527749,0.1364582,-0.27213684,0.28043857,0.07319058,0.59867769,0.12271643,0.03935675,0.33394516,-0.0814936,-0.26275536,-0.09798957,-0.2664566,-0.25382221,-0.0393306,-0.15714781,-0.27108178,0.11570201,-0.32648328,-0.3712191,0.3298533,-0.22340538,6764000.12801898,0.17012095,0.21982321,0.13869148,-0.270955,0.28058016,0.06918805,0.59726387,0.1202654,0.03469668,0.34410098,-0.08454828,-0.26522902,-0.10560396,-0.26655984,-0.25376517,-0.04177099,-0.16423957,-0.27140421,0.12021361,-0.32574013,-0.37156722,0.33503497,-0.21722718,6765000.13435042,0.17428206,0.21728164,0.14008039,-0.27381641,0.28480917,0.07011823,0.5996536,0.12024568,0.03358718,0.34848717,-0.08069335,-0.26133895,-0.09868085,-0.26683816,-0.25458035,-0.03957896,-0.16443563,-0.27319047,0.11547314,-0.32441425,-0.36966616,0.33268264,-0.22210391,6766000.13254498,0.16949677,0.21603474,0.13398564,-0.26285559,0.2790013,0.06871487,0.59934896,0.12153154,0.04251882,0.34006423,-0.07701345,-0.25300017,-0.10120416,-0.27010992,-0.25157842,-0.04072744,-0.16714837,-0.27028859,0.11792403,-0.32768559,-0.3685455,0.33053625,-0.21984363,6767000.1275049,0.16530514,0.21580164,0.13307159,-0.25792971,0.27766913,0.07387901,0.59438437,0.12280019,0.0491819,0.35475677,-0.07208637,-0.26486564,-0.09789329,-0.26606485,-0.25085768,-0.04002679,-0.14558855,-0.27143395,0.11652277,-0.31785592,-0.36879233,0.32809365,-0.22621943,6768000.12870452,0.16890675,0.2163063,0.13883872,-0.26639086,0.28525349,0.07391009,0.59975648,0.12377029,0.0457181,0.35855371,-0.07434513,-0.2634992,-0.094967,-0.26521644,-0.2547096,-0.03633744,-0.13893405,-0.27545166,0.12147913,-0.33703744,-0.37106788,0.32598218,-0.2274711,6769000.13137352,0.16975804,0.21922494,0.13598429,-0.26685771,0.284338,0.07478511,0.59741688,0.12208579,0.04285333,0.34459707,-0.0749465,-0.26658848,-0.09934826,-0.26757845,-0.25488845,-0.0419504,-0.16092913,-0.27659029,0.11725964,-0.32895446,-0.37179974,0.33706328,-0.2279169,6770000.13179128,0.1674878,0.21556462,0.13465776,-0.26697078,0.28264496,0.06893191,0.59668416,0.11935988,0.04177473,0.34100616,-0.0793727,-0.25204596,-0.09610656,-0.26473346,-0.25296065,-0.04026604,-0.16466194,-0.27440211,0.11579457,-0.32236728,-0.37247303,0.33886138,-0.22878982,6771000.13248654,0.16843422,0.21729983,0.13821642,-0.26951733,0.28173581,0.07108095,0.59738529,0.12261487,0.04014867,0.34852448,-0.07920277,-0.26354665,-0.10415675,-0.26837626,-0.25317043,-0.0375592,-0.15580137,-0.27277556,0.1196851,-0.32357922,-0.37289664,0.33444995,-0.2292597,6772000.13349831,0.17445734,0.21918467,0.13963802,-0.27335954,0.28268149,0.06994887,0.59503162,0.11992714,0.03614737,0.3545776,-0.0817339,-0.26646951,-0.1022395,-0.26922956,-0.25347584,-0.03674352,-0.1507083,-0.27420127,0.11697978,-0.32852295,-0.37075421,0.33587691,-0.21959208,6773000.13523771,0.1722084,0.21888031,0.13912864,-0.26980969,0.28263962,0.06988141,0.593611,0.120937,0.03516476,0.3436476,-0.07652146,-0.25551611,-0.1063672,-0.26637051,-0.25450945,-0.04100601,-0.16563089,-0.2738905,0.11334592,-0.32546335,-0.36985144,0.33261266,-0.21976528,6774000.12861605,0.1687032,0.2131048,0.13212635,-0.2562269,0.27426037,0.07558496,0.59881955,0.11974265,0.04702309,0.34207067,-0.06811075,-0.25131643,-0.10514634,-0.26702979,-0.25138396,-0.0340139,-0.15144397,-0.27092931,0.11556631,-0.32500288,-0.36958995,0.33078778,-0.2247836,6775000.13039014,0.1684991,0.2162063,0.13177909,-0.25520763,0.2800914,0.07831345,0.59724116,0.12373062,0.05037187,0.35243979,-0.06903644,-0.25018805,-0.0970599,-0.26208726,-0.25187778,-0.03627627,-0.15792921,-0.27298704,0.11512748,-0.32875559,-0.37101865,0.32607296,-0.23391685,6776000.13248654,0.17224805,0.21514805,0.13669997,-0.26298571,0.28534234,0.07904333,0.59917033,0.12237522,0.04479083,0.35850906,-0.07295467,-0.25001982,-0.10362615,-0.26359573,-0.25415513,-0.03805838,-0.15687601,-0.27176201,0.1124956,-0.33521575,-0.37386167,0.32130501,-0.23139569,6777000.1305652,0.16798997,0.21624115,0.13779984,-0.26371974,0.27661648,0.07296044,0.59884518,0.12024873,0.04338334,0.35645053,-0.07479783,-0.25974512,-0.1011913,-0.26184919,-0.25420079,-0.03900521,-0.15850259,-0.27150822,0.11270157,-0.33212936,-0.37435493,0.33389163,-0.22648275,6778000.13026078,0.17702104,0.21609595,0.13885261,-0.26483056,0.28225765,0.07204673,0.60154939,0.12037314,0.04156925,0.34458244,-0.07495394,-0.257817,-0.10448971,-0.26386303,-0.25472528,-0.0381754,-0.14989343,-0.27442956,0.11742067,-0.32556677,-0.37488979,0.32984787,-0.22464457,6779000.13294744,0.17568363,0.21939126,0.14169058,-0.26451278,0.28514326,0.07093896,0.60346061,0.12018286,0.03840929,0.34633416,-0.07792981,-0.25717774,-0.10072734,-0.26510063,-0.25521678,-0.03619891,-0.15994732,-0.27570733,0.11984461,-0.32479316,-0.37541127,0.33063138,-0.21848404,6780000.13623853,0.1733585,0.22245471,0.14334209,-0.26895419,0.28303686,0.06391291,0.59600496,0.11953073,0.03630925,0.35252666,-0.08182885,-0.26171339,-0.10852107,-0.26661998,-0.25507802,-0.03349851,-0.15475664,-0.27629238,0.11492433,-0.31619313,-0.3747353,0.33486921,-0.22545147,6781000.13597617,0.17633407,0.21921062,0.13873284,-0.26812851,0.28308338,0.07154312,0.59427065,0.12078908,0.03647693,0.35585204,-0.07911675,-0.25678682,-0.10858624,-0.26534691,-0.25240684,-0.03602392,-0.15538824,-0.27181685,0.11727674,-0.31947288,-0.37278837,0.33425733,-0.21438323,6782000.13383597,0.17259501,0.21298648,0.13360219,-0.25267068,0.28010738,0.07451378,0.59655857,0.12145153,0.04779573,0.36232078,-0.07221087,-0.25235692,-0.10689557,-0.25981325,-0.2512452,-0.03282896,-0.14935194,-0.2707825,0.11874929,-0.32088363,-0.37200394,0.33103037,-0.22225921,6783000.13291228,0.17216162,0.21247028,0.13384062,-0.25808555,0.28068537,0.07332455,0.59907776,0.12094049,0.04636157,0.35843155,-0.07393941,-0.25938001,-0.1037033,-0.25845718,-0.25147203,-0.03064164,-0.15207489,-0.27262381,0.11500415,-0.32288021,-0.37583348,0.33255643,-0.22861154,6784000.12771481,0.17251533,0.21908419,0.13622439,-0.25837079,0.28711671,0.06995283,0.59873635,0.12097356,0.04356556,0.35228869,-0.07533762,-0.25895482,-0.10036907,-0.26451463,-0.25394022,-0.0351481,-0.15381123,-0.27563801,0.11626502,-0.3378861,-0.37850812,0.32778779,-0.22238491,6785000.13123596,0.17356114,0.21796277,0.13474962,-0.26234448,0.28366911,0.07023982,0.5972091,0.1218221,0.04086218,0.34662634,-0.07897443,-0.2590363,-0.10581455,-0.26322389,-0.25451356,-0.03756779,-0.15460438,-0.27554926,0.11810124,-0.32709882,-0.37960526,0.33663401,-0.22896065,6786000.13313429,0.17387712,0.21725489,0.13424726,-0.26721355,0.28295749,0.06750987,0.59748399,0.11967635,0.03806267,0.34495574,-0.08381524,-0.26043427,-0.11273175,-0.26122883,-0.25743067,-0.03829748,-0.16192526,-0.2755596,0.12200709,-0.32544473,-0.38079181,0.34021062,-0.22856656,6787000.13408415,0.17454061,0.22076927,0.13839765,-0.26795167,0.28370565,0.06801625,0.59673327,0.11993331,0.03579113,0.34313607,-0.08422683,-0.25659388,-0.11167869,-0.26732108,-0.2592617,-0.04259119,-0.15783811,-0.27492428,0.12283356,-0.33556038,-0.38117224,0.33463916,-0.22073135,6788000.13633712,0.1738956,0.21769071,0.13930833,-0.27185005,0.28223717,0.06959318,0.59856343,0.11982551,0.03327072,0.35553882,-0.08709648,-0.26761749,-0.11324436,-0.26329008,-0.25662524,-0.04342278,-0.16010951,-0.27360001,0.11970977,-0.32781988,-0.3806003,0.33585769,-0.23011366,6789000.13550742,0.17229171,0.21646978,0.13436431,-0.26512972,0.28286925,0.06825587,0.59742081,0.12008294,0.03643223,0.34985596,-0.08411787,-0.25638944,-0.11768924,-0.25971872,-0.2566939,-0.04077705,-0.15018336,-0.2749947,0.11835927,-0.31998828,-0.37971836,0.33617732,-0.22331862,6790000.12845181,0.17061441,0.21337587,0.12859783,-0.2571198,0.27912644,0.07206831,0.59501296,0.11909123,0.04762224,0.33912966,-0.08285064,-0.25988844,-0.11991797,-0.26145992,-0.25452819,-0.03750376,-0.15410784,-0.27535257,0.11892092,-0.32509694,-0.37998191,0.3232668,-0.22267789,6791000.12681137,0.17078319,0.21385978,0.13149686,-0.26263452,0.28324476,0.06701747,0.59746099,0.117652,0.04371446,0.34629124,-0.08342282,-0.26279044,-0.11199269,-0.26090205,-0.2561217,-0.03902962,-0.16117631,-0.27340734,0.12013427,-0.32852393,-0.38241884,0.32482147,-0.22919351,6792000.12978348,0.16983812,0.21194829,0.13321477,-0.26703671,0.28254485,0.07036252,0.59927034,0.11619604,0.03802535,0.35098669,-0.09035677,-0.26236024,-0.11459364,-0.26289889,-0.25888193,-0.03891445,-0.15075365,-0.27551094,0.1121868,-0.33248949,-0.38542405,0.32639107,-0.23245129,6793000.12629876,0.16972001,0.21935242,0.13224299,-0.26663077,0.28136811,0.06692246,0.59783864,0.11676446,0.03648531,0.35564002,-0.09103195,-0.26642972,-0.11819805,-0.26272625,-0.25871041,-0.04038291,-0.14793439,-0.27917802,0.11806517,-0.33593765,-0.38552552,0.3255927,-0.23327935,6794000.13068844,0.17499271,0.21601893,0.13481826,-0.2708433,0.28146052,0.06662483,0.60184366,0.11595681,0.03495877,0.34739539,-0.09417862,-0.26600558,-0.11774344,-0.26510793,-0.26062232,-0.04394561,-0.15469442,-0.27738512,0.12020919,-0.33805236,-0.3876949,0.332252,-0.23049562,6795000.13317746,0.17525062,0.21908835,0.13577574,-0.27621973,0.28658873,0.06212471,0.59836084,0.11681877,0.03222825,0.34245104,-0.10195896,-0.26984015,-0.11615059,-0.26518017,-0.26217771,-0.04908798,-0.16034777,-0.2772938,0.11612555,-0.33728105,-0.38784048,0.32756767,-0.2281101,6796000.13408415,0.17242396,0.22340252,0.1407578,-0.27669546,0.28028029,0.06444883,0.60177577,0.1140122,0.02871179,0.34057924,-0.09979783,-0.26533946,-0.1204337,-0.26962012,-0.26221997,-0.04829466,-0.16641393,-0.28198037,0.12042291,-0.33732688,-0.38642555,0.33387575,-0.23038068,6797000.13149732,0.16885319,0.21932581,0.13621283,-0.26969352,0.27817231,0.06557241,0.59639728,0.11619019,0.03473478,0.33820975,-0.0971742,-0.27462649,-0.12690438,-0.26710343,-0.26135001,-0.04791456,-0.1608884,-0.28056043,0.12863222,-0.3368189,-0.38544166,0.33453277,-0.23266985,6798000.12978348,0.16779217,0.21732643,0.13083613,-0.26611513,0.27946198,0.0688966,0.59879136,0.11499497,0.04162313,0.34714338,-0.09768575,-0.26438054,-0.1198613,-0.26284558,-0.2619963,-0.04825043,-0.16135852,-0.28202569,0.12057879,-0.33264238,-0.3869569,0.33536583,-0.2441795,6799000.12953179,0.17017116,0.21812643,0.1333649,-0.27072331,0.28382319,0.06536221,0.59765375,0.11496793,0.03658768,0.34676629,-0.10322712,-0.2727178,-0.1230816,-0.26410997,-0.26410332,-0.05110077,-0.15886299,-0.28201112,0.11859948,-0.34137768,-0.39108521,0.32665971,-0.24394277,6800000.13000125,0.16896349,0.21848248,0.13378669,-0.27143824,0.28285909,0.06454955,0.59663099,0.11268605,0.03405869,0.34194955,-0.10440068,-0.27294239,-0.12183226,-0.26397967,-0.26490983,-0.05414074,-0.16600707,-0.28463814,0.11685539,-0.3423059,-0.39285913,0.32604685,-0.24270934,6801000.13190693,0.167955,0.21585463,0.13188952,-0.27642483,0.28359205,0.06546709,0.59891063,0.11413646,0.03369274,0.34006387,-0.10177647,-0.27900535,-0.12555738,-0.26340055,-0.26571694,-0.05258836,-0.15362479,-0.28055421,0.12136724,-0.3454102,-0.39504367,0.32550231,-0.24070969,6802000.1327512,0.16379306,0.2175668,0.13440222,-0.28154427,0.28414685,0.06056758,0.59758186,0.1130538,0.03250219,0.33283448,-0.10823283,-0.27943742,-0.1305721,-0.2628805,-0.26832065,-0.05568094,-0.16540274,-0.28487423,0.12103219,-0.33529258,-0.39539036,0.32338354,-0.24059661,6803000.1340922,0.16433592,0.21868934,0.13764693,-0.28564817,0.28393218,0.0611885,0.59657574,0.113439,0.02850778,0.33353144,-0.11454566,-0.27873263,-0.12692769,-0.26113904,-0.26673567,-0.05681598,-0.15573591,-0.28220123,0.11933912,-0.34005773,-0.39271009,0.33417875,-0.23963258,6804000.13031411,0.17103018,0.22090094,0.13644311,-0.27689534,0.28271404,0.06477232,0.59737051,0.11267732,0.02905514,0.33585736,-0.11215104,-0.2813997,-0.13685071,-0.26154178,-0.26636356,-0.05841785,-0.17175159,-0.28311446,0.11826278,-0.34002736,-0.39153096,0.32965323,-0.23548238,6805000.12738463,0.16078751,0.21292949,0.12742038,-0.27212986,0.27794361,0.06506172,0.59682345,0.11423943,0.03971837,0.34025151,-0.10693114,-0.28572103,-0.13761869,-0.26068687,-0.26640972,-0.06588541,-0.16818275,-0.28439826,0.11830442,-0.33664066,-0.39291319,0.32745332,-0.23915245,6806000.12686321,0.16496846,0.21712838,0.12994452,-0.27660692,0.2813766,0.0716997,0.5961957,0.11346205,0.03918529,0.33798608,-0.10873629,-0.28897965,-0.13433789,-0.26392269,-0.26731083,-0.05898746,-0.16669364,-0.2897318,0.11158021,-0.34793869,-0.39510447,0.32498813,-0.24437808,6807000.1299493,0.16585262,0.21783736,0.13099794,-0.27814603,0.28168035,0.06116008,0.59428626,0.11098954,0.03402763,0.33087453,-0.11234801,-0.27411157,-0.13509123,-0.26235655,-0.27066955,-0.05927949,-0.16916902,-0.28380698,0.11539599,-0.35519803,-0.39764568,0.32989359,-0.24467856,6808000.13042799,0.16516076,0.21506032,0.1297501,-0.27737138,0.27935737,0.06048091,0.59697366,0.11184263,0.03246661,0.33671555,-0.11737782,-0.28234988,-0.1330376,-0.26073316,-0.26996338,-0.06228664,-0.17495379,-0.28838727,0.11301236,-0.3472693,-0.39771754,0.32960626,-0.24950966,6809000.12728791,0.16361521,0.22114633,0.131484,-0.28328642,0.27901787,0.06169681,0.59515762,0.11238632,0.03029176,0.32937902,-0.11598484,-0.28049856,-0.13816988,-0.26500192,-0.27165911,-0.06053167,-0.17179967,-0.28953707,0.11904436,-0.34604064,-0.39902601,0.3296096,-0.25037247,6810000.12988742,0.16591144,0.22123821,0.13554001,-0.28319773,0.28121522,0.05882395,0.59362215,0.11067336,0.02790403,0.32697383,-0.12092523,-0.28468597,-0.13534267,-0.26457801,-0.27278161,-0.06515469,-0.16166286,-0.2875011,0.1169425,-0.35511661,-0.39900446,0.33300689,-0.24479696,6811000.13095844,0.16471621,0.21732958,0.1335102,-0.28431967,0.28132132,0.05652823,0.58846009,0.10877474,0.0280582,0.33485922,-0.12041329,-0.29276603,-0.13731952,-0.26007193,-0.27150208,-0.0671245,-0.16807413,-0.28901088,0.1217991,-0.35556316,-0.39630312,0.3311336,-0.25011688,6812000.12727877,0.16286215,0.21289934,0.12194002,-0.27892417,0.28121284,0.05365641,0.5868814,0.10770693,0.03743502,0.33633509,-0.11001499,-0.2866444,-0.1408615,-0.26272342,-0.26882485,-0.06368271,-0.17011932,-0.29013398,0.11595704,-0.35229573,-0.39453086,0.33037961,-0.24270934,6813000.12650444,0.16231467,0.21706775,0.12188439,-0.27481538,0.28082398,0.05908723,0.59191132,0.10703214,0.03947971,0.33435237,-0.10910562,-0.26307571,-0.1356253,-0.26197401,-0.27191818,-0.0654491,-0.16859756,-0.28929329,0.11461283,-0.35316476,-0.3981449,0.32576594,-0.24442725,6814000.12807623,0.15955891,0.2173101,0.12553708,-0.28178367,0.28044936,0.06049883,0.59185582,0.1068491,0.03434016,0.3303245,-0.11238948,-0.27969962,-0.13617547,-0.25989085,-0.27306622,-0.06757121,-0.16500083,-0.29044631,0.11920602,-0.35605392,-0.40105557,0.33270502,-0.24989519,6815000.12817977,0.15837319,0.21881714,0.12827459,-0.28205773,0.28321865,0.05174913,0.59247547,0.10584991,0.03317202,0.33071941,-0.11304038,-0.28936857,-0.1404441,-0.2636528,-0.27325085,-0.06594175,-0.17320739,-0.28958419,0.12102365,-0.3553783,-0.40361542,0.33219486,-0.25876564,6816000.12779681,0.16125648,0.21813805,0.12955447,-0.28625485,0.28196713,0.05585476,0.5919323,0.10706504,0.03169785,0.33135131,-0.11838584,-0.29521644,-0.14932302,-0.26220995,-0.27295652,-0.0716953,-0.17172015,-0.29059783,0.11656713,-0.3564305,-0.40371841,0.33068258,-0.25509354,6817000.12993832,0.16023539,0.22227781,0.13025233,-0.29220903,0.27973288,0.06066679,0.59364998,0.10715535,0.02907234,0.3374126,-0.11660897,-0.28674001,-0.14593463,-0.26284558,-0.2752234,-0.07017217,-0.18059073,-0.29171067,0.11201847,-0.35551327,-0.40348816,0.33488217,-0.2551952,6818000.13208157,0.16402692,0.22052853,0.13175988,-0.29011261,0.28105578,0.05284351,0.59218085,0.1057172,0.02674027,0.3373768,-0.11835319,-0.28605896,-0.14985192,-0.26292208,-0.27753055,-0.07086885,-0.18003531,-0.29270205,0.12043621,-0.3566983,-0.4023698,0.33348551,-0.25130042,6819000.12946971,0.16095203,0.21367171,0.12583399,-0.28419372,0.27789199,0.05599919,0.59191602,0.10571463,0.03155432,0.33175763,-0.11725485,-0.28514248,-0.14904882,-0.26426554,-0.27554595,-0.06856969,-0.17232682,-0.2904636,0.11803551,-0.35564229,-0.40096924,0.33809263,-0.24863909,6820000.12405341,0.15710023,0.21098818,0.11797646,-0.27602926,0.27819535,0.05539064,0.58991486,0.10534225,0.03926369,0.33620664,-0.10913768,-0.2892969,-0.1532422,-0.26100406,-0.27408841,-0.06991335,-0.16821502,-0.28935799,0.1105189,-0.36020556,-0.40108785,0.33932573,-0.24912925,6821000.12440645,0.15807879,0.21477093,0.12113617,-0.28298673,0.27967823,0.05263602,0.59247851,0.10356951,0.03570467,0.33381087,-0.11247286,-0.292831,-0.15207483,-0.2567544,-0.2775481,-0.07256042,-0.15930396,-0.29294688,0.1123736,-0.36475307,-0.40489417,0.33004054,-0.25970659,6822000.12568156,0.15758407,0.21716356,0.12407895,-0.28391126,0.28273633,0.04979089,0.59325475,0.10303602,0.03152143,0.33831963,-0.11570253,-0.29596204,-0.14596425,-0.26407978,-0.27776375,-0.0718167,-0.16249679,-0.29107004,0.11632761,-0.36608297,-0.4075332,0.32342839,-0.25937206,6823000.12935413,0.15380596,0.21725416,0.12487325,-0.28763872,0.28094923,0.05307661,0.59357101,0.10178957,0.02925987,0.32739666,-0.11728118,-0.29828241,-0.15293346,-0.2597023,-0.27939641,-0.07395735,-0.1801358,-0.29462397,0.11780078,-0.36284852,-0.40931815,0.33396325,-0.25478008,6824000.1289019,0.15769641,0.21822639,0.1278047,-0.29092249,0.28270233,0.0444697,0.59324706,0.10301815,0.02712422,0.32389194,-0.11554646,-0.2987974,-0.15962087,-0.26109704,-0.27865463,-0.07654684,-0.18207431,-0.29520306,0.11613435,-0.36536968,-0.41040441,0.33074293,-0.25702623,6825000.12876983,0.15893197,0.22248863,0.12940897,-0.29316583,0.28157577,0.04891743,0.59144282,0.10379959,0.02535459,0.32943484,-0.12112455,-0.2986092,-0.1605271,-0.26361486,-0.28067693,-0.07675217,-0.17823215,-0.29570553,0.11839695,-0.36097613,-0.40838265,0.33076981,-0.25872004,6826000.1299196,0.15830088,0.22129938,0.13010667,-0.29352427,0.278483,0.04810195,0.59337997,0.10032112,0.02312366,0.32999873,-0.12006056,-0.29324836,-0.15851951,-0.26472393,-0.28147557,-0.0784796,-0.17168757,-0.29620132,0.11650321,-0.35807225,-0.40655953,0.33496904,-0.26066867,6827000.12691216,0.15621093,0.21685517,0.12137305,-0.28150243,0.27664191,0.05308634,0.586528,0.10006181,0.03247149,0.33049944,-0.11529216,-0.29966155,-0.15525226,-0.262398,-0.27829182,-0.07572465,-0.16985649,-0.29396006,0.1178202,-0.36219624,-0.40495676,0.33099124,-0.26095596,6828000.12572046,0.15236783,0.21411884,0.11829602,-0.28334582,0.27209565,0.05422985,0.589486,0.10184481,0.03742125,0.32803768,-0.11190443,-0.29573581,-0.15799519,-0.25596085,-0.27880785,-0.07372244,-0.17760184,-0.29601771,0.11306065,-0.36398369,-0.40848261,0.32734221,-0.25990328,6829000.12673631,0.15096556,0.21764019,0.12058585,-0.2863251,0.2763398,0.05067264,0.59299111,0.10263582,0.0314481,0.33525574,-0.11179898,-0.28657377,-0.16149576,-0.26004872,-0.28106585,-0.07486464,-0.18104315,-0.29357171,0.117185,-0.37139708,-0.41124967,0.32528996,-0.26000139,6830000.12649122,0.15310864,0.21899921,0.12220112,-0.29148474,0.2800898,0.051198,0.59344417,0.10171593,0.02855411,0.33560407,-0.11450359,-0.2866711,-0.15905784,-0.25906456,-0.28154165,-0.07856934,-0.18194461,-0.29822278,0.11239461,-0.37555906,-0.41253039,0.32734671,-0.26517743,6831000.12515175,0.15184787,0.21950188,0.12385302,-0.29168087,0.27719671,0.04955334,0.59299791,0.10136043,0.0266415,0.33290556,-0.11883901,-0.29815188,-0.15799722,-0.26228222,-0.28397804,-0.08681856,-0.18157749,-0.29801488,0.1120612,-0.3732107,-0.413652,0.3265084,-0.26664326,6832000.12326323,0.15383911,0.22015102,0.12514864,-0.29797617,0.27758974,0.04656423,0.59023708,0.09990125,0.02492459,0.31534302,-0.11898923,-0.31196657,-0.16083337,-0.26389757,-0.28461146,-0.08000953,-0.18073303,-0.29744551,0.11210717,-0.37585351,-0.41353014,0.32589787,-0.2706112,6833000.12309584,0.15331057,0.22281493,0.12751417,-0.296377,0.28132513,0.05056684,0.59519261,0.10238443,0.02186694,0.32929054,-0.11995558,-0.30393767,-0.16984338,-0.26570889,-0.2867437,-0.08582145,-0.17975356,-0.29134774,0.11115223,-0.3656663,-0.41158512,0.33436939,-0.26292089,6834000.12766464,0.15498412,0.22203623,0.13043094,-0.30084816,0.28311259,0.04578716,0.59534204,0.10021329,0.01975036,0.32513368,-0.12227809,-0.3065469,-0.16956726,-0.26877367,-0.28646651,-0.07945484,-0.19541866,-0.29887304,0.10783289,-0.36261663,-0.41052225,0.33380616,-0.26359794,6835000.1258084,0.15301152,0.21650523,0.12399357,-0.28834981,0.27890834,0.04332993,0.59147841,0.10149004,0.02622294,0.32057858,-0.11357769,-0.30539113,-0.17591281,-0.26994446,-0.28360763,-0.08372968,-0.18253413,-0.30025902,0.11463386,-0.36195141,-0.40757856,0.32774374,-0.25990734,6836000.12405341,0.1482895,0.2139686,0.11866092,-0.2828232,0.27662325,0.05507243,0.5900296,0.10332894,0.03633631,0.32709792,-0.1108471,-0.30706692,-0.16714065,-0.27088904,-0.28245342,-0.08607472,-0.1763971,-0.2943916,0.10776677,-0.36124474,-0.40786138,0.32566997,-0.26312903,6837000.1268243,0.14569971,0.21878949,0.12207835,-0.28823647,0.28096467,0.0538066,0.59626168,0.10373816,0.03153218,0.33109164,-0.11412813,-0.29632673,-0.16550148,-0.26765212,-0.28477305,-0.08239321,-0.18659279,-0.29517019,0.10845922,-0.36771935,-0.41334817,0.3187491,-0.2671549,6838000.12620631,0.15186355,0.2181986,0.12237101,-0.28755718,0.28089243,0.05168042,0.59777206,0.10295147,0.02887495,0.33054659,-0.11051653,-0.29387656,-0.16690071,-0.26829442,-0.28771546,-0.08463771,-0.19098368,-0.29841587,0.10519355,-0.37027842,-0.41535681,0.3254174,-0.27133527,6839000.12735446,0.15253428,0.22074215,0.12297034,-0.28861612,0.279625,0.05129941,0.5961957,0.1032839,0.0272155,0.33138639,-0.11392641,-0.30190963,-0.16485801,-0.26981375,-0.28878739,-0.08468954,-0.18455301,-0.30111307,0.11222124,-0.37559295,-0.41436794,0.32570422,-0.2602433,6840000.12778118,0.1506938,0.22041611,0.1250407,-0.29268566,0.28298718,0.04880896,0.59324706,0.1021874,0.02646505,0.32665047,-0.11583788,-0.30608025,-0.1717371,-0.27390087,-0.28801948,-0.0880623,-0.18507625,-0.29684326,0.10646714,-0.37366444,-0.41486704,0.33012182,-0.27451473,6841000.12728545,0.15199819,0.22287264,0.12685353,-0.29802504,0.2815209,0.04421286,0.59311569,0.10118692,0.02323839,0.32185832,-0.11239408,-0.30050948,-0.16938835,-0.27616906,-0.28910574,-0.08708085,-0.18621033,-0.2985718,0.10759223,-0.37199461,-0.41421726,0.33110461,-0.26541564,6842000.1292344,0.15283935,0.22390155,0.12868276,-0.29637808,0.28153801,0.0497297,0.59205192,0.10483149,0.02115407,0.3222121,-0.11510694,-0.31365529,-0.17556988,-0.27823418,-0.28950897,-0.08689211,-0.19339131,-0.29966903,0.11672,-0.36961344,-0.41197234,0.32359645,-0.26162162,6843000.13089785,0.15099517,0.21868597,0.12675831,-0.29614651,0.2802662,0.04805514,0.59333026,0.10320131,0.02028901,0.33473894,-0.11066154,-0.31385723,-0.17426728,-0.2819874,-0.28815231,-0.08967668,-0.20164523,-0.29709581,0.10648952,-0.37013233,-0.40916783,0.32004562,-0.24598311,6844000.12661043,0.15016407,0.21295735,0.12018707,-0.2817485,0.28038234,0.05169881,0.597417,0.1037505,0.03300794,0.33831021,-0.10281164,-0.31240413,-0.17423527,-0.2761713,-0.28776371,-0.08591309,-0.19922848,-0.29733977,0.10088664,-0.36080322,-0.40782762,0.32452855,-0.25271901,6845000.12484639,0.15141642,0.21588489,0.12257275,-0.28495464,0.28090325,0.05526015,0.59429646,0.10540812,0.03654038,0.33087322,-0.10001503,-0.30057535,-0.16240102,-0.27557886,-0.28785229,-0.08023176,-0.18865712,-0.30110407,0.09534502,-0.37235323,-0.40989062,0.32828847,-0.26655215,6846000.12694913,0.1474838,0.21632315,0.12123374,-0.28798273,0.2803331,0.05485033,0.59639019,0.10546775,0.03072988,0.33992746,-0.09977108,-0.29637018,-0.16923541,-0.27833012,-0.28956971,-0.08104329,-0.19315153,-0.29813877,0.10125062,-0.37426189,-0.41268298,0.32072595,-0.25611553,6847000.12763582,0.15187913,0.21622883,0.12305807,-0.288479,0.28129545,0.05447468,0.5976935,0.10668427,0.02924043,0.3325299,-0.10698942,-0.30286771,-0.17293501,-0.28202727,-0.28993824,-0.08581394,-0.19400765,-0.29394045,0.09819358,-0.37089172,-0.41366324,0.32405335,-0.25275663,6848000.12833162,0.15147832,0.21587643,0.12506159,-0.29013762,0.27713841,0.0552239,0.5979721,0.10542351,0.02810913,0.33719578,-0.10491876,-0.29568949,-0.16977678,-0.28080243,-0.29050872,-0.08741981,-0.19093271,-0.30038404,0.10144902,-0.37671199,-0.41386446,0.32533258,-0.26271632,6849000.12975763,0.15155527,0.21880114,0.12926458,-0.29169121,0.28203106,0.05443325,0.59470981,0.10396941,0.02530266,0.33385858,-0.10347159,-0.29960889,-0.16821377,-0.2870191,-0.29019821,-0.09149966,-0.1979842,-0.29729816,0.10690686,-0.37249491,-0.41291487,0.32666689,-0.25624824,6850000.13064554,0.15400843,0.22157501,0.13271044,-0.29548776,0.28607038,0.05490046,0.59799272,0.10437089,0.0239896,0.33067852,-0.10073063,-0.30731937,-0.16978492,-0.28433841,-0.28984055,-0.08604614,-0.20073059,-0.29807228,0.10709384,-0.37233803,-0.41011509,0.32710665,-0.25831741,6851000.13088816,0.15536393,0.2173083,0.13026267,-0.28957239,0.28290057,0.0548463,0.59547299,0.10541935,0.02277037,0.32909724,-0.10220105,-0.30351999,-0.17330261,-0.28033248,-0.28943592,-0.08526166,-0.19176224,-0.29669192,0.10400553,-0.37333593,-0.40684947,0.3261584,-0.25950956,6852000.1254653,0.14981739,0.21290974,0.12053046,-0.27486399,0.27834353,0.06148819,0.5940448,0.10746447,0.03539543,0.32042402,-0.09671403,-0.30658892,-0.17146806,-0.28469646,-0.2874195,-0.08314518,-0.19324267,-0.29852417,0.10130836,-0.36801136,-0.40698564,0.33027357,-0.25816089,6853000.12805307,0.15112644,0.21853314,0.12276946,-0.2725223,0.28144073,0.05641429,0.59721971,0.10821324,0.03715848,0.32994828,-0.08985339,-0.29271811,-0.16416918,-0.28190437,-0.28621966,-0.07914159,-0.19321607,-0.29558632,0.10796823,-0.37077525,-0.40773341,0.32622603,-0.25924,6854000.1317948,0.15107602,0.21533842,0.12548195,-0.28197157,0.28133181,0.05991439,0.59725702,0.10781991,0.03359737,0.33548048,-0.0949989,-0.29351509,-0.16746159,-0.28066695,-0.28856421,-0.08275674,-0.18659708,-0.29709506,0.10255625,-0.36711189,-0.41025713,0.32286483,-0.25574049,6855000.13095893,0.15146558,0.21607989,0.12317329,-0.27944747,0.28456339,0.06025327,0.59883398,0.11085305,0.03110896,0.32842433,-0.09003311,-0.29458168,-0.17302933,-0.27680004,-0.29049999,-0.08104949,-0.19377092,-0.29880342,0.10512441,-0.37412879,-0.41149449,0.32974431,-0.26562166,6856000.12814058,0.15211143,0.22250752,0.1232545,-0.27995139,0.28136811,0.05680447,0.59763068,0.10950054,0.03131693,0.33752063,-0.09765664,-0.28949112,-0.17132996,-0.27678189,-0.28872207,-0.081582,-0.19209197,-0.29508516,0.11161568,-0.37055677,-0.41205794,0.32486266,-0.26528412,6857000.12898196,0.15807968,0.21356225,0.12785318,-0.2874473,0.28114578,0.05874975,0.59736335,0.11012718,0.03058739,0.3298735,-0.09894684,-0.29311562,-0.17002396,-0.27753076,-0.28838179,-0.08177588,-0.19073445,-0.29331681,0.10739523,-0.36624911,-0.41005763,0.32038197,-0.25625086,6858000.13086964,0.15883777,0.21883798,0.13056742,-0.28242293,0.27868617,0.05890211,0.59957838,0.11049039,0.02779113,0.32364669,-0.09770466,-0.28915203,-0.17505983,-0.28175008,-0.28906319,-0.08542058,-0.19045816,-0.29566553,0.1074965,-0.37230885,-0.40733147,0.32551551,-0.25636461,6859000.13261905,0.1587254,0.22199017,0.1321305,-0.28609353,0.28294799,0.05581198,0.59862816,0.10921184,0.02411849,0.33368906,-0.09621692,-0.29632422,-0.17003262,-0.28091395,-0.29030254,-0.07908896,-0.18911985,-0.2939817,0.11193243,-0.36975834,-0.40664136,0.32530928,-0.25138727,6860000.12886073,0.15683526,0.21984519,0.12491018,-0.27348885,0.28206494,0.06032901,0.59600919,0.10956257,0.03239321,0.33450717,-0.09274822,-0.30045253,-0.16648486,-0.28015727,-0.28543246,-0.07566609,-0.19542569,-0.29417455,0.10428368,-0.3669132,-0.40467045,0.32841325,-0.25443506,6861000.12670623,0.15203656,0.21151395,0.11975781,-0.26718169,0.27679414,0.0640651,0.59833008,0.11325064,0.04247995,0.33075735,-0.08636694,-0.29517531,-0.16883507,-0.27631736,-0.28450018,-0.07797711,-0.18669118,-0.29214337,0.10036568,-0.37125582,-0.40423512,0.32219905,-0.25295442,6862000.12837374,0.15388033,0.21814726,0.12090115,-0.27284303,0.27917022,0.05651484,0.6011923,0.11260559,0.03835197,0.33487767,-0.08661011,-0.29710418,-0.16212878,-0.27179122,-0.28510079,-0.08050904,-0.19069347,-0.29635546,0.09571672,-0.37183958,-0.40883741,0.31630269,-0.25824997,6863000.12910314,0.15598227,0.22150895,0.12585093,-0.27661744,0.28193405,0.06069957,0.6023947,0.11214577,0.03507584,0.33830318,-0.0896835,-0.2966986,-0.1681086,-0.2774578,-0.28836322,-0.07803771,-0.17551604,-0.29332289,0.09996798,-0.37193853,-0.40814006,0.32112187,-0.25468877,6864000.12893057,0.15844564,0.22038807,0.12633581,-0.27368948,0.28080636,0.06144233,0.60458821,0.10892092,0.03421465,0.3441031,-0.09149125,-0.29016486,-0.16948929,-0.27210596,-0.28640953,-0.07532106,-0.19115044,-0.29656455,0.10035081,-0.36374199,-0.40921584,0.33237597,-0.25863725,6865000.13134642,0.16048272,0.21938622,0.12746564,-0.27584416,0.27758026,0.05969432,0.60561532,0.10859348,0.03104197,0.35169414,-0.09374088,-0.29292649,-0.16950686,-0.27862555,-0.28649527,-0.07514933,-0.19649656,-0.29271674,0.10829075,-0.3655152,-0.40927979,0.32647738,-0.25576344,6866000.13092083,0.16282597,0.21955651,0.13063006,-0.27839521,0.28119811,0.06155212,0.60461426,0.11214484,0.02935913,0.34746942,-0.09862085,-0.29384372,-0.16994794,-0.28200731,-0.28556022,-0.07297612,-0.19284049,-0.29320619,0.10921197,-0.36977562,-0.40838003,0.3260192,-0.25398073,6867000.13268572,0.16779399,0.22298123,0.13353603,-0.28095174,0.28671798,0.06158296,0.60609806,0.11346141,0.02582177,0.34287924,-0.09684732,-0.29326579,-0.17060597,-0.27983823,-0.28636864,-0.07082773,-0.18479869,-0.2934857,0.10784896,-0.36771035,-0.40580791,0.32945162,-0.25290328,6868000.13365786,0.16460581,0.2244157,0.13448212,-0.27477956,0.2860311,0.05910062,0.6018889,0.11148474,0.02559388,0.34684411,-0.09466022,-0.28555691,-0.17166975,-0.28109142,-0.2870858,-0.0724846,-0.20343798,-0.29448172,0.11334446,-0.36046833,-0.40411699,0.34045225,-0.25244519,6869000.12851904,0.15706976,0.21745107,0.12682685,-0.26201263,0.28054592,0.06467877,0.60103285,0.11691084,0.03786591,0.34388915,-0.08771613,-0.28475189,-0.16610274,-0.27716953,-0.28262347,-0.07269415,-0.18416928,-0.29351887,0.1122046,-0.36271864,-0.40269348,0.32834575,-0.253824,6870000.12773082,0.15973042,0.21802859,0.12780316,-0.26389417,0.28086314,0.06901091,0.60407352,0.11643825,0.04061488,0.33998466,-0.08863328,-0.29109105,-0.16120256,-0.27867401,-0.28424662,-0.07008043,-0.18397681,-0.29493624,0.10917336,-0.36877662,-0.40375364,0.32446375,-0.25374094,6871000.1304332,0.16170293,0.22314316,0.13097024,-0.26888195,0.28436467,0.07034592,0.60605657,0.1156594,0.03562534,0.34346753,-0.09025557,-0.29195032,-0.1637899,-0.27856305,-0.28649643,-0.06937732,-0.19181462,-0.2930474,0.1093571,-0.3704825,-0.40632123,0.32156155,-0.25208753,6872000.12871277,0.16179335,0.21969062,0.13310456,-0.26985148,0.28702134,0.06516652,0.60924518,0.11645297,0.0337751,0.34519964,-0.09005263,-0.27450055,-0.17141415,-0.27354062,-0.28765118,-0.0716889,-0.18817517,-0.2935307,0.10986381,-0.37319988,-0.40924129,0.32520151,-0.25894609,6873000.12966031,0.16156685,0.21808548,0.13216716,-0.27026439,0.28750235,0.06648994,0.60573739,0.11778829,0.0325213,0.34313932,-0.09011889,-0.28924423,-0.16592938,-0.28022715,-0.28772008,-0.07114607,-0.18580393,-0.2932432,0.11822248,-0.3695668,-0.40938416,0.32905725,-0.2531417,6874000.13424473,0.16407259,0.21994385,0.13662848,-0.2729592,0.2871401,0.0670521,0.60799164,0.11697313,0.02998319,0.33521861,-0.09550161,-0.29434693,-0.1689139,-0.27508724,-0.28643379,-0.07265276,-0.18202436,-0.29174927,0.10953445,-0.36456314,-0.40861619,0.3263877,-0.2540881,6875000.13212292,0.16610406,0.21628976,0.13904117,-0.27668536,0.28695416,0.06818545,0.60726941,0.11599232,0.02704187,0.33330151,-0.09893523,-0.28955925,-0.16444799,-0.27874553,-0.28769451,-0.07029574,-0.18930298,-0.29586017,0.10418209,-0.35897025,-0.40720111,0.32548752,-0.24746343,6876000.13419409,0.16980849,0.21929328,0.1405361,-0.27454394,0.28918216,0.06521382,0.60691571,0.11688026,0.02446065,0.33975363,-0.09737071,-0.29557756,-0.1618107,-0.28333116,-0.28605741,-0.07150722,-0.19020094,-0.29613179,0.1146868,-0.36045364,-0.40598083,0.33063549,-0.24759369,6877000.13151045,0.1669348,0.22125357,0.13488396,-0.26166004,0.29234761,0.06753534,0.60872179,0.118355,0.02978013,0.34126925,-0.09144545,-0.28964099,-0.16219118,-0.28199214,-0.28376597,-0.06609587,-0.18846831,-0.29024905,0.11384789,-0.3560243,-0.40156662,0.33146173,-0.24432358,6878000.12600374,0.16637143,0.21333319,0.12994654,-0.25437185,0.28951472,0.06909935,0.60660332,0.12026699,0.04018179,0.35403538,-0.0817953,-0.27881154,-0.16087039,-0.27656552,-0.28168529,-0.06047077,-0.18607894,-0.29187638,0.10459924,-0.35865146,-0.40119377,0.32451013,-0.2536613,6879000.12995642,0.16805947,0.21676397,0.13365389,-0.26407871,0.28833079,0.07094315,0.60751092,0.1192017,0.03606585,0.34540948,-0.08677009,-0.28104943,-0.15881507,-0.27660352,-0.28362855,-0.06351257,-0.17458676,-0.29290599,0.10610863,-0.36969182,-0.40549868,0.3232078,-0.25352073,6880000.13256466,0.1703074,0.21938622,0.13443048,-0.2638329,0.2893894,0.0671133,0.6063078,0.12155711,0.0331405,0.35181525,-0.08977199,-0.2885882,-0.15614769,-0.28142688,-0.28332716,-0.06068905,-0.18656282,-0.29383224,0.10424234,-0.36907071,-0.40645257,0.32496789,-0.25886267,6881000.1325998,0.17118013,0.21675943,0.13572364,-0.26414236,0.28960416,0.06667145,0.60774016,0.11853707,0.03216952,0.34356228,-0.08665391,-0.28272343,-0.15714169,-0.27514291,-0.28350571,-0.06734427,-0.19111748,-0.28976125,0.10682191,-0.36767989,-0.40628284,0.33141252,-0.24534999,6882000.13368557,0.16983439,0.22141552,0.13904117,-0.26541191,0.28804228,0.07413781,0.60815287,0.11785097,0.03122578,0.34683955,-0.09564615,-0.28638625,-0.15513502,-0.27627122,-0.2834551,-0.06020859,-0.1908249,-0.29260191,0.11108796,-0.35469902,-0.40671995,0.33327675,-0.24434745,6883000.13199843,0.17163856,0.22448507,0.14187844,-0.27086213,0.29241785,0.06871719,0.60895735,0.12044684,0.02838839,0.34525329,-0.0958935,-0.28773165,-0.15196414,-0.27973279,-0.28289542,-0.0560929,-0.18162553,-0.28856316,0.11395872,-0.36248693,-0.40472075,0.32601658,-0.25277776,6884000.13688426,0.17691095,0.22903115,0.14464273,-0.27003336,0.29582998,0.06641919,0.60644597,0.12032242,0.02640522,0.35282004,-0.09237821,-0.28080347,-0.15251321,-0.28107908,-0.28022069,-0.05213029,-0.18574464,-0.2898773,0.11517917,-0.35957393,-0.40394902,0.33228788,-0.24916056,6885000.13241626,0.17243402,0.22434595,0.13784902,-0.25793809,0.28966928,0.06766344,0.60677952,0.11948326,0.03383948,0.35263345,-0.08557627,-0.28865132,-0.1593512,-0.27970317,-0.28047112,-0.05063083,-0.18462045,-0.28977329,0.11204454,-0.35617179,-0.40349165,0.33172786,-0.24801235,6886000.12999138,0.17616308,0.21731184,0.13583738,-0.25531071,0.28439003,0.07406837,0.60594171,0.11865393,0.04311535,0.35337868,-0.08272806,-0.28188327,-0.14722611,-0.27545986,-0.27877516,-0.04825298,-0.17575152,-0.29241925,0.10428669,-0.35772589,-0.40145522,0.32964832,-0.24727464,6887000.13477643,0.17485946,0.22269264,0.13826036,-0.25758579,0.29111546,0.07065454,0.60627055,0.12228449,0.03775344,0.34776801,-0.0850054,-0.28841272,-0.14259541,-0.27728206,-0.27965122,-0.04826538,-0.17423794,-0.28936118,0.10907853,-0.36523503,-0.40522546,0.32973522,-0.25085711,6888000.1371541,0.17746723,0.22365792,0.13889134,-0.25869837,0.28651536,0.07489745,0.6051411,0.12046369,0.03413431,0.3538411,-0.0850843,-0.28395739,-0.13807039,-0.27463683,-0.27771935,-0.04971194,-0.1837299,-0.29190242,0.11506306,-0.36655393,-0.40608734,0.33449671,-0.24843653,6889000.13351399,0.1759541,0.22218561,0.13913321,-0.26150045,0.28578252,0.06833064,0.6078378,0.12048457,0.03465857,0.34805679,-0.08568992,-0.28001535,-0.14390635,-0.27695736,-0.27701861,-0.04908666,-0.18435812,-0.29045871,0.11762215,-0.35756665,-0.40525293,0.33355823,-0.24861038,6890000.13420182,0.17630272,0.22321926,0.14406112,-0.26188755,0.28970793,0.07038257,0.608518,0.12019841,0.03225958,0.34059131,-0.08716112,-0.27522629,-0.14438887,-0.27889681,-0.27652252,-0.04881083,-0.18223032,-0.2895171,0.11907636,-0.35441393,-0.40307832,0.33225963,-0.25068128,6891000.13910726,0.17961858,0.22315049,0.14451076,-0.26529658,0.28722075,0.06952275,0.60414267,0.12107904,0.02974467,0.34419093,-0.0908647,-0.27938038,-0.14237101,-0.28035155,-0.27671427,-0.04515774,-0.18118316,-0.28746471,0.11267625,-0.35339001,-0.40242875,0.3314698,-0.24307814,6892000.13716857,0.17673589,0.22517981,0.14429989,-0.25984821,0.28799036,0.0701814,0.60340869,0.12303244,0.02983541,0.34666818,-0.08771075,-0.28955296,-0.14153159,-0.28072816,-0.27579364,-0.03951124,-0.1747131,-0.28556606,0.11176266,-0.35370719,-0.40102476,0.33997393,-0.23779,6893000.13174462,0.17022903,0.22065307,0.13484232,-0.2498323,0.29026157,0.07300316,0.60721147,0.12226451,0.04328897,0.35379288,-0.07971928,-0.2837522,-0.13676815,-0.28351778,-0.27221915,-0.0407258,-0.17731565,-0.28473786,0.11478688,-0.34673151,-0.3996895,0.3249397,-0.23452754,6894000.13275605,0.17149843,0.2218288,0.13715516,-0.25086477,0.28889272,0.07120899,0.60629469,0.12182296,0.04363064,0.34672612,-0.08054834,-0.2704334,-0.13203278,-0.28012258,-0.27349913,-0.0417359,-0.18367176,-0.28773382,0.1140343,-0.35654029,-0.4026283,0.33103248,-0.24928559,6895000.13177514,0.17474101,0.21616666,0.13831253,-0.25667068,0.289166,0.07688964,0.61159909,0.1242741,0.03820475,0.34412563,-0.08300884,-0.28217658,-0.13643444,-0.27906623,-0.27323309,-0.0417741,-0.1781245,-0.28654084,0.10857639,-0.35734534,-0.403698,0.33091024,-0.24683805,6896000.13338497,0.17522003,0.22099656,0.13844068,-0.25477102,0.28962612,0.07718351,0.60835493,0.12333472,0.03627782,0.3472746,-0.08624847,-0.27366701,-0.13487475,-0.27927953,-0.27417374,-0.0404201,-0.1712452,-0.28936204,0.11572642,-0.3544344,-0.40403676,0.32870454,-0.25289282,6897000.13587558,0.17818327,0.22044477,0.14145502,-0.25905252,0.2879661,0.07317066,0.60752267,0.1211622,0.03551319,0.35176539,-0.08705477,-0.26788005,-0.1358106,-0.27854428,-0.27250075,-0.03897293,-0.16811858,-0.28930542,0.11259465,-0.34831735,-0.40476266,0.32892218,-0.24106973,6898000.13581723,0.17814593,0.21903001,0.14403453,-0.25944778,0.29002565,0.07416997,0.60808927,0.12172729,0.0327874,0.34495753,-0.09013673,-0.2837716,-0.13515152,-0.27752444,-0.27102712,-0.03561514,-0.16848192,-0.28369147,0.10821477,-0.34452555,-0.40389207,0.33342153,-0.24431396,6899000.13532816,0.17982394,0.22356389,0.14792626,-0.25885692,0.28969997,0.07614149,0.60950261,0.11963636,0.02916689,0.35629717,-0.09097684,-0.27928281,-0.13200164,-0.27963006,-0.27170151,-0.03444518,-0.16488281,-0.28613994,0.11345267,-0.35199478,-0.40239131,0.32775024,-0.24429518,6900000.13371319,0.17811695,0.2222863,0.14043596,-0.25130886,0.2916331,0.07872811,0.6066913,0.11902254,0.03513725,0.35011059,-0.08738355,-0.26901585,-0.13739537,-0.27902278,-0.26956126,-0.03871576,-0.16699372,-0.28050664,0.11090416,-0.34599131,-0.39964089,0.33288938,-0.2417988,6901000.13356462,0.17593186,0.22022703,0.13458127,-0.24076779,0.29083368,0.07745481,0.60745072,0.12141284,0.04513058,0.35543108,-0.07672103,-0.27540138,-0.13335977,-0.27843451,-0.26880971,-0.03576346,-0.1650085,-0.28808239,0.11275289,-0.34635776,-0.40110588,0.32845294,-0.244771,6902000.13533589,0.17574491,0.222078,0.13690701,-0.24804476,0.29331067,0.07575602,0.61065805,0.12239036,0.03934221,0.35576445,-0.08278083,-0.28136513,-0.13366696,-0.27302423,-0.26836634,-0.03319591,-0.1743724,-0.28632566,0.11432981,-0.35973933,-0.40389189,0.32948348,-0.25335094,6903000.13264607,0.17735416,0.223231,0.13651793,-0.25163993,0.28825444,0.074094,0.60787857,0.12201353,0.03691797,0.35577992,-0.0856868,-0.28235886,-0.13386366,-0.27454516,-0.2702283,-0.03654903,-0.17092362,-0.2873238,0.11323336,-0.35272604,-0.4056747,0.33768833,-0.25451651,6904000.13355249,0.17622495,0.22228478,0.13890086,-0.25659123,0.28847483,0.0710867,0.61120933,0.12092657,0.03490218,0.35605961,-0.08530982,-0.27472058,-0.13367921,-0.27959466,-0.27018636,-0.03398634,-0.15844852,-0.28935376,0.11529192,-0.34974664,-0.40560144,0.33657274,-0.25487474,6905000.13419753,0.17406884,0.22491755,0.13922384,-0.25452626,0.29129156,0.06937655,0.60911733,0.12214161,0.03242097,0.35676801,-0.09304576,-0.28112143,-0.14040981,-0.27569029,-0.2697795,-0.03458254,-0.15576808,-0.28511128,0.11131576,-0.34969404,-0.40741715,0.33831188,-0.25231695,6906000.13369274,0.17793457,0.22376379,0.14290528,-0.26049143,0.2927171,0.06914383,0.60896772,0.1223567,0.03044434,0.34797812,-0.09144089,-0.27959728,-0.13505462,-0.27553275,-0.26941103,-0.03881504,-0.16480024,-0.28669888,0.11880593,-0.35426551,-0.4050343,0.33783749,-0.24868613,6907000.13595809,0.18217391,0.22812954,0.14597078,-0.25663763,0.29242787,0.0708729,0.61047477,0.11777479,0.02731899,0.35271072,-0.09283605,-0.27947843,-0.1321886,-0.27512977,-0.26896176,-0.03988937,-0.15770712,-0.28496981,0.11404496,-0.3477782,-0.40320766,0.34249824,-0.24457602,6908000.13334191,0.17543828,0.22109006,0.13945563,-0.24882472,0.2902486,0.06943809,0.60577762,0.12133364,0.03626667,0.35432932,-0.08798549,-0.28428656,-0.12809628,-0.27554578,-0.2691128,-0.03516749,-0.1639979,-0.28421497,0.11332489,-0.34591568,-0.40258688,0.33084241,-0.24368154,6909000.13244641,0.17142799,0.21753262,0.13664642,-0.24595304,0.29002565,0.07625086,0.60531157,0.12003885,0.04064395,0.35050187,-0.08607811,-0.2732456,-0.13015918,-0.2750957,-0.26727933,-0.03586761,-0.171305,-0.28543603,0.10575455,-0.34596711,-0.40365809,0.33152777,-0.24870171,6910000.13209011,0.17327286,0.21828401,0.14158504,-0.25205496,0.28643608,0.07413846,0.60923636,0.11873656,0.03511938,0.35186023,-0.0900287,-0.26956511,-0.13168497,-0.27072188,-0.2679885,-0.03650187,-0.16532144,-0.28056782,0.10968823,-0.35443637,-0.40755361,0.32837448,-0.25437352,6911000.13460788,0.17349444,0.22170085,0.13830614,-0.25496837,0.28618476,0.07484699,0.61158735,0.11924357,0.03177092,0.35110074,-0.08923092,-0.2771652,-0.13783573,-0.26960787,-0.26829767,-0.03434753,-0.16878584,-0.28316852,0.11206666,-0.35532048,-0.40914878,0.33186591,-0.24686565,6912000.13435407,0.17354043,0.22153012,0.13999286,-0.2580747,0.28933465,0.07270499,0.61343485,0.11945276,0.03185054,0.35751572,-0.09756742,-0.2817921,-0.14064887,-0.27182826,-0.2694698,-0.03467666,-0.17928998,-0.28496814,0.1188621,-0.35679132,-0.40939629,0.33662635,-0.2515741,6913000.1340922,0.17538132,0.22578296,0.13908112,-0.26046604,0.28917739,0.07242136,0.60934281,0.11750872,0.03011452,0.34941569,-0.09393358,-0.27933276,-0.13871911,-0.27339923,-0.26815349,-0.03711139,-0.16016966,-0.28430307,0.11856198,-0.359341,-0.40894586,0.33731869,-0.24868025,6914000.1351365,0.17793751,0.22338676,0.14448468,-0.26386282,0.28912494,0.06737349,0.61103129,0.118592,0.02751888,0.34846318,-0.08919914,-0.29054686,-0.14199714,-0.2740095,-0.26895398,-0.03994859,-0.16396254,-0.2877644,0.12200543,-0.3528406,-0.4082047,0.33293921,-0.24832776,6915000.1369904,0.17394407,0.22304964,0.14293258,-0.25868517,0.28886214,0.07069789,0.60837543,0.11963847,0.02847997,0.35344926,-0.09316505,-0.27993485,-0.14158003,-0.27547359,-0.26835451,-0.03997926,-0.17038682,-0.28540671,0.11843245,-0.35360774,-0.40800649,0.32647645,-0.24982986,6916000.130557,0.1731199,0.21915376,0.13557503,-0.24970503,0.28873003,0.06769545,0.60889679,0.1187081,0.03888959,0.35660172,-0.08848179,-0.27734321,-0.13435288,-0.27155191,-0.26575321,-0.03794397,-0.17486316,-0.28172988,0.11369102,-0.35914367,-0.40710741,0.3320373,-0.2475448,6917000.12976654,0.16952971,0.21981877,0.13821048,-0.25735825,0.2863265,0.07243752,0.61051953,0.11910616,0.03657105,0.35832873,-0.0895279,-0.27525917,-0.13483737,-0.26945689,-0.26559159,-0.03506809,-0.1721023,-0.28283313,0.1132521,-0.35946646,-0.41119125,0.33603531,-0.24937335,6918000.13239488,0.17161667,0.22235236,0.13720392,-0.25827712,0.28700745,0.06758191,0.60704941,0.11676109,0.0321562,0.35074407,-0.0942369,-0.29449105,-0.13981195,-0.26941812,-0.26875913,-0.04364695,-0.16160525,-0.28583223,0.10523719,-0.35928297,-0.41276753,0.33515731,-0.25599894,6919000.13299626,0.17063645,0.22317433,0.13814445,-0.26069802,0.28600651,0.06750509,0.60640883,0.11694138,0.03150296,0.34978747,-0.09624767,-0.29061854,-0.13838433,-0.26990846,-0.26885122,-0.04116568,-0.16527277,-0.2860572,0.11572663,-0.362703,-0.41284594,0.33230197,-0.25179684,6920000.13284798,0.17394029,0.22299297,0.13983122,-0.26096088,0.2879242,0.06965089,0.6048643,0.11814933,0.03003167,0.34974369,-0.0994462,-0.28052896,-0.12736988,-0.27023694,-0.26907951,-0.03985932,-0.16529781,-0.28722742,0.11737271,-0.35383764,-0.41362783,0.32618666,-0.2502088,6921000.13207327,0.17432384,0.22427128,0.14270218,-0.26485074,0.28648865,0.0665933,0.61101168,0.11677814,0.02863097,0.34682119,-0.10098848,-0.28284785,-0.13973947,-0.26778468,-0.26848632,-0.04396388,-0.17153645,-0.28384686,0.11640908,-0.35360548,-0.41241774,0.3307265,-0.24807356,6922000.13411924,0.16969772,0.22189683,0.14138003,-0.26332614,0.28832793,0.06730498,0.60711974,0.1183122,0.02835,0.34712967,-0.09773616,-0.28623882,-0.14411339,-0.27069587,-0.26755625,-0.04077842,-0.17521398,-0.28348655,0.1188736,-0.35131359,-0.41128007,0.33048275,-0.25015256,6923000.12848814,0.16821116,0.2180495,0.13447452,-0.25138423,0.2899299,0.07077005,0.60637081,0.11782736,0.03856963,0.34929392,-0.09066233,-0.29298368,-0.14357805,-0.27106011,-0.26557496,-0.03594275,-0.16448452,-0.27867976,0.1138953,-0.34826678,-0.40957066,0.32916427,-0.24812014,6924000.12788852,0.16581386,0.2199638,0.13436607,-0.25328386,0.28933465,0.06951673,0.61054385,0.11949331,0.03976097,0.35497156,-0.08724315,-0.28194359,-0.13270068,-0.26741055,-0.26723278,-0.03773622,-0.16372275,-0.28140658,0.11247092,-0.35296297,-0.41332731,0.32889479,-0.25015661,6925000.12883607,0.16634728,0.21825328,0.13715601,-0.25642568,0.28704837,0.07406195,0.60611826,0.11888918,0.03517989,0.35071421,-0.093538,-0.28185534,-0.14323695,-0.26629725,-0.26932922,-0.03995646,-0.15873985,-0.28486034,0.1097054,-0.36043477,-0.41626272,0.33443594,-0.25526333,6926000.13105439,0.17282742,0.21848635,0.13684753,-0.2636297,0.28561345,0.0766395,0.60635787,0.1156896,0.03319617,0.35113716,-0.09812132,-0.28182516,-0.14892103,-0.26569921,-0.27088705,-0.03675994,-0.16611858,-0.28897014,0.10867681,-0.35910681,-0.41723832,0.33103618,-0.2572028,6927000.13309108,0.17171347,0.21653952,0.13817747,-0.26414144,0.29028952,0.06953939,0.60463911,0.11651049,0.0318026,0.34946251,-0.09850559,-0.27883428,-0.14234887,-0.27187979,-0.26962316,-0.03608228,-0.174657,-0.28535089,0.11451384,-0.36055669,-0.41738108,0.3279264,-0.25781757,6928000.13088924,0.17713568,0.22421458,0.1398975,-0.26531592,0.28903574,0.07516658,0.60664415,0.11906775,0.02993595,0.34960526,-0.09835555,-0.2909883,-0.14063098,-0.27295604,-0.27025223,-0.0398101,-0.16583422,-0.28505003,0.11083602,-0.35767391,-0.41623357,0.33447704,-0.25859463,6929000.13342281,0.17402986,0.22453488,0.14086732,-0.26523674,0.28824419,0.06922563,0.60395592,0.11547407,0.02765614,0.35113266,-0.09663872,-0.28118572,-0.14221051,-0.27235571,-0.27183956,-0.03806957,-0.16932933,-0.28639814,0.11216039,-0.35551417,-0.41598129,0.32925349,-0.25655466,6930000.12774958,0.16762863,0.22065675,0.13202944,-0.25379211,0.28851524,0.07191728,0.60364813,0.1163819,0.03745002,0.34451976,-0.09329195,-0.27818617,-0.14505254,-0.26874194,-0.26752931,-0.037134,-0.16991583,-0.28801802,0.11064924,-0.35517883,-0.413872,0.32900757,-0.25288236,6931000.12891434,0.1629104,0.21739204,0.12979938,-0.25563028,0.28648394,0.0719422,0.6027205,0.11832922,0.04168527,0.35163939,-0.09233334,-0.28753549,-0.13698594,-0.26920742,-0.26900914,-0.04012009,-0.16618054,-0.28724864,0.11374401,-0.36558792,-0.41760293,0.32906675,-0.25495696,6932000.12780139,0.16856259,0.22251737,0.13218038,-0.26068762,0.28697938,0.0695693,0.60356557,0.116156,0.03603895,0.34020352,-0.09784988,-0.28385878,-0.1457469,-0.27024034,-0.27087918,-0.04341312,-0.16955301,-0.28372616,0.10948545,-0.36207184,-0.42097312,0.32343826,-0.26504248,6933000.12967099,0.16624904,0.22074291,0.13428709,-0.25979114,0.28395188,0.06910484,0.60237575,0.11720236,0.03319268,0.34941596,-0.10144001,-0.28979233,-0.1507742,-0.26999968,-0.2708005,-0.04764337,-0.1687666,-0.28567871,0.11670271,-0.36369997,-0.42412484,0.32336926,-0.26140398,6934000.13014944,0.1628155,0.21817334,0.13561647,-0.26300913,0.28481081,0.06821565,0.60323453,0.11577547,0.0326994,0.35091522,-0.09732568,-0.29394281,-0.14458561,-0.26713911,-0.27179191,-0.04787565,-0.17799708,-0.28772745,0.11842568,-0.36352721,-0.42284748,0.32477137,-0.25371909,6935000.13116756,0.16538525,0.21867077,0.13715601,-0.26782313,0.28742555,0.06739311,0.60286605,0.11595104,0.03121597,0.36245248,-0.10701773,-0.29252079,-0.15070753,-0.27076447,-0.27064803,-0.04456213,-0.16747037,-0.28829381,0.11169425,-0.36279982,-0.4222177,0.32927611,-0.25766522,6936000.1317071,0.16742073,0.22251256,0.13877998,-0.26972193,0.28640735,0.06800564,0.60234469,0.1156525,0.02778813,0.35078084,-0.10746016,-0.29404977,-0.15077734,-0.26554045,-0.27126667,-0.04820369,-0.17235911,-0.28878239,0.11069586,-0.3621867,-0.4202261,0.32629201,-0.2647714,6937000.12765373,0.16529839,0.22232653,0.13410604,-0.26225972,0.28718567,0.06493619,0.60115206,0.11609136,0.03153232,0.35874778,-0.10310438,-0.28107294,-0.15386355,-0.27223417,-0.27191764,-0.04669566,-0.17184624,-0.28772578,0.1147425,-0.36199361,-0.41905138,0.3296909,-0.25972274,6938000.12639372,0.16235453,0.21946689,0.12703283,-0.25523332,0.28471416,0.0724647,0.6006068,0.11395526,0.04139864,0.35310626,-0.10073136,-0.28691658,-0.15049185,-0.2703622,-0.27104634,-0.04948792,-0.16931637,-0.28759143,0.10729717,-0.36808318,-0.42115733,0.32519385,-0.25893798,6939000.12616579,0.16816181,0.22155271,0.12988049,-0.26280811,0.28777024,0.07175158,0.59938449,0.11454967,0.03633743,0.34599295,-0.10989159,-0.28943923,-0.1505798,-0.26885486,-0.27276966,-0.051212,-0.17235038,-0.29034856,0.10449371,-0.37038043,-0.42490295,0.31771818,-0.27188751,6940000.12614697,0.16331699,0.22205497,0.13354281,-0.26778662,0.28805435,0.06876301,0.60181141,0.11538878,0.03189228,0.35091564,-0.10496905,-0.30143344,-0.15464596,-0.26734492,-0.27482036,-0.05251712,-0.1659063,-0.28992087,0.10633209,-0.37420702,-0.42663744,0.32459432,-0.26584429,6941000.12553877,0.16314571,0.22138034,0.13271615,-0.26856986,0.28642717,0.06836131,0.60376561,0.11339933,0.03017287,0.34478837,-0.10894181,-0.29835972,-0.15410413,-0.27047512,-0.27495584,-0.05103987,-0.17131194,-0.2888909,0.10533024,-0.376468,-0.42802554,0.32359955,-0.26584592,6942000.12722574,0.16336723,0.21862489,0.1329266,-0.27009225,0.28904048,0.06910192,0.60133761,0.1145986,0.02874404,0.35357708,-0.11234874,-0.29670447,-0.15925191,-0.26813209,-0.27506337,-0.05292318,-0.16922815,-0.29261759,0.11266506,-0.37818182,-0.42759019,0.32317832,-0.26481876,6943000.13083707,0.16666228,0.22066718,0.13691588,-0.27559701,0.28706864,0.06600797,0.60139346,0.11346977,0.02507128,0.34613493,-0.11525495,-0.30653891,-0.15944274,-0.26670849,-0.2747868,-0.05861567,-0.1745261,-0.2920022,0.11299931,-0.37335268,-0.42636642,0.32096729,-0.25993723,6944000.1307326,0.16612329,0.22507462,0.13738364,-0.27382144,0.28762433,0.06372866,0.59886897,0.11101779,0.0240052,0.33971137,-0.11582261,-0.30275205,-0.15884613,-0.27311194,-0.2775211,-0.06024767,-0.18459941,-0.28907511,0.10838781,-0.37640324,-0.42406166,0.32703051,-0.25827205,6945000.12475221,0.15854675,0.21927233,0.12923305,-0.26451451,0.2879608,0.06073738,0.59925669,0.11139435,0.03297567,0.33574495,-0.10811482,-0.28798622,-0.15889733,-0.27177629,-0.27574,-0.05950155,-0.18971674,-0.2888228,0.10424289,-0.37026858,-0.42450047,0.32493299,-0.26353535,6946000.12376884,0.15677133,0.22005327,0.12874688,-0.26547357,0.28517374,0.06118613,0.60379797,0.11372932,0.0354412,0.35471597,-0.11181989,-0.29886675,-0.16019838,-0.26843551,-0.27658665,-0.05923593,-0.18165493,-0.29110286,0.10364167,-0.37744877,-0.42714906,0.32539532,-0.26032048,6947000.12878369,0.15618408,0.22363265,0.13057698,-0.27235079,0.28954819,0.06233658,0.60148513,0.11375933,0.03075095,0.34423113,-0.1146209,-0.29840478,-0.16746007,-0.2663269,-0.27790469,-0.06138797,-0.17800008,-0.2915729,0.10022306,-0.38357884,-0.42964569,0.31720915,-0.26968384,6948000.12732252,0.15692332,0.22096984,0.13099821,-0.27617511,0.28450975,0.06146482,0.60342431,0.11405964,0.02793078,0.34269536,-0.11874088,-0.29817405,-0.16586429,-0.27215013,-0.27980489,-0.06059035,-0.19110505,-0.29074791,0.10069171,-0.38469777,-0.42994529,0.32184768,-0.27212381,6949000.1250813,0.15601206,0.21836692,0.12962149,-0.27626473,0.28691009,0.06065718,0.60159969,0.11358503,0.02745144,0.34093568,-0.12113112,-0.30340901,-0.16813788,-0.27115467,-0.28011861,-0.06512856,-0.18557146,-0.29331592,0.10618658,-0.37464586,-0.42909625,0.32157874,-0.26717436,6950000.12733161,0.16325906,0.21857066,0.13266696,-0.27574047,0.2862817,0.0590607,0.60385716,0.11189956,0.0244329,0.34619781,-0.12132387,-0.30165866,-0.16801186,-0.27349234,-0.27943552,-0.06656743,-0.18365666,-0.29629424,0.10345896,-0.38179564,-0.42929971,0.32103586,-0.26729509,6951000.12966225,0.1644074,0.22113866,0.13391507,-0.28197014,0.29065672,0.0629546,0.60019046,0.11067392,0.02215152,0.35009375,-0.12283921,-0.30132437,-0.1693836,-0.27670613,-0.28077409,-0.06708492,-0.18912695,-0.29883489,0.09950493,-0.3743445,-0.42564398,0.32867557,-0.26966426,6952000.12439533,0.15800859,0.21655403,0.12622449,-0.27595231,0.28467152,0.06110827,0.60068661,0.11275797,0.02913998,0.34335363,-0.12139384,-0.29992935,-0.16725661,-0.27782977,-0.27937004,-0.06895801,-0.18698622,-0.29318467,0.0967344,-0.37286156,-0.42431664,0.32090762,-0.26825413,6953000.12531617,0.15862168,0.21605571,0.12594856,-0.27459589,0.28125438,0.06440934,0.60100794,0.11122844,0.03526848,0.33581853,-0.11888554,-0.31404534,-0.16273297,-0.27868152,-0.27915269,-0.06711107,-0.19062407,-0.29562926,0.09523316,-0.38037628,-0.42656389,0.31810218,-0.27001977,6954000.12547936,0.15765701,0.21467483,0.1294108,-0.27877614,0.28438658,0.06679954,0.60458136,0.11099481,0.02979041,0.34257686,-0.11716633,-0.29857954,-0.16400652,-0.2801137,-0.28262725,-0.0656911,-0.19144811,-0.29894596,0.09775712,-0.38038814,-0.42846432,0.32116935,-0.27145231,6955000.12355849,0.15647091,0.22078976,0.127598,-0.27806264,0.2838122,0.06602529,0.6039623,0.110157,0.02813023,0.33872652,-0.120035,-0.30867505,-0.1628657,-0.28125975,-0.28151101,-0.07004674,-0.20213205,-0.29312861,0.0959505,-0.38679934,-0.42916828,0.31960487,-0.27279291,6956000.12307823,0.15553352,0.21709237,0.12981579,-0.28272745,0.28422487,0.06113862,0.60456508,0.11094275,0.02712227,0.33433324,-0.12165661,-0.30352849,-0.16450825,-0.2821511,-0.28072476,-0.06699104,-0.19248733,-0.2971116,0.09180588,-0.38165364,-0.42871502,0.32143024,-0.26028523,6957000.12545079,0.15685153,0.22288342,0.13101441,-0.28401908,0.28468829,0.06083452,0.60531014,0.10946453,0.0246334,0.3418119,-0.12528622,-0.31094348,-0.1718532,-0.28151619,-0.28138298,-0.06735597,-0.20271255,-0.29728708,0.0955957,-0.38672408,-0.42631152,0.32295442,-0.26763517,6958000.1272603,0.16146782,0.22208148,0.13355859,-0.28615701,0.28562033,0.05808317,0.60351104,0.10861011,0.02394183,0.34334904,-0.12639104,-0.31303123,-0.16138701,-0.28492722,-0.28403294,-0.06995735,-0.21023598,-0.29743868,0.09979033,-0.38905337,-0.42476907,0.32432359,-0.27599251,6959000.12526309,0.15533227,0.21841447,0.12787396,-0.2801584,0.28414685,0.05628206,0.6028986,0.10799199,0.02789984,0.34296021,-0.11712331,-0.30889332,-0.16423526,-0.2865493,-0.28220221,-0.0677487,-0.19983073,-0.30056906,0.09428984,-0.37625241,-0.42277062,0.31946769,-0.26391834,6960000.12348413,0.15364499,0.21413581,0.12305628,-0.27335483,0.28051868,0.06444139,0.59797186,0.11033341,0.0364069,0.33713165,-0.11124908,-0.31045586,-0.15555353,-0.28522089,-0.28126916,-0.06905796,-0.20460892,-0.29573637,0.09047932,-0.3752059,-0.42395052,0.3125807,-0.26351273,6961000.12158976,0.15291449,0.21824823,0.12356955,-0.27761984,0.28401187,0.06135316,0.6066522,0.11105466,0.03278207,0.3407017,-0.11571296,-0.30410397,-0.15591517,-0.28583619,-0.2822338,-0.06990507,-0.20529899,-0.29650649,0.0919968,-0.38129967,-0.42522836,0.3122935,-0.27377287,6962000.12524426,0.14804146,0.22188276,0.12398944,-0.27989331,0.2860502,0.06147093,0.60830462,0.11063653,0.02894206,0.3441754,-0.11563884,-0.29580644,-0.16138558,-0.28788474,-0.28311509,-0.07218911,-0.20453058,-0.29807055,0.09441145,-0.37952343,-0.42551792,0.31449604,-0.26859376,6963000.12224551,0.15282828,0.2210581,0.12423255,-0.27969652,0.28352717,0.06146399,0.60943288,0.10911334,0.02856359,0.34353518,-0.11378204,-0.30592895,-0.1561276,-0.28672701,-0.28217834,-0.06980406,-0.20498143,-0.29830319,0.09105453,-0.37849426,-0.42619219,0.31701884,-0.27386659,6964000.12233853,0.15454556,0.22140715,0.12622356,-0.28327268,0.28395683,0.05882096,0.60851526,0.10759467,0.02788994,0.336622,-0.12306482,-0.3184742,-0.16029504,-0.28881389,-0.28255385,-0.07220221,-0.21218206,-0.2972928,0.09094416,-0.38202038,-0.42567605,0.3111456,-0.27268147,6965000.12372827,0.15345053,0.2211038,0.12967001,-0.28871155,0.28245157,0.05696921,0.60640311,0.11065757,0.02611747,0.33138722,-0.12552848,-0.30457062,-0.15907067,-0.29434517,-0.28451389,-0.07264294,-0.2061867,-0.29797065,0.09601863,-0.37633669,-0.42241111,0.31522629,-0.2596629,6966000.12496151,0.1562431,0.22009578,0.12839144,-0.28577489,0.28316563,0.05515689,0.60907567,0.11224663,0.02540515,0.33562014,-0.12056791,-0.30663714,-0.15973945,-0.29590124,-0.28345868,-0.06911249,-0.21095024,-0.29438201,0.09210199,-0.38236594,-0.41840422,0.3178404,-0.26077822,6967000.12209794,0.14887796,0.21457332,0.12078023,-0.27445233,0.27901787,0.06206869,0.60709339,0.11094417,0.03534855,0.34095025,-0.11939528,-0.30354077,-0.15542927,-0.28980404,-0.28074738,-0.07194439,-0.2073043,-0.29544058,0.08324394,-0.37948048,-0.41839126,0.31737047,-0.26601216,6968000.12111967,0.15303266,0.21541341,0.1226635,-0.27858368,0.27814344,0.05986809,0.61198354,0.1086501,0.03527558,0.3485111,-0.11994471,-0.30202189,-0.15659745,-0.29494777,-0.28266746,-0.06931561,-0.21145973,-0.2964986,0.08457097,-0.38204178,-0.42294487,0.3159658,-0.27875778,6969000.12473958,0.15345496,0.21585716,0.12300217,-0.28581777,0.28170109,0.0588324,0.61433029,0.11097617,0.03011865,0.34379575,-0.11727823,-0.31418562,-0.15176061,-0.29664606,-0.28706971,-0.07500019,-0.21724606,-0.29813752,0.08417565,-0.3907879,-0.42248398,0.31452802,-0.27685887,6970000.12064941,0.15682104,0.21727461,0.12452242,-0.28363895,0.28515425,0.05446242,0.61455983,0.10963917,0.02866017,0.34026957,-0.11689853,-0.3090159,-0.14795683,-0.29434806,-0.28441483,-0.07816318,-0.21394968,-0.29628432,0.08758836,-0.39014944,-0.42261726,0.30980408,-0.26930073,6971000.12280406,0.15230422,0.21503015,0.12536481,-0.28958949,0.28402701,0.05723305,0.61013639,0.11095724,0.02765334,0.34760562,-0.12087765,-0.31118006,-0.15071636,-0.29767209,-0.28512621,-0.07568794,-0.21891744,-0.30103675,0.08842819,-0.38435251,-0.41971457,0.31283599,-0.26487076,6972000.12454842,0.1558464,0.2191914,0.12703095,-0.29044077,0.28221974,0.05880656,0.61456501,0.10986863,0.02459593,0.34716049,-0.12468649,-0.31440759,-0.15943256,-0.30095252,-0.28693035,-0.0721608,-0.21663156,-0.30280116,0.08886247,-0.38292941,-0.41950691,0.3121022,-0.26188841,6973000.12541638,0.15489334,0.22016864,0.13043122,-0.29477337,0.28454596,0.05360791,0.61167204,0.11077426,0.02270132,0.34313932,-0.12589164,-0.31817129,-0.15821885,-0.30251032,-0.28809276,-0.07323392,-0.22381642,-0.30264443,0.08368049,-0.38611045,-0.41621575,0.31545201,-0.26039207,6974000.12245635,0.15315455,0.21930662,0.12470501,-0.28520817,0.28300112,0.05914231,0.61204207,0.11046518,0.0262331,0.33327866,-0.1230446,-0.305145,-0.15480401,-0.30355254,-0.28645593,-0.07868965,-0.21801151,-0.30004895,0.08843514,-0.39033738,-0.41286942,0.31666511,-0.26139313,6975000.12198137,0.15155376,0.2142012,0.11919621,-0.2797479,0.28080326,0.06021045,0.61031133,0.11168671,0.03526,0.33454266,-0.11894906,-0.29062513,-0.15220167,-0.29964417,-0.28472438,-0.07683051,-0.21612769,-0.29831213,0.08785275,-0.38171923,-0.41465169,0.31692451,-0.26390415,6976000.12292644,0.14809784,0.21698454,0.12323076,-0.28287801,0.28163031,0.06163334,0.6133607,0.10878474,0.03147905,0.34881899,-0.11918066,-0.30121511,-0.15547766,-0.29694012,-0.28628227,-0.07877594,-0.2197028,-0.29729781,0.08182968,-0.38683033,-0.41624862,0.3122609,-0.27041277,6977000.12079606,0.15186884,0.21721926,0.12368249,-0.28338572,0.28766078,0.06225242,0.61464196,0.10830759,0.0280392,0.34207487,-0.12191278,-0.30540708,-0.15583317,-0.30012205,-0.28656721,-0.07335092,-0.21567218,-0.29786408,0.08531275,-0.38941243,-0.4173713,0.31289899,-0.26352337,6978000.12214286,0.15157364,0.21958457,0.12259983,-0.29011029,0.28794476,0.05923872,0.61467463,0.10685726,0.02874113,0.34051222,-0.12133533,-0.3076871,-0.1560466,-0.29696119,-0.28631863,-0.07055775,-0.21368347,-0.30009934,0.08981901,-0.39141467,-0.41569969,0.3210831,-0.26163283,6979000.12471474,0.14916146,0.21724699,0.12687017,-0.28847066,0.28060788,0.0544416,0.61347562,0.10904138,0.02634783,0.33776948,-0.12431768,-0.32003385,-0.15663362,-0.29735017,-0.28863597,-0.07310203,-0.23048323,-0.29835626,0.08648381,-0.39051607,-0.41510352,0.31357002,-0.26736459,6980000.12341147,0.15128379,0.21934398,0.1312409,-0.29258969,0.28171408,0.05554328,0.61063808,0.10876576,0.02453304,0.33266065,-0.12566361,-0.30789965,-0.15476879,-0.299822,-0.28875408,-0.07659961,-0.21627904,-0.30024764,0.08529251,-0.38868949,-0.41347337,0.31366494,-0.26243755,6981000.12348983,0.15217812,0.21582434,0.13135356,-0.29201263,0.28244349,0.05447186,0.612391,0.10715282,0.02265057,0.33359364,-0.12766688,-0.31576753,-0.15816255,-0.30226091,-0.29009101,-0.07523156,-0.21705355,-0.30189997,0.08925512,-0.38098082,-0.41138476,0.31477964,-0.25544751,6982000.1224855,0.15064263,0.21661164,0.12089541,-0.28059003,0.27855,0.05873199,0.61237788,0.10814994,0.03046432,0.32927158,-0.12150941,-0.31275326,-0.15274744,-0.29694271,-0.285476,-0.07315081,-0.21934818,-0.29788068,0.09186635,-0.38749599,-0.40946412,0.32219034,-0.26173642,6983000.12174643,0.14970441,0.21590978,0.12056927,-0.28132269,0.28559712,0.06126532,0.61546242,0.11009778,0.0333747,0.33361134,-0.11960196,-0.31205183,-0.14682217,-0.29722568,-0.28645802,-0.07694083,-0.22037241,-0.29879194,0.07976343,-0.3876532,-0.41097087,0.32140145,-0.26498288,6984000.12399428,0.15063901,0.21685812,0.12384677,-0.28434798,0.28498921,0.06003964,0.61641324,0.10819981,0.03009279,0.34041041,-0.12270745,-0.30822253,-0.15232775,-0.29771972,-0.28737795,-0.07236741,-0.2148322,-0.29795769,0.07886433,-0.39200455,-0.4107067,0.31746843,-0.26618621,6985000.12447003,0.14945656,0.21292949,0.12231294,-0.28452718,0.27921352,0.05886364,0.61526418,0.1080916,0.02843446,0.34532025,-0.12817506,-0.31151706,-0.1426027,-0.29671746,-0.28891122,-0.07556286,-0.21442069,-0.30109203,0.0903868,-0.38941795,-0.41034594,0.316796,-0.26886195,6986000.12765223,0.14938384,0.21697064,0.12485013,-0.28874928,0.28044659,0.06040543,0.61319721,0.10759751,0.02733742,0.33723786,-0.12555121,-0.31041867,-0.14845896,-0.29677549,-0.28897041,-0.07327053,-0.22439446,-0.30184343,0.09268718,-0.39365745,-0.4091382,0.31695607,-0.26821995,6987000.1265828,0.15554579,0.2245051,0.12569125,-0.29098734,0.27741033,0.05445608,0.61219114,0.10983928,0.02661298,0.32435849,-0.12626144,-0.30456141,-0.15505388,-0.29551959,-0.29074869,-0.07262473,-0.21604513,-0.29946181,0.09107765,-0.38507596,-0.40857464,0.31653717,-0.25766569,6988000.12480834,0.15370807,0.21918039,0.12811652,-0.2926563,0.28167787,0.05697655,0.61181331,0.10530566,0.02315474,0.33085155,-0.13011484,-0.3064808,-0.1520166,-0.30224213,-0.28873724,-0.07221518,-0.21500286,-0.29852632,0.09850365,-0.3869904,-0.40596792,0.32423538,-0.25358647,6989000.12490587,0.15256724,0.21642855,0.12583733,-0.28351256,0.2843011,0.05896678,0.612441,0.10628586,0.0266656,0.32562169,-0.12370975,-0.31190774,-0.15426771,-0.30034813,-0.28866023,-0.07443262,-0.21702841,-0.29866678,0.09505542,-0.38401672,-0.40474281,0.3162784,-0.255963,6990000.12538521,0.15174538,0.2151895,0.11938117,-0.2746183,0.27860299,0.05945703,0.61211723,0.10929637,0.03697595,0.33773485,-0.11768857,-0.30237219,-0.1457247,-0.29825407,-0.28527662,-0.07123247,-0.20950495,-0.29689106,0.10044768,-0.39046925,-0.40491998,0.31411263,-0.25608134,6991000.12342114,0.15455554,0.21687926,0.12192761,-0.2827301,0.28214306,0.05752944,0.61291981,0.10753362,0.03448076,0.34085047,-0.12174936,-0.30458215,-0.14914693,-0.29885551,-0.28712651,-0.07006183,-0.20455071,-0.29651618,0.09177127,-0.39627984,-0.40641975,0.31839344,-0.26152909,6992000.12245635,0.15142034,0.21283904,0.1243018,-0.28173989,0.27931765,0.05833397,0.61370671,0.1088368,0.03126749,0.34125963,-0.12514181,-0.30904499,-0.1543109,-0.2984283,-0.28723341,-0.07223244,-0.21273239,-0.2986933,0.08978335,-0.3929047,-0.40742761,0.31823421,-0.27012125,6993000.12525371,0.1532445,0.21735023,0.12451223,-0.28398284,0.28114045,0.06338733,0.61460787,0.10947943,0.03029144,0.33065519,-0.12502722,-0.31014004,-0.15136169,-0.29653025,-0.28876704,-0.07266095,-0.21223581,-0.29907799,0.08713081,-0.39214224,-0.40659109,0.31705186,-0.25985804,6994000.12509702,0.15453196,0.21569388,0.1261927,-0.2861436,0.27707109,0.06038065,0.6123746,0.10733125,0.02830523,0.33749193,-0.1285421,-0.30531025,-0.14898072,-0.29827338,-0.2890228,-0.07623006,-0.21662806,-0.29789373,0.09134455,-0.39053136,-0.40628907,0.31711346,-0.25987104,6995000.12644464,0.15697968,0.2196472,0.12939367,-0.29067862,0.28038889,0.05934121,0.61372936,0.10526813,0.02521153,0.33623248,-0.12490486,-0.29767144,-0.15354595,-0.30111083,-0.28939688,-0.0763785,-0.21272144,-0.29980955,0.10031627,-0.3923659,-0.40527701,0.32040003,-0.25280416,6996000.125705,0.15862985,0.22002549,0.12945758,-0.29052958,0.28044176,0.05424875,0.61349249,0.10361172,0.02305857,0.32692102,-0.12903726,-0.29553917,-0.1517642,-0.29980612,-0.28855762,-0.07252306,-0.21124314,-0.30134556,0.10031983,-0.38834241,-0.40216583,0.33265185,-0.24871388,6997000.12697612,0.15191813,0.21255486,0.12522294,-0.27729884,0.27906156,0.05962348,0.60903209,0.10543758,0.03047358,0.32866132,-0.12752563,-0.30060199,-0.1510455,-0.29490921,-0.28912956,-0.07122457,-0.21644312,-0.29827154,0.097442,-0.38789812,-0.39984289,0.32285893,-0.24455607,6998000.12364067,0.15209894,0.21073045,0.11878609,-0.27582172,0.28008267,0.06217808,0.61007017,0.10670466,0.03763448,0.33937398,-0.11673827,-0.28682226,-0.15448627,-0.29890794,-0.2852886,-0.07553956,-0.20952269,-0.29556474,0.09165853,-0.39404348,-0.40258282,0.3181037,-0.25096545,6999000.12567988,0.15436296,0.21681109,0.1240603,-0.27770993,0.28026366,0.06273734,0.61190438,0.1069328,0.03426373,0.33724555,-0.11986442,-0.29291117,-0.14709075,-0.30149609,-0.28745192,-0.07415761,-0.21234308,-0.30034131,0.09402107,-0.39001206,-0.40505466,0.32546413,-0.25607255,7000000.12605293,0.15097001,0.21719745,0.12653205,-0.28199467,0.28199476,0.05999887,0.61301756,0.10564651,0.0312302,0.32589516,-0.12495843,-0.30669406,-0.15230629,-0.29797089,-0.2895008,-0.07162949,-0.20886952,-0.29807055,0.09564409,-0.39342919,-0.4061096,0.31487873,-0.25632656,7001000.1268086,0.15533911,0.21539597,0.12742117,-0.28043914,0.27894434,0.05931193,0.61450565,0.10673767,0.03089714,0.33315906,-0.12375536,-0.29675895,-0.15881941,-0.29513857,-0.290223,-0.07061292,-0.2022226,-0.29865155,0.09267741,-0.39866611,-0.40714228,0.3156442,-0.25889447,7002000.12507795,0.15612924,0.21769875,0.1311737,-0.28402823,0.28042507,0.05873209,0.61405188,0.10522511,0.02870165,0.32974768,-0.12490174,-0.31200194,-0.15811124,-0.29924068,-0.29319009,-0.07044213,-0.19986913,-0.29645807,0.10004006,-0.39311257,-0.40619764,0.32027411,-0.24906898,7003000.12459766,0.16074361,0.21678425,0.13316458,-0.28816906,0.28078404,0.05789476,0.61484212,0.10606691,0.02584024,0.33324289,-0.12750478,-0.30736759,-0.15194604,-0.2986089,-0.29153958,-0.07071153,-0.20726876,-0.2963832,0.09597908,-0.3917712,-0.4064309,0.32993054,-0.25078285,7004000.12617189,0.16400744,0.22177276,0.13572171,-0.28831697,0.28210682,0.05551792,0.61277252,0.10728765,0.02458209,0.33190256,-0.12709807,-0.30389413,-0.1489799,-0.2989313,-0.2931287,-0.07286264,-0.21398428,-0.29938421,0.09109564,-0.38457444,-0.4054527,0.32837963,-0.24882723,7005000.12339636,0.15818422,0.21830155,0.13079683,-0.27597433,0.28132787,0.06343732,0.60985774,0.10662071,0.0318141,0.33661518,-0.12349574,-0.29872021,-0.15592828,-0.30044171,-0.28990519,-0.06738828,-0.21017087,-0.29713082,0.09878598,-0.38705373,-0.40370533,0.32781228,-0.24911503,7006000.12550727,0.15647091,0.21350472,0.12540117,-0.27276284,0.28592381,0.06057835,0.61183876,0.10817517,0.03908442,0.33956563,-0.11263759,-0.29145953,-0.15369959,-0.29488701,-0.28787002,-0.0696119,-0.20151328,-0.3002739,0.09308777,-0.39456305,-0.404102,0.32027626,-0.2576853,7007000.12601842,0.15769403,0.21233328,0.1277284,-0.27867159,0.28560922,0.06422598,0.61593282,0.11004468,0.03545578,0.33664465,-0.11534829,-0.29827383,-0.15903783,-0.29436472,-0.29142576,-0.07346894,-0.20503645,-0.29992697,0.09255438,-0.39329156,-0.40845078,0.31890124,-0.25655448,7008000.12830465,0.15970936,0.21820398,0.12913543,-0.27764526,0.28521186,0.05591346,0.61317873,0.10725658,0.0305423,0.34191072,-0.11421338,-0.29466394,-0.15986425,-0.29770601,-0.29042622,-0.07062571,-0.20730002,-0.29375887,0.09933774,-0.38944346,-0.40921009,0.32581067,-0.25824136,7009000.12781806,0.15988658,0.21887746,0.12996031,-0.28164801,0.28560451,0.06210316,0.61034513,0.10672139,0.03101051,0.33884662,-0.11584494,-0.29312205,-0.1559708,-0.29517043,-0.29054716,-0.06959552,-0.21463852,-0.29431301,0.10013864,-0.38775456,-0.41103995,0.32847649,-0.25801933,7010000.12705292,0.16080721,0.2183761,0.13332614,-0.28463474,0.28451562,0.05659938,0.61577469,0.10597825,0.02972082,0.33848566,-0.12159985,-0.2959201,-0.15740724,-0.29564571,-0.2916328,-0.06914592,-0.20662419,-0.30109715,0.09904861,-0.38494661,-0.41154936,0.33061326,-0.25825125,7011000.13011466,0.16355595,0.22345437,0.13547949,-0.28401938,0.29001039,0.05631192,0.61467695,0.10687696,0.02658532,0.34299722,-0.12241519,-0.2993626,-0.15951324,-0.29714593,-0.29351756,-0.07026587,-0.20066381,-0.30051759,0.09991508,-0.38475576,-0.41170144,0.32729742,-0.25173396,7012000.13007109,0.16252814,0.22101854,0.1377764,-0.28359795,0.28920287,0.06144053,0.61021584,0.10672235,0.02365763,0.34138575,-0.11770666,-0.29704222,-0.15684977,-0.29978046,-0.29429871,-0.06705733,-0.20329672,-0.30183169,0.09938944,-0.38146499,-0.4103348,0.32711536,-0.25173971,7013000.12828837,0.15534386,0.21555234,0.13128065,-0.27190319,0.28628901,0.06261342,0.6101765,0.1096003,0.03309256,0.34291846,-0.10812112,-0.28808287,-0.1556689,-0.29707637,-0.29076198,-0.07149935,-0.19429581,-0.30223969,0.09683398,-0.37499371,-0.40920478,0.32965732,-0.24488162,7014000.12715837,0.15714303,0.21323425,0.1287622,-0.26631981,0.28923339,0.06485168,0.61260319,0.11168038,0.03978116,0.34573418,-0.10290917,-0.28819555,-0.15423982,-0.29285523,-0.2902506,-0.06514829,-0.19267416,-0.30044007,0.09389617,-0.38534775,-0.41008502,0.33128676,-0.25266424,7015000.12536652,0.16062303,0.21919863,0.13271251,-0.27301872,0.28458861,0.06268138,0.61070263,0.10923968,0.0352573,0.34626728,-0.10453531,-0.29076999,-0.1529852,-0.292779,-0.29084674,-0.0656484,-0.20436931,-0.29745272,0.10105248,-0.38364786,-0.41257069,0.32799089,-0.259505,7016000.12628798,0.16028079,0.21501011,0.13186991,-0.27313855,0.28224546,0.05903262,0.61053348,0.10970868,0.03273782,0.33287615,-0.10134614,-0.30213621,-0.15219715,-0.29551232,-0.28956166,-0.06565905,-0.2013603,-0.30002788,0.09836914,-0.38255119,-0.41428599,0.32296315,-0.26114455,7017000.12860905,0.1575873,0.21616094,0.13246812,-0.27401048,0.28544712,0.05968488,0.60997152,0.10903468,0.03239594,0.33800641,-0.10207181,-0.30187619,-0.15424816,-0.29348567,-0.29039901,-0.06508892,-0.18628943,-0.3006112,0.09226245,-0.37590697,-0.41460931,0.32580361,-0.25522792,7018000.13143779,0.16694111,0.21895668,0.13564098,-0.28032464,0.28908291,0.0610982,0.61096013,0.10861011,0.02903781,0.34674552,-0.10653229,-0.29056463,-0.15523328,-0.29455552,-0.29241642,-0.06055705,-0.20084484,-0.30169082,0.10118914,-0.38194656,-0.41442978,0.32889974,-0.26233011,7019000.12925264,0.16255571,0.22267818,0.13786142,-0.27970353,0.28780922,0.0625627,0.6086936,0.11049788,0.02761906,0.34415007,-0.1025006,-0.28643882,-0.15333888,-0.29610842,-0.29296482,-0.06189132,-0.19808073,-0.30065104,0.10079759,-0.37780219,-0.41373563,0.32943848,-0.25914127,7020000.12920114,0.16620469,0.22249155,0.14020623,-0.27733204,0.29092243,0.06180452,0.60869998,0.11018714,0.02624894,0.32796678,-0.09839351,-0.29966953,-0.15416904,-0.29621461,-0.29401737,-0.05638209,-0.19012676,-0.30174467,0.09817316,-0.37256235,-0.41268417,0.33185983,-0.24573997,7021000.12950552,0.16371153,0.21472739,0.13099088,-0.26269963,0.2880792,0.06371512,0.60521984,0.11322378,0.03857898,0.34599996,-0.0931891,-0.28612182,-0.14833751,-0.29184571,-0.28960854,-0.05750246,-0.18996251,-0.29773667,0.10659067,-0.37603447,-0.4105559,0.33361745,-0.24452376,7022000.12696719,0.16457142,0.21647824,0.13123731,-0.26196927,0.287521,0.06549732,0.60805577,0.1137295,0.04150778,0.34347072,-0.09043334,-0.27498761,-0.15363759,-0.29038787,-0.29018989,-0.0584475,-0.19861279,-0.30037284,0.10195991,-0.3724415,-0.41155633,0.33235243,-0.24938066,7023000.12900975,0.16730085,0.21792804,0.13214497,-0.26412868,0.28836465,0.06601994,0.61049801,0.11080285,0.03571272,0.34676775,-0.08960459,-0.27803928,-0.15347078,-0.2861219,-0.29084864,-0.05803915,-0.18995202,-0.30254397,0.10534723,-0.37116891,-0.41427845,0.33724311,-0.25190666,7024000.12797473,0.16487136,0.21969537,0.13398999,-0.26169875,0.28428495,0.06811178,0.61163592,0.11194818,0.03501178,0.35161376,-0.09083296,-0.2804279,-0.15571165,-0.29065216,-0.29024342,-0.05408321,-0.19485876,-0.30026099,0.10344782,-0.37658346,-0.41414088,0.3331171,-0.26105258,7025000.13162881,0.16868326,0.21824898,0.13578767,-0.26563108,0.28638348,0.06607714,0.60837787,0.11353752,0.03447536,0.34659204,-0.09020299,-0.2837289,-0.15472393,-0.29120713,-0.29149866,-0.05317348,-0.1940271,-0.30159718,0.10586005,-0.36964244,-0.41457474,0.32735091,-0.24665898,7026000.12947085,0.16778873,0.21845558,0.14058688,-0.26634622,0.29019463,0.06576841,0.61124814,0.11129585,0.032845,0.34392646,-0.09345865,-0.28622696,-0.15279821,-0.28915289,-0.2921367,-0.05483005,-0.18214586,-0.30181715,0.10763257,-0.36716342,-0.41451672,0.33041754,-0.25633851,7027000.13034967,0.17279996,0.21880245,0.1445386,-0.26898247,0.29004079,0.06566691,0.60908872,0.11206271,0.03010194,0.34474635,-0.09024072,-0.28430673,-0.15456375,-0.298758,-0.29340205,-0.05379069,-0.19605221,-0.29587913,0.10932902,-0.37183785,-0.41400316,0.33896407,-0.25333464,7028000.13077608,0.1731399,0.22160229,0.13904709,-0.26670405,0.28742632,0.06434346,0.607364,0.11282084,0.02969379,0.35268852,-0.08773717,-0.28882295,-0.15084665,-0.29436874,-0.29235944,-0.05174098,-0.20448774,-0.29753101,0.11279889,-0.37294832,-0.41347635,0.33342332,-0.25087956,7029000.12787122,0.16274288,0.21469243,0.130633,-0.25326738,0.28519115,0.06873187,0.6075744,0.11463063,0.0424882,0.34886619,-0.07984287,-0.28274307,-0.15013279,-0.287395,-0.28743201,-0.05150453,-0.18720181,-0.2999756,0.11085089,-0.36641362,-0.41138521,0.33716556,-0.25231338,7030000.1285405,0.16230576,0.21609196,0.13326056,-0.25219238,0.28872091,0.07022095,0.60769469,0.11477769,0.04526517,0.35812494,-0.07616983,-0.2724767,-0.15072301,-0.28412393,-0.2880632,-0.04196236,-0.18434341,-0.29955292,0.1017544,-0.3717193,-0.41247407,0.33241457,-0.24969247,7031000.13028003,0.16656603,0.22011344,0.13476759,-0.25465012,0.2861436,0.06630427,0.60840738,0.11408487,0.04100763,0.35733226,-0.07611343,-0.28054252,-0.14616199,-0.28547731,-0.29071572,-0.04651306,-0.19158645,-0.3006227,0.10484391,-0.37033892,-0.41396609,0.3299399,-0.25375327,7032000.13210818,0.17236121,0.21763349,0.13496202,-0.25808793,0.28580785,0.06686126,0.6105538,0.11358808,0.03927913,0.36622423,-0.07278473,-0.27947575,-0.14657165,-0.28512383,-0.28966796,-0.0447523,-0.18998063,-0.30159205,0.10898571,-0.37315288,-0.41544023,0.3355332,-0.24961881,7033000.13212506,0.16880879,0.21583591,0.13766684,-0.26080835,0.28910401,0.06663752,0.6113379,0.11378423,0.03723619,0.36190641,-0.08030152,-0.25986826,-0.15234153,-0.28477839,-0.28894019,-0.04253497,-0.17474099,-0.30226308,0.10677839,-0.37117437,-0.41739374,0.33045095,-0.25032392,7034000.13245641,0.1722388,0.21886878,0.1399361,-0.26147345,0.287521,0.06663744,0.61037934,0.11343826,0.03432799,0.36027899,-0.08175917,-0.27071622,-0.15083657,-0.28579786,-0.2915765,-0.04593395,-0.17788543,-0.30303636,0.10503186,-0.37048477,-0.41561189,0.33792824,-0.25772604,7035000.13140297,0.17541865,0.22273499,0.1428718,-0.2635383,0.28991488,0.06290919,0.61053103,0.11393212,0.03276674,0.35507312,-0.07970867,-0.27935159,-0.14762382,-0.28564352,-0.29155591,-0.04775763,-0.19214265,-0.30216089,0.11172705,-0.36596721,-0.41533783,0.33678421,-0.24450687,7036000.12990546,0.17867869,0.22429669,0.1436715,-0.26149327,0.29073751,0.06674561,0.60991782,0.11403868,0.03155573,0.35310104,-0.07663204,-0.27061623,-0.15302056,-0.28489351,-0.29259667,-0.04706793,-0.18248107,-0.30042163,0.11729561,-0.36984855,-0.41314775,0.33508915,-0.2426924,7037000.12968829,0.17227684,0.21528898,0.13580891,-0.24974853,0.2850813,0.07258067,0.60760099,0.11565182,0.0432673,0.35277924,-0.07326497,-0.26943189,-0.1531512,-0.28621668,-0.28957576,-0.0449998,-0.18554837,-0.29987907,0.10900204,-0.36105302,-0.41050693,0.33544239,-0.24407952,7038000.13209963,0.16992307,0.21804239,0.13568872,-0.24991758,0.28711236,0.0694239,0.60793746,0.11766699,0.04526844,0.36045101,-0.07053182,-0.26956549,-0.14579955,-0.28212827,-0.28950119,-0.04368047,-0.1746818,-0.30243155,0.11033884,-0.36759028,-0.41257253,0.33729932,-0.24179684,7039000.13331084,0.17059289,0.22053158,0.13953248,-0.25450927,0.28831232,0.0760572,0.61366868,0.11638615,0.04014765,0.35953909,-0.07049318,-0.27955583,-0.1490072,-0.28232196,-0.29062125,-0.04103067,-0.18221101,-0.3039242,0.1095187,-0.37848973,-0.41574502,0.33440879,-0.25035647,7040000.13185583,0.17129692,0.22224854,0.13875377,-0.24885696,0.2881498,0.06821186,0.61158925,0.1151409,0.03715565,0.35741714,-0.07173309,-0.27420118,-0.15011826,-0.28562489,-0.2922532,-0.04692965,-0.18225402,-0.30422264,0.11194482,-0.36650351,-0.41518104,0.32824838,-0.24681269,7041000.13031425,0.1729867,0.22201064,0.13807043,-0.25208792,0.28868979,0.07315979,0.61051953,0.11574665,0.03723919,0.35609952,-0.07753305,-0.2727387,-0.14341433,-0.28389239,-0.2915003,-0.04087051,-0.19015233,-0.30781794,0.11094471,-0.36933315,-0.4151611,0.33539277,-0.25453261,7042000.13354602,0.17558047,0.22188684,0.14251554,-0.26142821,0.2893714,0.06900286,0.60609478,0.11324605,0.03502011,0.36519834,-0.07703475,-0.28465906,-0.14671612,-0.28624514,-0.29356012,-0.04223398,-0.17801617,-0.30546606,0.11165743,-0.35962629,-0.41585141,0.33788094,-0.2509388,7043000.13347611,0.17534076,0.22341792,0.14390688,-0.2614435,0.29426077,0.06529897,0.60593486,0.11401251,0.03234357,0.35000807,-0.07682624,-0.27474368,-0.15303804,-0.28780729,-0.29244566,-0.04217402,-0.17929327,-0.30543557,0.1121597,-0.35996211,-0.4142721,0.34053087,-0.24691288,7044000.13345782,0.17296845,0.2211684,0.1423216,-0.25400311,0.29360726,0.06697772,0.60582244,0.11260863,0.03322712,0.35688668,-0.07393608,-0.27666524,-0.15744424,-0.2876887,-0.29328877,-0.04255427,-0.18605094,-0.30268526,0.10960437,-0.36133531,-0.41429824,0.33856043,-0.24331996,7045000.13195841,0.1758192,0.21918467,0.13676634,-0.24514167,0.29091543,0.07095964,0.60502112,0.11502487,0.04532872,0.35660627,-0.06677069,-0.27144966,-0.15279143,-0.28674695,-0.28997996,-0.03480053,-0.18257366,-0.3032575,0.1074965,-0.35665148,-0.41235262,0.33542955,-0.24582715,7046000.13205513,0.17598195,0.22161806,0.13957998,-0.24949656,0.2892397,0.06776513,0.60756922,0.11520948,0.0438949,0.36300862,-0.0656644,-0.27163318,-0.15113811,-0.2864942,-0.29079467,-0.03372535,-0.18077202,-0.30319205,0.10826856,-0.36031216,-0.41418412,0.3256456,-0.24634039,7047000.13249137,0.17618604,0.2192644,0.14204516,-0.25319585,0.28936556,0.07132916,0.60748774,0.11690418,0.03940378,0.3646183,-0.07149661,-0.28168488,-0.15223058,-0.28457251,-0.29299417,-0.04187978,-0.18246415,-0.3025794,0.09949367,-0.36749342,-0.41539648,0.34143445,-0.24880348,7048000.12758303,0.17794742,0.22037727,0.14422259,-0.25206882,0.29080299,0.07122282,0.6088841,0.11360992,0.03877707,0.35349825,-0.0697782,-0.27838856,-0.15138464,-0.28582186,-0.29339185,-0.03968065,-0.16865042,-0.3030881,0.10708826,-0.37055758,-0.41480017,0.3365787,-0.25091487,7049000.13133332,0.17307809,0.22270389,0.14398752,-0.25453544,0.28723809,0.07214764,0.60735053,0.11438595,0.03640027,0.36229491,-0.0709386,-0.28308934,-0.15705147,-0.28954521,-0.2931304,-0.03450169,-0.17797181,-0.30429351,0.10955809,-0.36526799,-0.41557971,0.33377451,-0.25666198,7050000.13181224,0.17789932,0.22232653,0.1450897,-0.25385419,0.28880993,0.0652281,0.60822082,0.11412279,0.03483377,0.36480194,-0.07085523,-0.27661017,-0.15518624,-0.28781548,-0.29209766,-0.03812336,-0.19035996,-0.30438873,0.10650543,-0.36911759,-0.41481972,0.33744437,-0.25657588,7051000.13706937,0.17868663,0.22554462,0.14742167,-0.2585831,0.29335496,0.06913932,0.60405028,0.11493954,0.0321432,0.35335821,-0.07046676,-0.27952912,-0.14970271,-0.29048613,-0.29249576,-0.04002773,-0.18671711,-0.30547926,0.10771301,-0.3586081,-0.41189489,0.34422579,-0.24704494,7052000.13174203,0.17543355,0.21650051,0.13830255,-0.24488866,0.28736159,0.06638303,0.60520387,0.1164747,0.04203741,0.36187583,-0.07190302,-0.28471491,-0.15319169,-0.29021007,-0.289967,-0.03588713,-0.18182947,-0.30448258,0.10926226,-0.3560316,-0.41178387,0.33886138,-0.2438447,7053000.12920114,0.1749306,0.21606924,0.13586482,-0.24458534,0.28587148,0.07321998,0.60690171,0.11731533,0.04641602,0.36483648,-0.06334776,-0.27601144,-0.14955668,-0.29254287,-0.29012749,-0.0329785,-0.18360077,-0.29937065,0.10480452,-0.36853051,-0.4125489,0.34368765,-0.24738912,7054000.13149002,0.17579101,0.22324738,0.14024483,-0.25088826,0.28989047,0.0701578,0.60649467,0.11473898,0.04201066,0.36455429,-0.06621915,-0.27223241,-0.15243748,-0.29039508,-0.29006076,-0.03290618,-0.17197099,-0.30369774,0.10524033,-0.36990392,-0.41419026,0.33420151,-0.24586879,7055000.12982707,0.17436926,0.21952407,0.14271042,-0.25341555,0.29072914,0.07135863,0.60728741,0.11643568,0.03975058,0.35409993,-0.06656964,-0.27098545,-0.15349102,-0.28996894,-0.29178777,-0.03488705,-0.1735135,-0.30367839,0.11040024,-0.36052898,-0.41460174,0.34281299,-0.24851707,7056000.13179456,0.1761163,0.22300938,0.1436377,-0.2517758,0.29322162,0.06772955,0.60711217,0.11523673,0.0390329,0.35343897,-0.0692458,-0.27751258,-0.14941134,-0.2941235,-0.29103523,-0.03266661,-0.17743655,-0.30622271,0.10599732,-0.36156732,-0.41578835,0.33541471,-0.24794911,7057000.13473162,0.17652233,0.22017515,0.14498243,-0.25315762,0.29382244,0.06874547,0.60774803,0.11527611,0.03571984,0.36370748,-0.07072852,-0.27263141,-0.15543729,-0.2926259,-0.29220632,-0.02994514,-0.18073605,-0.29964164,0.11145252,-0.36560497,-0.41512001,0.33886874,-0.25059757,7058000.13481002,0.17740208,0.22270928,0.14866003,-0.26031762,0.29580209,0.07335293,0.60480386,0.11430922,0.03402751,0.35544023,-0.07652626,-0.27706173,-0.14814484,-0.29235959,-0.29202116,-0.03692676,-0.19240518,-0.30367893,0.10557392,-0.36682013,-0.41361374,0.34400073,-0.24548288,7059000.1313071,0.17759745,0.21821371,0.14050294,-0.24994104,0.29020393,0.06936328,0.60453826,0.11559011,0.0404534,0.36808422,-0.06878914,-0.27880779,-0.15956585,-0.2918312,-0.28881308,-0.03373799,-0.19209673,-0.29927823,0.10978717,-0.35978934,-0.41227701,0.34330922,-0.24351382,7060000.12887956,0.17689614,0.21677259,0.13288432,-0.24470361,0.28944132,0.07444277,0.60452408,0.11776419,0.04870758,0.37736303,-0.06445144,-0.27167523,-0.14793062,-0.29102856,-0.28704423,-0.03212261,-0.18296286,-0.29760873,0.10244704,-0.36317873,-0.41232395,0.33702216,-0.24737445,7061000.12998384,0.17993847,0.21926017,0.13992192,-0.24691215,0.29004726,0.06919792,0.60955858,0.11700024,0.04478139,0.36318332,-0.06548429,-0.28529713,-0.15350157,-0.28770593,-0.28801805,-0.0314845,-0.18973598,-0.30114362,0.10328529,-0.36331624,-0.41499764,0.33733311,-0.25273529,7062000.1313594,0.17884715,0.2231335,0.14003591,-0.24726684,0.28960192,0.07076995,0.60976279,0.11542211,0.04156021,0.35735896,-0.06620352,-0.28176194,-0.15223387,-0.29058376,-0.28952688,-0.03082378,-0.19239552,-0.30324298,0.10813247,-0.36410955,-0.41694489,0.33542654,-0.2564078,7063000.13095844,0.17557628,0.2233455,0.14139938,-0.25236288,0.2893714,0.07386477,0.60832793,0.11601547,0.04015573,0.36032051,-0.07196963,-0.27970484,-0.1473842,-0.29236129,-0.29187599,-0.03904487,-0.18697213,-0.30320036,0.11021551,-0.36939645,-0.41629782,0.33216116,-0.25414202,7064000.13013169,0.17678946,0.22571211,0.14188375,-0.25542119,0.29072914,0.07203791,0.6051392,0.11697313,0.03710485,0.35634688,-0.07226481,-0.28144968,-0.15674777,-0.2920416,-0.29012361,-0.03465272,-0.20331521,-0.30490723,0.10552007,-0.36890662,-0.41785634,0.33121988,-0.24865311,7065000.13185583,0.17711131,0.22499713,0.14373204,-0.25430286,0.29282102,0.07286172,0.6044758,0.11556958,0.03638024,0.36331123,-0.0749298,-0.28036493,-0.15371929,-0.29340205,-0.29203334,-0.03634169,-0.19024487,-0.30573469,0.10723349,-0.3611438,-0.41609567,0.33768335,-0.2455398,7066000.13358945,0.17693938,0.21961203,0.14240885,-0.25202635,0.29091543,0.07673237,0.60516393,0.11591048,0.03583259,0.36199117,-0.0776912,-0.27692133,-0.15777077,-0.29202151,-0.29099476,-0.03328462,-0.18449931,-0.29940611,0.11341519,-0.3616879,-0.41555852,0.34094635,-0.25614494,7067000.13037546,0.17339838,0.21476969,0.13489291,-0.24314849,0.28549466,0.0747281,0.60894042,0.11650373,0.04548693,0.36236948,-0.07476459,-0.276032,-0.15470795,-0.29051194,-0.28791219,-0.03467662,-0.19069795,-0.29651552,0.10801219,-0.36590305,-0.41376299,0.34085432,-0.25395623,7068000.13101985,0.17527068,0.21817711,0.13655412,-0.24768184,0.28936556,0.07635508,0.60885376,0.1155095,0.04538577,0.36283535,-0.07711601,-0.2734161,-0.1533678,-0.28825882,-0.28939521,-0.03501933,-0.19341889,-0.30395997,0.10655475,-0.36277705,-0.4177081,0.33946705,-0.25016052,7069000.13094944,0.17585786,0.22344759,0.13931303,-0.25576743,0.28982258,0.06412715,0.6053443,0.11542727,0.0400259,0.35717964,-0.08091027,-0.27529907,-0.1481985,-0.28581569,-0.29087874,-0.03501171,-0.18842836,-0.30415866,0.11102312,-0.36808577,-0.42118001,0.34168693,-0.25066277,7070000.13212532,0.17234638,0.21815358,0.14106676,-0.2549516,0.28985932,0.06730916,0.60754067,0.11340585,0.03880231,0.35624287,-0.07945424,-0.27839315,-0.15463042,-0.29022354,-0.29241601,-0.03636645,-0.18169904,-0.30570939,0.10825425,-0.37180436,-0.42172202,0.3346051,-0.25616601,7071000.12920651,0.17397641,0.22208577,0.14251232,-0.25675893,0.29111323,0.07008088,0.61029005,0.11346809,0.03791834,0.35184616,-0.08743519,-0.29297933,-0.15824704,-0.29385713,-0.29173252,-0.04021575,-0.18247305,-0.30449662,0.11164955,-0.37223542,-0.42035341,0.3334474,-0.2570565,7072000.13216007,0.17737737,0.2225616,0.14654303,-0.2618292,0.28882071,0.06682041,0.60943753,0.11140537,0.0339832,0.35109416,-0.08661576,-0.28882858,-0.16023605,-0.29114264,-0.29259318,-0.03872529,-0.17832889,-0.30722031,0.10872956,-0.36945406,-0.42192227,0.33835688,-0.26161963,7073000.13415681,0.17511123,0.22403364,0.14746548,-0.26159972,0.29360014,0.0649426,0.60798949,0.1112522,0.03177863,0.3508971,-0.08849142,-0.28945532,-0.16040893,-0.29407611,-0.29385382,-0.04165784,-0.16797054,-0.30625778,0.11638734,-0.37380439,-0.42001048,0.34084716,-0.25567758,7074000.12746088,0.17192303,0.22074291,0.13710158,-0.25256082,0.28701812,0.07151617,0.60873163,0.11212848,0.03943593,0.35117435,-0.08438302,-0.28848445,-0.16950193,-0.2953634,-0.29201826,-0.03927192,-0.18453249,-0.30396447,0.11384891,-0.36497262,-0.41942084,0.33963969,-0.25492015,7075000.12611251,0.16659164,0.22009984,0.13496709,-0.25047097,0.28929785,0.06644082,0.60846591,0.11276941,0.04460568,0.34789619,-0.08304206,-0.28267613,-0.16362523,-0.28762946,-0.29295966,-0.04162918,-0.18286458,-0.305691,0.10294645,-0.3652038,-0.42165524,0.33766517,-0.26222017,7076000.12601499,0.16976151,0.22288772,0.13848931,-0.25821465,0.28781897,0.0680356,0.60810512,0.11189694,0.03843943,0.35641053,-0.08710545,-0.27263659,-0.16415301,-0.28870592,-0.2958442,-0.04646976,-0.18131375,-0.30644131,0.11188816,-0.3743355,-0.42431489,0.33374384,-0.26097021,7077000.12808558,0.17142351,0.22221273,0.13946362,-0.25987437,0.28989604,0.06917132,0.60935909,0.11213078,0.03651259,0.34609535,-0.09308511,-0.28739274,-0.16249944,-0.29392147,-0.2949312,-0.04535267,-0.18026745,-0.30879411,0.10710685,-0.37537318,-0.42610976,0.33454785,-0.26093388,7078000.12631918,0.16496137,0.22043687,0.13933142,-0.26591605,0.2887156,0.07345738,0.6103344,0.11201537,0.03581223,0.34589833,-0.0958114,-0.29372907,-0.17023472,-0.28859213,-0.2964178,-0.04905914,-0.18208657,-0.3078087,0.1048274,-0.37826425,-0.42752826,0.33934325,-0.26164201,7079000.12961744,0.16854978,0.2208128,0.14028721,-0.26633823,0.28452647,0.06456088,0.60914516,0.11035858,0.03348895,0.34350073,-0.09897161,-0.29491723,-0.16738945,-0.28962725,-0.29680783,-0.0536298,-0.18274336,-0.3089532,0.11254252,-0.37025997,-0.42626128,0.33970776,-0.26289278,7080000.13011365,0.17342207,0.22628754,0.1418608,-0.26664606,0.2877824,0.06846432,0.61133724,0.11158054,0.02967969,0.35274029,-0.10153767,-0.28774419,-0.16426784,-0.2900697,-0.29679653,-0.05080902,-0.18808623,-0.31068727,0.10631631,-0.37566617,-0.42539012,0.34121618,-0.26059848,7081000.12876578,0.16688591,0.22190094,0.14024962,-0.26320878,0.28716481,0.06725313,0.60787767,0.11033646,0.03234448,0.34894967,-0.09665531,-0.29860768,-0.17505507,-0.28925732,-0.29684946,-0.04797858,-0.18826175,-0.30524582,0.10277817,-0.37834898,-0.42512742,0.33879423,-0.25988826,7082000.12528817,0.16454765,0.21691294,0.13435072,-0.25498354,0.28630075,0.06616138,0.60601765,0.11081548,0.04092922,0.35385504,-0.09370602,-0.29208556,-0.16776855,-0.28851366,-0.29389799,-0.04993563,-0.19297387,-0.30965996,0.1029813,-0.37242982,-0.42368132,0.33560565,-0.266978,7083000.12613745,0.16591805,0.21854939,0.13660736,-0.26383567,0.28641558,0.07367297,0.60800928,0.11325447,0.03977498,0.35131013,-0.09453945,-0.29530856,-0.16862217,-0.2917012,-0.29726523,-0.05411968,-0.18722789,-0.30782381,0.11096761,-0.37601313,-0.42798415,0.330026,-0.26399258,7084000.12662342,0.16386214,0.22292657,0.13873208,-0.26745749,0.2899428,0.06544273,0.60751617,0.11239549,0.03574168,0.34687102,-0.09893727,-0.30636412,-0.16827865,-0.29081213,-0.29909602,-0.0537985,-0.18701775,-0.30674767,0.10327906,-0.37755197,-0.43018222,0.33381072,-0.25964329,7085000.12797874,0.16926189,0.22221652,0.13839036,-0.26928604,0.28677657,0.06934978,0.60826427,0.10943478,0.03509203,0.34409833,-0.10003125,-0.3024976,-0.16674376,-0.28959984,-0.29790202,-0.05111497,-0.1912441,-0.31185296,0.10682576,-0.37987852,-0.42937604,0.33072594,-0.27031904,7086000.12582873,0.16742747,0.21836692,0.14150861,-0.27156425,0.28670779,0.06435727,0.60849988,0.11031071,0.03312518,0.34824222,-0.10448333,-0.29550478,-0.16810507,-0.29066527,-0.29986346,-0.05528034,-0.19515327,-0.31044236,0.10565445,-0.38303772,-0.43017825,0.32712656,-0.26233962,7087000.12992899,0.16800275,0.22067089,0.1443347,-0.27311021,0.28702328,0.06445592,0.60506254,0.10891508,0.03057777,0.34272179,-0.10362095,-0.28888485,-0.17239776,-0.29204333,-0.29982781,-0.05591785,-0.19322717,-0.30745411,0.11007904,-0.3778522,-0.42898786,0.33462289,-0.26172113,7088000.12762052,0.16513792,0.22339031,0.14020208,-0.27192083,0.28739527,0.06556562,0.6033687,0.11151313,0.03021793,0.34150335,-0.09901311,-0.30398229,-0.16810112,-0.28934708,-0.29906189,-0.05667644,-0.19418316,-0.31177902,0.10410058,-0.38148826,-0.42786297,0.33214641,-0.26302525,7089000.12893903,0.16470276,0.21726872,0.13303766,-0.26163989,0.28235441,0.07018256,0.60910124,0.1101388,0.04087132,0.35435152,-0.09510273,-0.29382914,-0.16733126,-0.29210821,-0.29705662,-0.05798975,-0.18823093,-0.30767837,0.11445183,-0.37756908,-0.42755705,0.33370078,-0.26331255,7090000.12759577,0.1662287,0.22292657,0.13389936,-0.26704532,0.28377035,0.06806444,0.60894227,0.11047598,0.04114047,0.34491247,-0.09577489,-0.30234584,-0.17574957,-0.28478855,-0.29670185,-0.05150703,-0.1786883,-0.309697,0.11313605,-0.37617698,-0.42943466,0.32983434,-0.27108151,7091000.12346802,0.15942784,0.21946876,0.13503441,-0.27124915,0.28697535,0.06518903,0.6057893,0.1114975,0.03549981,0.3436628,-0.09763129,-0.29644138,-0.1768886,-0.28538686,-0.30075693,-0.05597195,-0.18997222,-0.31310895,0.10393251,-0.37887061,-0.4320133,0.3280071,-0.28116405,7092000.12633887,0.16255216,0.21556439,0.13589409,-0.27054209,0.28865826,0.05985416,0.60547894,0.11095334,0.03544841,0.33930176,-0.09757341,-0.3059977,-0.17436755,-0.29044202,-0.30022621,-0.05086648,-0.18623079,-0.31331217,0.10231503,-0.38282293,-0.43381688,0.32547417,-0.27177426,7093000.12592165,0.16281956,0.21813259,0.13723965,-0.27601531,0.28686574,0.06345651,0.60891813,0.10936897,0.03431879,0.34259161,-0.10121069,-0.29524168,-0.17700884,-0.28463304,-0.30171654,-0.06008719,-0.18676077,-0.31093565,0.1071237,-0.38569811,-0.4339292,0.32793838,-0.27280545,7094000.12412056,0.16721891,0.22206692,0.14095685,-0.28159308,0.28849047,0.06119518,0.60792387,0.1094013,0.03181598,0.34982717,-0.10345393,-0.29283094,-0.17645395,-0.28781453,-0.30110082,-0.06479253,-0.19096079,-0.31156713,0.1106588,-0.37606302,-0.43221402,0.33226135,-0.26749653,7095000.12860307,0.16550307,0.21845515,0.1430832,-0.27890331,0.28904614,0.06016977,0.60785335,0.10907631,0.03109589,0.33580053,-0.1045012,-0.30301219,-0.17564556,-0.29330829,-0.3004697,-0.06226535,-0.19263262,-0.31488293,0.10667165,-0.38182569,-0.4321005,0.33035541,-0.26819718,7096000.12603971,0.16126418,0.21567555,0.1342677,-0.27058956,0.27865592,0.06268138,0.60755497,0.10989863,0.03762105,0.34310126,-0.1023844,-0.29959217,-0.17987159,-0.28694001,-0.29844224,-0.06123324,-0.20104796,-0.31541103,0.10660807,-0.37601972,-0.43112344,0.33334684,-0.265744,7097000.12461717,0.1611138,0.21697673,0.12868276,-0.26445153,0.2784268,0.0663957,0.6074053,0.11081432,0.04433049,0.34616795,-0.09182835,-0.29467505,-0.18236087,-0.28495175,-0.29873213,-0.05632086,-0.18971634,-0.31110179,0.10715142,-0.37914318,-0.43083298,0.32903144,-0.27110049,7098000.12491623,0.15817812,0.21662883,0.13312112,-0.27109721,0.28169724,0.06686687,0.60613072,0.10994402,0.04037438,0.35170472,-0.09744412,-0.30152246,-0.18111035,-0.28426713,-0.30145398,-0.06010797,-0.20248276,-0.31597051,0.10730036,-0.3856445,-0.4359616,0.32749489,-0.26964033,7099000.12530875,0.1608002,0.21417888,0.13451584,-0.27361968,0.28275034,0.06571067,0.61195141,0.10899028,0.03576328,0.35171524,-0.09924368,-0.30040398,-0.17518297,-0.28603497,-0.30239397,-0.06468091,-0.20223609,-0.31388319,0.10307965,-0.38599128,-0.43742728,0.33093178,-0.27401569,7100000.12565704,0.15991166,0.21642412,0.13623534,-0.27497834,0.28246328,0.06173055,0.6068179,0.10866492,0.03487235,0.35157374,-0.10051029,-0.30130091,-0.18515021,-0.28548971,-0.30285111,-0.06801324,-0.19374411,-0.31458724,0.10558047,-0.38516396,-0.43859622,0.32701755,-0.27839863,7101000.12519594,0.16014123,0.21970335,0.13776076,-0.28261456,0.28360856,0.06078428,0.60929471,0.10931912,0.03390232,0.34849799,-0.09942599,-0.30211684,-0.19132042,-0.28644174,-0.30285719,-0.07070225,-0.19849958,-0.31634077,0.10440827,-0.37937599,-0.43902689,0.32543677,-0.27421936,7102000.12830813,0.16106625,0.21958457,0.14102314,-0.28513533,0.28757867,0.05993811,0.60680228,0.1098958,0.03050244,0.34249693,-0.10544575,-0.29568908,-0.18613556,-0.28413895,-0.30394772,-0.06876585,-0.20976339,-0.31541809,0.10076147,-0.3891882,-0.4382014,0.33097565,-0.27179679,7103000.12854378,0.1643991,0.22088158,0.14012548,-0.28706622,0.28872091,0.05643816,0.60789067,0.10696876,0.02841194,0.34682074,-0.10519114,-0.31251013,-0.18437567,-0.28569371,-0.30547133,-0.07065498,-0.19640476,-0.31747374,0.10401949,-0.38461608,-0.43645853,0.3321515,-0.2667807,7104000.12462681,0.15848616,0.21809913,0.13224299,-0.27502906,0.27904806,0.05875445,0.60542774,0.10882246,0.03574581,0.35042506,-0.09839648,-0.30566546,-0.18646298,-0.28868115,-0.30358741,-0.06894437,-0.19400722,-0.31479311,0.09944514,-0.38296777,-0.43553686,0.32949942,-0.27002195,7105000.12369574,0.15594663,0.21509047,0.13022065,-0.27097347,0.27906734,0.06493567,0.60697877,0.10911927,0.04272732,0.3467741,-0.0949193,-0.30903038,-0.18804005,-0.28715077,-0.30167428,-0.07315484,-0.20005709,-0.31472889,0.09328098,-0.38260293,-0.43632162,0.32428879,-0.28114426,7106000.12610845,0.15820406,0.21530132,0.1324406,-0.27659488,0.28051665,0.06362154,0.60683262,0.11029115,0.03703488,0.3444432,-0.09711408,-0.31209692,-0.18781134,-0.28594193,-0.30430043,-0.07176181,-0.19654728,-0.31469223,0.09949978,-0.38413009,-0.44001848,0.33376059,-0.27598134,7107000.1269277,0.1553514,0.21562667,0.1319866,-0.28189325,0.28103459,0.06091903,0.60642534,0.11047976,0.03481924,0.33810699,-0.10017326,-0.29789025,-0.18891248,-0.28715748,-0.3044059,-0.076416,-0.20031132,-0.32029715,0.10133141,-0.38820353,-0.44116995,0.33212584,-0.28096604,7108000.12737943,0.15721452,0.21512455,0.13253756,-0.28351486,0.28439784,0.05901035,0.60520178,0.10960791,0.03477699,0.34185395,-0.09836552,-0.29589248,-0.18854789,-0.28788474,-0.3070631,-0.07444881,-0.20410591,-0.31944928,0.09686635,-0.38271627,-0.44204307,0.32685146,-0.2725682,7109000.12652561,0.15808423,0.22018142,0.13683492,-0.2854552,0.28159115,0.0579079,0.60296792,0.10703913,0.03183309,0.34196672,-0.10147578,-0.3112123,-0.192844,-0.28651363,-0.30674368,-0.07826266,-0.20664831,-0.31745213,0.10205984,-0.38549468,-0.44121855,0.32991928,-0.27960908,7110000.12972794,0.16362962,0.21985546,0.13915479,-0.28912845,0.28462899,0.05541988,0.60530466,0.10575525,0.02883884,0.33620661,-0.10465488,-0.30639583,-0.19499026,-0.29198894,-0.30641153,-0.0813653,-0.19954689,-0.31613907,0.10610936,-0.38897586,-0.4401609,0.33184087,-0.27721962,7111000.12948272,0.15909936,0.21881714,0.14163718,-0.28959042,0.28663033,0.05312994,0.6038214,0.10730935,0.02654608,0.33969426,-0.10617689,-0.29900756,-0.18988392,-0.29167765,-0.30728716,-0.07853685,-0.20530246,-0.32240412,0.10297108,-0.39489859,-0.44026542,0.32952434,-0.26899895,7112000.12688367,0.1578006,0.21952364,0.13554834,-0.28049558,0.28483519,0.06268594,0.60468721,0.10988111,0.03422464,0.33584842,-0.09405616,-0.29997534,-0.1962394,-0.292088,-0.30574486,-0.0766188,-0.20758878,-0.31928036,0.10414562,-0.38266265,-0.43740764,0.33331823,-0.27780792,7113000.12562269,0.15813959,0.21736819,0.13216451,-0.27411017,0.27965704,0.06609707,0.60291392,0.10846834,0.04220622,0.34450892,-0.09247485,-0.30429646,-0.19175653,-0.28756478,-0.30492386,-0.07979509,-0.1868688,-0.31976047,0.10307398,-0.38441357,-0.43846411,0.32861203,-0.27497837,7114000.12713431,0.15821791,0.22192782,0.13550472,-0.28143209,0.28509825,0.06174495,0.60498834,0.11063144,0.03888011,0.35520369,-0.09482551,-0.30478951,-0.19118407,-0.28854465,-0.30572745,-0.08252053,-0.2053957,-0.32249659,0.09941352,-0.39036754,-0.44101131,0.32438281,-0.28013086,7115000.12723203,0.15711023,0.22109556,0.13441785,-0.28401965,0.2847909,0.05854291,0.60415763,0.11247616,0.03543181,0.3486141,-0.09431647,-0.3097527,-0.19374061,-0.2888723,-0.30668521,-0.07526857,-0.20209633,-0.31595328,0.10557276,-0.387454,-0.4419494,0.32428694,-0.28247917,7116000.12690845,0.16134267,0.22142486,0.1373686,-0.28693238,0.28713757,0.05820522,0.60135406,0.11280908,0.03541647,0.34737799,-0.09719803,-0.31088892,-0.2013772,-0.29146135,-0.30739596,-0.07660121,-0.20463626,-0.3181847,0.09845284,-0.3923566,-0.44333014,0.32143217,-0.28191036,7117000.12774317,0.15752123,0.22136383,0.13939753,-0.28619432,0.28841129,0.05470476,0.60343957,0.11211373,0.03167978,0.35039556,-0.09973402,-0.30605197,-0.19642475,-0.29136461,-0.30811706,-0.08263164,-0.21285079,-0.32406077,0.09546962,-0.39069673,-0.44317311,0.31701782,-0.2775425,7118000.12862232,0.15805651,0.2247352,0.14257893,-0.29121071,0.28573906,0.05767475,0.6018033,0.1118048,0.02975394,0.34486645,-0.10004784,-0.30607066,-0.19474654,-0.29444551,-0.30785117,-0.07657979,-0.20596419,-0.32027513,0.09900308,-0.38496578,-0.4430159,0.32942879,-0.27674207,7119000.12789059,0.15736626,0.221775,0.14481981,-0.29404044,0.28797677,0.05380568,0.6002118,0.11217853,0.02889924,0.34659389,-0.10192263,-0.310137,-0.19490765,-0.29753792,-0.30946139,-0.08037488,-0.20508933,-0.31734568,0.10077572,-0.3839705,-0.4412674,0.32980165,-0.27576885,7120000.12952249,0.15586078,0.22235849,0.13851154,-0.2841883,0.2836211,0.0572016,0.59844077,0.11283217,0.03489304,0.34584373,-0.09699909,-0.29990798,-0.19247983,-0.29527283,-0.30756313,-0.08196297,-0.21291934,-0.31900734,0.10197131,-0.39002344,-0.43883118,0.32736403,-0.27654609,7121000.12749718,0.15281606,0.21756972,0.13475256,-0.2775149,0.28490826,0.06116008,0.59904206,0.11211134,0.04338734,0.35557956,-0.09125202,-0.31056985,-0.19602795,-0.29424274,-0.30530581,-0.08369393,-0.20341058,-0.31921896,0.10127271,-0.38511488,-0.43887836,0.32991096,-0.27790686,7122000.12785962,0.15870914,0.223729,0.13858517,-0.28088158,0.28679261,0.06207301,0.59827775,0.11284275,0.03884676,0.36629307,-0.0937581,-0.30228624,-0.19198963,-0.29855558,-0.30861741,-0.08360876,-0.20160466,-0.31934577,0.09617665,-0.39198869,-0.44252208,0.33071774,-0.28229976,7123000.13000053,0.1607888,0.22017537,0.13657199,-0.28560948,0.28868979,0.05948839,0.5996958,0.11256146,0.03666775,0.36125764,-0.09356841,-0.30558369,-0.19087915,-0.29819307,-0.30912101,-0.07782936,-0.21138757,-0.3205322,0.09968571,-0.39302829,-0.4439753,0.32555354,-0.28567004,7124000.12800714,0.16146204,0.22245443,0.13809662,-0.28454176,0.28849578,0.05712415,0.59972799,0.11047716,0.03658611,0.35613349,-0.09787987,-0.29830131,-0.18890765,-0.29646415,-0.30970642,-0.08117051,-0.20357896,-0.32252449,0.0969829,-0.38705087,-0.44355187,0.32932889,-0.28789538,7125000.12725094,0.16071667,0.22221273,0.138905,-0.28848377,0.28514752,0.05873367,0.59986997,0.10994294,0.0346571,0.34931791,-0.09368191,-0.29938895,-0.1975598,-0.29582316,-0.30960849,-0.08307805,-0.20478421,-0.32158956,0.09691665,-0.38475749,-0.44247994,0.33435878,-0.28113598,7126000.12830465,0.15867585,0.2194289,0.14359049,-0.28830779,0.28816542,0.05847813,0.59860754,0.11394491,0.03201741,0.35580158,-0.09659589,-0.31325385,-0.19508164,-0.2965866,-0.30805719,-0.08490236,-0.2115365,-0.32170182,0.10260201,-0.39154527,-0.44188631,0.3299711,-0.27429128,7127000.13000959,0.16298349,0.2223767,0.1424486,-0.28819162,0.28980398,0.059873,0.59768796,0.11275264,0.03185367,0.34445149,-0.096968,-0.30464295,-0.19242755,-0.30011228,-0.30791304,-0.0825239,-0.21880615,-0.31595048,0.10036071,-0.38822767,-0.44189647,0.32789293,-0.2758868,7128000.12683623,0.16265161,0.22009984,0.13353562,-0.27749047,0.28168342,0.06368122,0.59646213,0.112211,0.04227302,0.34877631,-0.08246561,-0.29897001,-0.19019456,-0.29839104,-0.30436167,-0.0816762,-0.203702,-0.31542662,0.10028704,-0.38187873,-0.43875316,0.33139512,-0.28091654,7129000.12865275,0.15733007,0.21868934,0.1345758,-0.27646047,0.28449953,0.07045898,0.59774184,0.1146979,0.0464156,0.36018947,-0.07704972,-0.30145651,-0.19379556,-0.29326254,-0.30502632,-0.07675033,-0.21061648,-0.32120085,0.09953611,-0.38653854,-0.44023713,0.32554641,-0.27687454,7130000.12909585,0.15782022,0.21872301,0.13866255,-0.27986142,0.28613213,0.06236031,0.60075301,0.11529215,0.04199403,0.36116821,-0.07932208,-0.29610905,-0.19500332,-0.29860285,-0.3072542,-0.08163528,-0.20647097,-0.32078075,0.09744883,-0.39037627,-0.44328111,0.32890454,-0.28269982,7131000.12925264,0.15859982,0.2209086,0.13700604,-0.27916911,0.28620082,0.06092768,0.59519535,0.1146945,0.04011839,0.36083707,-0.08347991,-0.29735121,-0.19085118,-0.29827407,-0.3095791,-0.0790942,-0.20559187,-0.31926,0.10046025,-0.38665816,-0.44334662,0.33776483,-0.28767273,7132000.13024481,0.15818994,0.21934068,0.13960324,-0.28350589,0.28924555,0.0605962,0.5992381,0.11400957,0.03963713,0.35736153,-0.08352124,-0.29978657,-0.19306177,-0.29788673,-0.30802074,-0.08402605,-0.20143034,-0.31748259,0.09491818,-0.39356393,-0.44433153,0.33842608,-0.28141251,7133000.12924357,0.16035609,0.22078976,0.14215071,-0.28672686,0.29303613,0.05976697,0.59994346,0.11247337,0.03818739,0.35792816,-0.0863565,-0.30414778,-0.19700003,-0.29789096,-0.30870366,-0.08964781,-0.19614486,-0.31714138,0.09918877,-0.38050005,-0.44410855,0.32991508,-0.27616787,7134000.12987828,0.16658154,0.22471723,0.1465162,-0.28777301,0.29330313,0.05552439,0.59739912,0.11415695,0.0342101,0.35770899,-0.08808462,-0.3040458,-0.19678871,-0.30297256,-0.30749696,-0.0836191,-0.19871411,-0.31865594,0.10156642,-0.38158891,-0.44306847,0.3307665,-0.27841142,7135000.12910491,0.16408971,0.21897358,0.1403396,-0.27667487,0.29046345,0.06343309,0.59619212,0.1121888,0.03796129,0.35906169,-0.08548855,-0.29855967,-0.19353433,-0.30055955,-0.30609131,-0.08403698,-0.20857418,-0.32006785,0.09735502,-0.38241968,-0.44179863,0.33306995,-0.27208319,7136000.12677602,0.1580722,0.22030674,0.1320315,-0.27335727,0.28534809,0.06878334,0.59888196,0.11405027,0.0496989,0.36178881,-0.07614676,-0.28383827,-0.19268422,-0.29865685,-0.30461654,-0.07803337,-0.19291097,-0.31981269,0.09632547,-0.37803084,-0.44254506,0.32704881,-0.27352524,7137000.12846138,0.15705703,0.2196935,0.13715601,-0.27649975,0.2885583,0.06178977,0.59735131,0.1137182,0.04578791,0.35566536,-0.0760243,-0.28640062,-0.19057262,-0.29692298,-0.30652258,-0.07712474,-0.19590262,-0.31903401,0.09811457,-0.39188418,-0.44403797,0.32446587,-0.28249946,7138000.13041046,0.15632749,0.22245067,0.13921745,-0.28159982,0.28982258,0.0598438,0.59688133,0.11479747,0.04141853,0.35555223,-0.08380806,-0.29541627,-0.18630551,-0.29761359,-0.30740768,-0.08037301,-0.20908765,-0.31990227,0.10233987,-0.39732385,-0.44577846,0.32776654,-0.28243813,7139000.12572046,0.15908447,0.2230109,0.14028721,-0.28108937,0.29154357,0.0615404,0.59818327,0.11315754,0.0413991,0.35523152,-0.0822077,-0.28087211,-0.18912373,-0.29900399,-0.3059938,-0.07910755,-0.21281202,-0.32030609,0.10173931,-0.39329597,-0.44660726,0.33070883,-0.28090826,7140000.13189065,0.1605859,0.22658819,0.14239816,-0.2841053,0.28867406,0.06458086,0.59841126,0.11265852,0.04074468,0.36013237,-0.08278913,-0.29881975,-0.19803874,-0.29844943,-0.30596751,-0.08122421,-0.20447941,-0.32106686,0.0990246,-0.39116278,-0.44678977,0.33422959,-0.28206843,7141000.13000053,0.16300595,0.22907825,0.14553341,-0.28702876,0.29244995,0.05916764,0.59560031,0.11427944,0.03549749,0.36471689,-0.08722781,-0.29843879,-0.19002175,-0.30465442,-0.3061226,-0.08459334,-0.21177915,-0.31986049,0.10086313,-0.3890796,-0.44611648,0.33473453,-0.2831338,7142000.13201262,0.16542861,0.22572261,0.146099,-0.28694078,0.29167143,0.06004515,0.59710246,0.11088143,0.03526734,0.36185509,-0.08659991,-0.29328215,-0.18641235,-0.30278331,-0.30681938,-0.08069636,-0.20920475,-0.3194209,0.10030409,-0.38519692,-0.44371635,0.33816004,-0.27411887,7143000.12847933,0.15739235,0.21877052,0.13553044,-0.27494052,0.28293708,0.06574627,0.59131652,0.11284298,0.04623312,0.36178717,-0.0818807,-0.29156896,-0.18947643,-0.29950076,-0.30478728,-0.07799106,-0.21157947,-0.31998399,0.09405066,-0.38131171,-0.44383043,0.33227015,-0.27693251,7144000.12608743,0.16048655,0.22055212,0.13537371,-0.27042139,0.28271064,0.06693199,0.59374332,0.11131883,0.04686637,0.36784312,-0.07815523,-0.2950086,-0.18581767,-0.29751632,-0.30570966,-0.08010732,-0.19289972,-0.32325333,0.10530873,-0.3956092,-0.44719738,0.33532336,-0.2817339,7145000.12887672,0.16012025,0.22020587,0.14019543,-0.27668443,0.28833815,0.07274422,0.59894133,0.11368364,0.04297656,0.36758286,-0.08283329,-0.28908876,-0.18807834,-0.30080685,-0.30611944,-0.08281073,-0.20834617,-0.32418308,0.10384683,-0.39224899,-0.44912994,0.32871395,-0.28610975,7146000.13132371,0.15760466,0.21881714,0.14090909,-0.28266445,0.29039425,0.06575844,0.60096294,0.11403431,0.04168629,0.35777476,-0.08920287,-0.28935584,-0.19183262,-0.29926488,-0.30741185,-0.08452055,-0.20757212,-0.32352164,0.09900575,-0.39384329,-0.45130044,0.33361921,-0.2821736,7147000.13019916,0.1622903,0.22296099,0.14048603,-0.28190276,0.28839076,0.06455503,0.5986371,0.11077331,0.03974267,0.35503089,-0.09233194,-0.29985857,-0.19697683,-0.29628059,-0.30758676,-0.08336075,-0.20511538,-0.3209464,0.09806503,-0.38827774,-0.45247328,0.33957422,-0.28763437,7148000.13181129,0.16385528,0.22455858,0.14290713,-0.28501859,0.28853714,0.06431175,0.59714413,0.11070716,0.03771513,0.35866803,-0.09453154,-0.301355,-0.1923987,-0.29937506,-0.30728757,-0.09051994,-0.20801233,-0.32201102,0.09940745,-0.38630709,-0.45094901,0.32706398,-0.28621277,7149000.13304052,0.16143137,0.22654064,0.14425384,-0.29012731,0.28955507,0.06017137,0.59884518,0.10822154,0.03411539,0.35211304,-0.09319625,-0.29549608,-0.1995604,-0.30238014,-0.30853206,-0.08818202,-0.19780238,-0.32323197,0.10201938,-0.38863379,-0.44948873,0.33192697,-0.27781081,7150000.1319603,0.15850274,0.22434279,0.14309213,-0.28652644,0.29128528,0.06582578,0.59714103,0.1091616,0.03645167,0.34665003,-0.09295676,-0.30466628,-0.19575121,-0.29939619,-0.30832201,-0.08542825,-0.20322201,-0.32633713,0.10558147,-0.38254893,-0.44784394,0.33208445,-0.27696785,7151000.12823536,0.15651077,0.2230109,0.13524011,-0.27299371,0.28664106,0.06424348,0.59757519,0.10919259,0.04704953,0.35010451,-0.08695079,-0.30097118,-0.19355769,-0.29850715,-0.3042354,-0.08298706,-0.21415597,-0.32225412,0.0994377,-0.38733536,-0.44809523,0.33053055,-0.28051412,7152000.13117659,0.15787889,0.22787909,0.13691588,-0.2782495,0.28523666,0.06423714,0.59821928,0.11029889,0.04448626,0.35637116,-0.08826897,-0.29845604,-0.18854687,-0.30372778,-0.3054083,-0.08524436,-0.21247958,-0.32383177,0.09942994,-0.39266494,-0.45042816,0.32890263,-0.2814478,7153000.12952249,0.15764332,0.22479679,0.13759626,-0.28252542,0.28894144,0.06507715,0.6002776,0.1109205,0.04072471,0.34845537,-0.09022807,-0.29691395,-0.19876881,-0.29808047,-0.30780631,-0.08790052,-0.21372929,-0.32687652,0.10050738,-0.40049198,-0.45254791,0.32627127,-0.28671041,7154000.12925264,0.1600005,0.22458933,0.1399491,-0.28603914,0.29043102,0.06504291,0.59905559,0.11035902,0.04084208,0.34572983,-0.09514262,-0.30131379,-0.20225693,-0.2989814,-0.3093763,-0.09003697,-0.21031234,-0.33032009,0.10144302,-0.39805946,-0.4544754,0.32938164,-0.28818896,7155000.13289252,0.16330056,0.2240822,0.1391844,-0.28780052,0.28704837,0.0614107,0.60047644,0.10794879,0.04036108,0.34987238,-0.09487692,-0.30806804,-0.19268616,-0.30121979,-0.30954081,-0.08637821,-0.21232364,-0.3233079,0.10258844,-0.40130836,-0.45590422,0.32293296,-0.28917089,7156000.12980898,0.16042508,0.22564882,0.14153744,-0.28806618,0.28679699,0.06661626,0.60201979,0.108657,0.03695288,0.35295832,-0.0957194,-0.30913085,-0.19607402,-0.2980977,-0.3096503,-0.08897025,-0.21234366,-0.32410944,0.10533957,-0.39367214,-0.45428404,0.33485317,-0.28723824,7157000.13032322,0.16204688,0.2252913,0.14460504,-0.28989488,0.29127005,0.06496755,0.59920001,0.11014328,0.03574414,0.34754455,-0.09559906,-0.30104518,-0.19805451,-0.29812551,-0.31273836,-0.08904313,-0.21466161,-0.32970649,0.099877,-0.39485607,-0.45178884,0.3312819,-0.28451055,7158000.12798372,0.16180854,0.22134571,0.13627559,-0.27951708,0.28729448,0.06818723,0.59672129,0.10877522,0.04205931,0.34640455,-0.09010573,-0.30300012,-0.19577824,-0.29626247,-0.30914593,-0.08554827,-0.2195874,-0.32677519,0.09930314,-0.39580822,-0.45082685,0.32911289,-0.27989852,7159000.12840991,0.15816571,0.22109219,0.13290857,-0.27518561,0.28608608,0.06790899,0.60103858,0.11051571,0.04991878,0.34753338,-0.08466043,-0.29991406,-0.19626854,-0.29387039,-0.30861515,-0.08934143,-0.20254768,-0.32652527,0.09608431,-0.39038345,-0.45294529,0.33320686,-0.27856928,7160000.1272603,0.15311517,0.22589162,0.1361347,-0.28301343,0.28854826,0.07160527,0.60102546,0.11012588,0.04546121,0.35416064,-0.08894672,-0.30397999,-0.19689097,-0.29685265,-0.31155044,-0.08900786,-0.21706863,-0.32993972,0.09881356,-0.39847222,-0.45654213,0.33716291,-0.28741315,7161000.12844312,0.15861815,0.22378656,0.13676666,-0.28285527,0.29031441,0.06509211,0.60145134,0.11118747,0.04325573,0.3434585,-0.08911947,-0.29966155,-0.19597921,-0.29580677,-0.30999422,-0.09011579,-0.21271478,-0.32868522,0.10340745,-0.39472863,-0.45801407,0.33134139,-0.29030254,7162000.12757385,0.15637806,0.22748527,0.13801575,-0.28756896,0.29110712,0.0676135,0.59949857,0.10923726,0.04228645,0.34480694,-0.09379127,-0.30662465,-0.19067831,-0.30163401,-0.30896932,-0.09106098,-0.20728767,-0.32888591,0.10463826,-0.39524505,-0.45705992,0.33178702,-0.28914905,7163000.12760118,0.16044164,0.22422369,0.13875796,-0.28818229,0.28485999,0.06391478,0.59950048,0.10887232,0.04081479,0.3436822,-0.08754811,-0.30954075,-0.19094683,-0.29754752,-0.31060445,-0.09268905,-0.22158781,-0.33068299,0.10448649,-0.40090027,-0.45678177,0.33030593,-0.29554585,7164000.12924471,0.16097984,0.22303323,0.14158015,-0.28983277,0.28823888,0.06352472,0.60093999,0.10877804,0.03982326,0.34076276,-0.08914522,-0.30665135,-0.19018739,-0.29874709,-0.30951676,-0.09558079,-0.22246929,-0.3290635,0.10642198,-0.40155977,-0.45570385,0.33315066,-0.28779337,7165000.13000156,0.15920874,0.22477436,0.1393853,-0.28657246,0.2869235,0.06904308,0.59787023,0.10959855,0.04016966,0.34538415,-0.08665689,-0.30460951,-0.19797793,-0.29749268,-0.30995214,-0.09387594,-0.21207923,-0.33080134,0.10325795,-0.38927656,-0.4540273,0.33301637,-0.28964531,7166000.1243794,0.15455887,0.21865186,0.13216035,-0.27412644,0.28487679,0.07230674,0.60084873,0.10876846,0.0512703,0.34497476,-0.0801225,-0.29656157,-0.19110799,-0.29217893,-0.30596986,-0.09149561,-0.21209884,-0.32751471,0.10159887,-0.38714883,-0.45391169,0.3348015,-0.28288141,7167000.1257582,0.15783992,0.21975464,0.13430257,-0.27923459,0.28589234,0.06975906,0.60389191,0.10933723,0.05222737,0.35083762,-0.08200428,-0.29837054,-0.19151285,-0.29476911,-0.30858853,-0.08799538,-0.20747602,-0.32878798,0.09955986,-0.40404332,-0.45729077,0.32765639,-0.29004627,7168000.12715663,0.15511817,0.221921,0.13709012,-0.28163749,0.28682435,0.06777406,0.6023767,0.11204562,0.04640256,0.34955394,-0.08704364,-0.29159659,-0.19399545,-0.29708123,-0.30950782,-0.09317442,-0.20676324,-0.32970309,0.09746216,-0.4042685,-0.46030182,0.33211166,-0.30302724,7169000.12753002,0.15828054,0.21999559,0.1368625,-0.28001282,0.28634238,0.06577814,0.60001379,0.11135216,0.04596405,0.33867568,-0.08266069,-0.31299746,-0.18883428,-0.29615322,-0.30751246,-0.09865589,-0.20968299,-0.32966822,0.10165475,-0.3987672,-0.45959443,0.32111406,-0.29857567,7170000.1242637,0.15775582,0.22206309,0.13861476,-0.28697947,0.28446707,0.05885795,0.60329372,0.11008043,0.04616623,0.33722472,-0.0817142,-0.30740553,-0.1921162,-0.29832253,-0.30908534,-0.09631478,-0.21658494,-0.33174279,0.10181167,-0.40620914,-0.46151692,0.31714875,-0.29122216,7171000.12837391,0.16158344,0.22232774,0.13937531,-0.29304168,0.2867353,0.05923802,0.60479045,0.11032339,0.04370781,0.33524865,-0.08526255,-0.30815098,-0.19432113,-0.30092481,-0.31011802,-0.09672904,-0.21281302,-0.33117768,0.10166874,-0.4022581,-0.45972744,0.32197785,-0.29286256,7172000.1292873,0.15874723,0.22363265,0.14161347,-0.2929458,0.28941777,0.06346708,0.6025188,0.11022532,0.04076423,0.340444,-0.08380946,-0.30632117,-0.20005611,-0.29819006,-0.30858707,-0.09862468,-0.2111616,-0.3313731,0.10634898,-0.39791262,-0.45914161,0.32907125,-0.29246232,7173000.13080224,0.15756059,0.22228858,0.13630128,-0.27925664,0.28586602,0.06414371,0.60135317,0.10891765,0.04510478,0.33232144,-0.08116704,-0.2933622,-0.19759424,-0.29880735,-0.30905569,-0.09597686,-0.21573836,-0.33029178,0.10609179,-0.39215165,-0.45669657,0.32991096,-0.29013008,7174000.12801027,0.1541806,0.218981,0.12962031,-0.27476451,0.28509694,0.0730604,0.60255259,0.10832909,0.05520436,0.34770608,-0.07725578,-0.30034533,-0.18729448,-0.2922464,-0.30785769,-0.0935202,-0.20320888,-0.32544342,0.10292395,-0.4001866,-0.45716077,0.31945229,-0.29323193,7175000.12662663,0.15640578,0.22040972,0.13206574,-0.27870622,0.28521186,0.07328019,0.60326493,0.10918509,0.05231568,0.3428503,-0.07635816,-0.30519468,-0.19201225,-0.2925356,-0.30741605,-0.09706577,-0.21527278,-0.33251452,0.10098225,-0.39806747,-0.4605535,0.3218216,-0.29896438,7176000.12859993,0.15380365,0.22011757,0.1364911,-0.28289014,0.28362495,0.06612457,0.60853243,0.1083978,0.04959797,0.33779761,-0.07911371,-0.29627916,-0.1957434,-0.29267064,-0.31019816,-0.09470347,-0.21856725,-0.33361006,0.0996753,-0.40544802,-0.46374428,0.32778752,-0.29495287,7177000.12668633,0.15625075,0.22269595,0.13594007,-0.28446475,0.28485999,0.06646407,0.61007094,0.10911533,0.04882419,0.33822072,-0.08103458,-0.30601004,-0.19940922,-0.29448763,-0.31080523,-0.0964132,-0.2100953,-0.33354691,0.10641902,-0.40025005,-0.46499404,0.31750083,-0.29844287,7178000.12869453,0.15762933,0.22411692,0.14056291,-0.286715,0.29374838,0.06410068,0.60776502,0.10751832,0.046126,0.33698067,-0.08204514,-0.30116299,-0.19996272,-0.30002442,-0.31144014,-0.1013843,-0.20814934,-0.33401474,0.1039257,-0.40617105,-0.46423015,0.32185397,-0.2990925,7179000.12881681,0.15933689,0.22571921,0.14022085,-0.29263401,0.2905938,0.06926082,0.6085912,0.10867432,0.04388623,0.33709928,-0.08559796,-0.30264944,-0.20223862,-0.29573748,-0.31070685,-0.09878705,-0.21774232,-0.33414286,0.1004509,-0.4021838,-0.46297958,0.32851622,-0.28854862,7180000.13103688,0.16302396,0.22784321,0.14374399,-0.29310003,0.29261303,0.06772955,0.60631257,0.10622463,0.04153927,0.33335754,-0.08889394,-0.30699256,-0.1976175,-0.29741484,-0.31197456,-0.10211171,-0.20514533,-0.33670181,0.11041169,-0.40292251,-0.46148175,0.33033514,-0.29286292,7181000.1315335,0.16046843,0.22348279,0.1384784,-0.28668281,0.28915954,0.07246479,0.60363364,0.10742031,0.04717162,0.33466592,-0.08558146,-0.30186364,-0.20150892,-0.29771665,-0.31077883,-0.10646462,-0.21105911,-0.33397394,0.10484914,-0.40474886,-0.46122789,0.32645693,-0.2920987,7182000.12687083,0.15828304,0.22281136,0.13227566,-0.27775937,0.28501317,0.06745645,0.60606146,0.11109447,0.05590102,0.34487152,-0.07789634,-0.29965359,-0.20049243,-0.29211596,-0.30859655,-0.10282246,-0.22508575,-0.32955998,0.10135231,-0.40573683,-0.46104845,0.33054495,-0.28810877,7183000.131281,0.15673245,0.22613844,0.13281201,-0.28420895,0.28840664,0.07370795,0.60871047,0.11016853,0.05176297,0.33837932,-0.0755676,-0.29571646,-0.20044675,-0.29333892,-0.31028408,-0.10052267,-0.21474032,-0.33137828,0.10629001,-0.41129485,-0.46448317,0.33007088,-0.29876781,7184000.12830465,0.15451939,0.22563483,0.13512886,-0.28660801,0.29066163,0.0654605,0.60971081,0.10921337,0.0476465,0.34293666,-0.08129234,-0.30845389,-0.20081422,-0.29515284,-0.31089818,-0.10008021,-0.21530187,-0.33369216,0.09882034,-0.40813747,-0.46585199,0.3296867,-0.297414,7185000.12794733,0.15807384,0.22041909,0.13676666,-0.287866,0.28901491,0.06283116,0.60779774,0.10812511,0.04752308,0.34150404,-0.08435649,-0.30894485,-0.19894619,-0.29417261,-0.31198433,-0.10304469,-0.2132545,-0.33358029,0.09985796,-0.40726498,-0.46747771,0.32682556,-0.30098265,7186000.12994017,0.15834236,0.22411297,0.13700926,-0.2884908,0.2914969,0.06704252,0.60988837,0.10733821,0.04447969,0.33599696,-0.08239804,-0.30268562,-0.19554555,-0.29417402,-0.31304714,-0.10397557,-0.20786595,-0.33399218,0.10898891,-0.40453169,-0.46746576,0.32329386,-0.29959086,7187000.13034092,0.15655296,0.22562237,0.14090058,-0.29012328,0.28717411,0.06088026,0.60876942,0.10867283,0.04289692,0.34467173,-0.08303409,-0.31429714,-0.19927499,-0.29724026,-0.31476146,-0.10206827,-0.21652725,-0.33729872,0.10451906,-0.40731943,-0.46567476,0.33223665,-0.29643503,7188000.13371952,0.15688741,0.22476599,0.14291108,-0.29173699,0.28949726,0.06244931,0.60787398,0.10920323,0.04040537,0.33100995,-0.08659571,-0.31347755,-0.19978324,-0.29595622,-0.31331295,-0.10281462,-0.21529879,-0.33518669,0.10481045,-0.40655518,-0.46488273,0.33068445,-0.29015389,7189000.12861875,0.15381344,0.22354442,0.13666107,-0.28157282,0.28249234,0.06742151,0.60358673,0.10819725,0.04783473,0.33075953,-0.08371168,-0.31305671,-0.20389615,-0.290645,-0.31032562,-0.10054076,-0.21660979,-0.33208168,0.10152088,-0.40664136,-0.46298996,0.32015327,-0.29344317,7190000.12777555,0.15810061,0.22245443,0.1348031,-0.27669764,0.28562024,0.07028629,0.60740292,0.10877329,0.05369839,0.33582121,-0.07532141,-0.30735457,-0.19825603,-0.29232433,-0.31028944,-0.10054854,-0.21712095,-0.33012453,0.09964483,-0.40366581,-0.4633072,0.33408543,-0.2979477,7191000.12872207,0.15923348,0.22625354,0.13811469,-0.28277096,0.28699145,0.07359313,0.60894203,0.1098747,0.04996303,0.33369151,-0.07866828,-0.31144744,-0.20205368,-0.29470751,-0.31001851,-0.10391928,-0.21267784,-0.33706307,0.10754256,-0.40881324,-0.4668318,0.32756695,-0.30058295,7192000.12870379,0.15593822,0.22806942,0.13944872,-0.28603408,0.28708491,0.0665811,0.61057812,0.10842163,0.0471616,0.33416834,-0.08250991,-0.31011862,-0.20629716,-0.295941,-0.31203994,-0.09922522,-0.2144006,-0.33342767,0.10561559,-0.40310943,-0.46729928,0.32737648,-0.29680061,7193000.12711909,0.1579286,0.22551945,0.14316881,-0.28552535,0.28599402,0.06972554,0.6108883,0.10956629,0.04555996,0.33043352,-0.08369751,-0.31967679,-0.20374689,-0.29382688,-0.31315404,-0.1050963,-0.21194422,-0.33599454,0.11068109,-0.40515691,-0.46844465,0.32882187,-0.30037466,7194000.12930365,0.16239651,0.22859526,0.14052974,-0.28986567,0.28932416,0.0684562,0.60973585,0.10859348,0.04472774,0.33352706,-0.0798403,-0.30954894,-0.1988789,-0.29307392,-0.31278536,-0.10432931,-0.19796087,-0.33351105,0.10450049,-0.39959633,-0.46861941,0.33327341,-0.29830009,7195000.13116673,0.16178405,0.22740649,0.1417134,-0.29008126,0.29305029,0.07017776,0.61034018,0.10777734,0.04287434,0.32906851,-0.08383729,-0.31218326,-0.1981205,-0.293679,-0.31223816,-0.10093883,-0.21594004,-0.33251265,0.10592082,-0.40191391,-0.46538922,0.33101705,-0.29173335,7196000.13094944,0.16485108,0.22945243,0.1429584,-0.28690028,0.29058149,0.0678538,0.60929853,0.10844239,0.04193333,0.33599627,-0.08128659,-0.31647342,-0.19731371,-0.29721561,-0.31307587,-0.10315174,-0.21217006,-0.33305895,0.10666059,-0.39907923,-0.4641611,0.33245718,-0.28791484,7197000.12720959,0.1570933,0.22443533,0.13656567,-0.27859405,0.28591818,0.07137726,0.60745418,0.10870686,0.05318084,0.33764935,-0.07588554,-0.29030117,-0.19927193,-0.29380584,-0.30968902,-0.10142376,-0.20223765,-0.33430758,0.10445101,-0.39589095,-0.46168336,0.32717183,-0.29257238,7198000.12900084,0.15516888,0.22352898,0.13295679,-0.27846655,0.2867353,0.0731719,0.60637033,0.11161938,0.05685526,0.3408384,-0.07492421,-0.30192944,-0.19810949,-0.28895998,-0.30781019,-0.09910569,-0.21209146,-0.33039403,0.10683754,-0.39724907,-0.46433944,0.32631296,-0.30113629,7199000.13230881,0.15599003,0.22513489,0.13796784,-0.2791585,0.2892141,0.07184169,0.61002129,0.10925772,0.05147647,0.33932334,-0.07831229,-0.30947375,-0.19915113,-0.29176575,-0.30911592,-0.1038181,-0.21544747,-0.33294901,0.10955632,-0.40432853,-0.46680185,0.33094049,-0.29612848,7200000.13060994,0.15569095,0.22261097,0.13856696,-0.2813696,0.28748956,0.06994324,0.61239547,0.10749127,0.05036004,0.33621252,-0.07879399,-0.31194073,-0.20443106,-0.29047006,-0.31029361,-0.09893023,-0.21545191,-0.33194804,0.10700906,-0.4076125,-0.46527943,0.33090755,-0.29874399,7201000.12678033,0.15566441,0.22592674,0.13980201,-0.28683546,0.29050463,0.06590386,0.61388397,0.10992904,0.04979058,0.33633316,-0.08104914,-0.30700377,-0.19955005,-0.28829092,-0.31131336,-0.10381903,-0.20502378,-0.33350927,0.11023116,-0.40485755,-0.46657553,0.32984594,-0.30055305,7202000.13164656,0.16134448,0.23132825,0.14226976,-0.28550503,0.28993276,0.06832162,0.60982001,0.11050981,0.0473394,0.33600003,-0.08022226,-0.30934697,-0.20271058,-0.29486012,-0.31044465,-0.10073338,-0.20947301,-0.32947558,0.10930359,-0.40113547,-0.46569079,0.33003527,-0.29356018,7203000.13331085,0.16442749,0.22690292,0.14665744,-0.28676528,0.2912178,0.06632642,0.6123817,0.10914632,0.04495929,0.34006318,-0.08492436,-0.31471002,-0.2018138,-0.29882798,-0.30992708,-0.10292881,-0.21725681,-0.33111781,0.106322,-0.40219465,-0.46314928,0.33330667,-0.29306045,7204000.13019209,0.16405597,0.22417051,0.14478035,-0.28382644,0.28920874,0.06941674,0.60935873,0.10998642,0.04536477,0.34711212,-0.08178694,-0.30710444,-0.19674398,-0.2935012,-0.31022602,-0.10349678,-0.21682313,-0.33422607,0.1069664,-0.39620158,-0.46081862,0.33214486,-0.29691619,7205000.12781806,0.15690185,0.21887513,0.13572496,-0.27298939,0.28410262,0.07172342,0.61095464,0.10930471,0.05708158,0.34122682,-0.07580156,-0.30500376,-0.20236962,-0.2944442,-0.3094711,-0.1003092,-0.21309645,-0.32990569,0.10840348,-0.40158516,-0.45952165,0.32477343,-0.2915622,7206000.12676473,0.1573814,0.22388953,0.13509816,-0.27615279,0.28716972,0.07843469,0.61155826,0.11212526,0.05541015,0.33811873,-0.07857997,-0.30109906,-0.19387174,-0.2945036,-0.30833942,-0.09902344,-0.20964433,-0.33022949,0.09869798,-0.40302896,-0.46375304,0.32464904,-0.29667386,7207000.12807623,0.16036992,0.22545797,0.13738637,-0.27840239,0.29066163,0.07759169,0.61010212,0.1121041,0.05285252,0.34249628,-0.08091312,-0.30496013,-0.19305901,-0.29230809,-0.30991405,-0.10113927,-0.20571023,-0.33066919,0.0995627,-0.39632201,-0.46530256,0.32837525,-0.29335949,7208000.12744835,0.16206528,0.22528112,0.13938269,-0.28131601,0.28545135,0.073331,0.6117571,0.11127855,0.05038179,0.33119872,-0.08012751,-0.31537724,-0.19950627,-0.29374954,-0.30987057,-0.09938096,-0.21247438,-0.32687956,0.10894421,-0.40021041,-0.46459961,0.33046439,-0.29637876,7209000.12864128,0.16388854,0.22433177,0.13988647,-0.28306934,0.28893068,0.06997591,0.61242723,0.11126928,0.04940569,0.33631045,-0.08376537,-0.31071931,-0.19207521,-0.29573625,-0.31021008,-0.09918775,-0.19987361,-0.32756367,0.10320592,-0.39578602,-0.46434432,0.32519382,-0.29211739,7210000.13080882,0.15994425,0.22753872,0.14277858,-0.289269,0.29261974,0.0695918,0.61264759,0.11027838,0.04576697,0.34190094,-0.08361889,-0.31397694,-0.19491248,-0.29447097,-0.310523,-0.09980794,-0.20988628,-0.32975847,0.10410324,-0.40371192,-0.46383411,0.32641071,-0.29338771,7211000.13049465,0.15981098,0.23005952,0.14741135,-0.28673705,0.2909658,0.07082107,0.61221784,0.1076308,0.04291362,0.33064905,-0.08606691,-0.31972006,-0.19901653,-0.29780254,-0.31231108,-0.10032097,-0.20971866,-0.33244753,0.10955548,-0.39926833,-0.4614512,0.3296487,-0.29746217,7212000.13070488,0.16313189,0.2259884,0.14215071,-0.28262872,0.29126343,0.07384419,0.61125851,0.1073048,0.04531437,0.33501613,-0.08350258,-0.30729237,-0.19271237,-0.29841709,-0.31020999,-0.09670715,-0.21421596,-0.33068299,0.10902967,-0.39569324,-0.45855784,0.33816499,-0.29761165,7213000.12849371,0.15804827,0.22213835,0.13491896,-0.27458158,0.28626922,0.07530986,0.60800785,0.11057343,0.05605812,0.33427307,-0.076754,-0.30553004,-0.19473967,-0.29635146,-0.30803803,-0.10093729,-0.20639533,-0.32547662,0.1011485,-0.39028782,-0.45684484,0.32981989,-0.29870006,7214000.12977193,0.15909089,0.22600326,0.13985667,-0.28057736,0.28828549,0.07386802,0.61139452,0.11096718,0.05359174,0.33677962,-0.07853283,-0.30437982,-0.19656606,-0.2940315,-0.30860651,-0.09680162,-0.20836703,-0.32416818,0.10227268,-0.39492145,-0.45842421,0.32542017,-0.2957828,7215000.12803802,0.16252336,0.22775441,0.14146475,-0.28027657,0.28613952,0.07034302,0.61216629,0.11110913,0.04917999,0.33929956,-0.07986954,-0.30239639,-0.19115338,-0.29356512,-0.31004721,-0.09751059,-0.20731151,-0.32957405,0.10714965,-0.39971375,-0.46028438,0.3233968,-0.29959553,7216000.12730627,0.16377442,0.22718865,0.14177394,-0.2817944,0.29120812,0.06951907,0.61314952,0.10922516,0.04845802,0.34715709,-0.08159456,-0.30345091,-0.19405465,-0.29502782,-0.30880389,-0.09666876,-0.19484189,-0.3262383,0.10165317,-0.3917135,-0.46221289,0.32683074,-0.29989865,7217000.13077419,0.16406605,0.2273079,0.14247343,-0.28414875,0.29102963,0.06535618,0.61373526,0.11110465,0.04751844,0.34383062,-0.08586112,-0.30513555,-0.19628444,-0.29745063,-0.30895042,-0.09532369,-0.19917513,-0.32939655,0.0976677,-0.39760831,-0.46092665,0.33062181,-0.29756033,7218000.13289241,0.16155282,0.23152021,0.14403036,-0.28752506,0.29225323,0.06663674,0.61138701,0.10945161,0.04417948,0.33130902,-0.08539654,-0.30710161,-0.19516908,-0.29961047,-0.31091952,-0.0984039,-0.20534815,-0.32704797,0.09678072,-0.39223599,-0.45944136,0.33125877,-0.29108539,7219000.13212532,0.16059917,0.23152021,0.14706795,-0.28940609,0.29440135,0.06344809,0.60869104,0.10665568,0.04223566,0.34029198,-0.08653981,-0.31644127,-0.19516835,-0.29729685,-0.31001887,-0.0976385,-0.21173017,-0.32189265,0.10021609,-0.39645463,-0.45653218,0.33054495,-0.28762135,7220000.13255267,0.16184548,0.22608081,0.14323972,-0.27853578,0.28834903,0.06641561,0.60622489,0.10707458,0.04748542,0.33740178,-0.07987066,-0.30734581,-0.19049712,-0.29701123,-0.30844647,-0.09529977,-0.21074186,-0.32791311,0.10517937,-0.39374718,-0.45337635,0.3374266,-0.28729087,7221000.12681788,0.16314781,0.22448152,0.13819559,-0.27536622,0.2846089,0.07268955,0.60928422,0.10769164,0.05662748,0.3397696,-0.07454435,-0.30427667,-0.1896387,-0.29567525,-0.303994,-0.09424642,-0.1953961,-0.32574788,0.1095067,-0.39165622,-0.45249182,0.32756695,-0.28689417,7222000.12864369,0.16145115,0.22807772,0.14169295,-0.28083536,0.29039976,0.06562199,0.61437857,0.10947099,0.05213176,0.34910867,-0.07785793,-0.29859149,-0.18636732,-0.29611504,-0.30790305,-0.08875072,-0.18955769,-0.32563636,0.09765822,-0.38701019,-0.4550674,0.3280184,-0.29300091,7223000.12728545,0.15981841,0.22887844,0.14172609,-0.28258988,0.29152811,0.07062935,0.61424601,0.10881612,0.04870877,0.3398194,-0.07942986,-0.30210856,-0.18580112,-0.29948139,-0.306519,-0.08507886,-0.19657084,-0.32328171,0.10239871,-0.39722052,-0.45523453,0.33348289,-0.29074723,7224000.12840579,0.16342898,0.23128581,0.14190274,-0.28186738,0.29066738,0.06697352,0.61026698,0.10729872,0.04734226,0.32751995,-0.07743486,-0.308198,-0.18031679,-0.29843387,-0.3059659,-0.08100637,-0.20288728,-0.32269064,0.10448657,-0.39517683,-0.45325896,0.33467218,-0.29212007,7225000.13140219,0.16445078,0.22935182,0.14407793,-0.28497028,0.28970182,0.06022646,0.61253351,0.10636457,0.04655629,0.33833015,-0.08215369,-0.31474176,-0.18417682,-0.30173776,-0.3074511,-0.08548639,-0.20772156,-0.32778639,0.10349278,-0.38383877,-0.45356742,0.3306739,-0.28762195,7226000.13116673,0.16625807,0.22569634,0.14584889,-0.28774926,0.28856909,0.06433041,0.61164951,0.10657744,0.04436147,0.33566457,-0.08299953,-0.30542424,-0.18233599,-0.30063349,-0.30883008,-0.08475842,-0.20864911,-0.32499588,0.10763683,-0.38842258,-0.4523173,0.33401507,-0.28235039,7227000.12989441,0.16627315,0.23020531,0.14748573,-0.28400868,0.29006869,0.06653363,0.60580105,0.10620645,0.04246602,0.32819217,-0.08379591,-0.30381197,-0.1841048,-0.30085579,-0.30765384,-0.08093195,-0.1965723,-0.32647586,0.10258231,-0.38345653,-0.44985807,0.3375411,-0.28702623,7228000.12849602,0.1600617,0.2251274,0.13851555,-0.27627897,0.28301001,0.06214722,0.61029565,0.11069148,0.05290662,0.34024176,-0.07351078,-0.30793896,-0.18777832,-0.29823178,-0.30410245,-0.08385835,-0.20434286,-0.32252666,0.10022306,-0.38113591,-0.446233,0.32576594,-0.29087692,7229000.12712859,0.16354166,0.22816214,0.13766208,-0.27311546,0.28763607,0.06881699,0.61074156,0.11238632,0.05572858,0.34145376,-0.0711384,-0.29959553,-0.1744497,-0.2959033,-0.30289641,-0.07921228,-0.19926521,-0.32129809,0.10943563,-0.38459477,-0.44698849,0.33480474,-0.28609878,7230000.12838669,0.16582178,0.22526091,0.14196905,-0.27618337,0.28989604,0.06671201,0.61254168,0.11033989,0.05144361,0.34267065,-0.07476605,-0.30579576,-0.17584236,-0.29596919,-0.30356246,-0.08028039,-0.19364148,-0.32079402,0.09996225,-0.39356637,-0.44884679,0.33136025,-0.28954974,7231000.12995416,0.16266248,0.22760043,0.14289695,-0.27849984,0.29139605,0.07007755,0.61067528,0.10923322,0.05084902,0.33756307,-0.07275883,-0.29889902,-0.18111074,-0.29809958,-0.30332932,-0.07827982,-0.19793049,-0.31935942,0.10037382,-0.38171005,-0.44850963,0.33563998,-0.28892577,7232000.12948272,0.16444595,0.22780824,0.14162669,-0.28150746,0.28969666,0.06614929,0.61000258,0.11105596,0.0492632,0.32774016,-0.07959577,-0.29820955,-0.1732251,-0.29947153,-0.30666351,-0.07655144,-0.18855648,-0.32182011,0.1080234,-0.3819539,-0.44834289,0.32987881,-0.28873226,7233000.12668754,0.16493431,0.22498509,0.14586842,-0.28120989,0.29006869,0.06666549,0.6080513,0.10890554,0.04802243,0.34753993,-0.07719994,-0.29829639,-0.17366236,-0.30017975,-0.30581227,-0.07338543,-0.19501717,-0.32067361,0.10383157,-0.38099676,-0.44681263,0.34055448,-0.27918556,7234000.13089389,0.16659129,0.22815785,0.1489746,-0.28447112,0.29622766,0.06553877,0.60829133,0.10787188,0.04469755,0.33092424,-0.07914358,-0.29709849,-0.18118735,-0.30111828,-0.30448481,-0.07408664,-0.20039397,-0.31799579,0.10734743,-0.37902427,-0.44565114,0.34005889,-0.28490019,7235000.1270804,0.16508858,0.22646113,0.1443961,-0.27485368,0.2894699,0.06729372,0.60748357,0.11005341,0.04794087,0.33892345,-0.07323546,-0.30665299,-0.17309687,-0.30280456,-0.30148563,-0.0753357,-0.20267963,-0.32173482,0.10586432,-0.37618884,-0.44363534,0.33648726,-0.28165704,7236000.12661381,0.163436,0.22510424,0.13706005,-0.26485896,0.28457242,0.07563562,0.60722512,0.11177444,0.05938057,0.33472523,-0.06925099,-0.29766485,-0.17320135,-0.29748455,-0.29953218,-0.07109518,-0.18727142,-0.32074654,0.10401708,-0.37459481,-0.44110838,0.33071792,-0.28076681,7237000.12738484,0.16431275,0.2290328,0.14062175,-0.26986268,0.28368422,0.07214609,0.61323166,0.11123943,0.05720071,0.34866074,-0.06683563,-0.29696217,-0.16816282,-0.29509911,-0.30033454,-0.06603798,-0.19701873,-0.32038194,0.10624767,-0.38135132,-0.44291139,0.33390898,-0.29240018,7238000.12726207,0.16636202,0.22743087,0.14198743,-0.27195644,0.28644016,0.06994324,0.61567312,0.10954264,0.05429441,0.34758121,-0.07320824,-0.2914626,-0.16665699,-0.29807049,-0.30146769,-0.06890104,-0.19879326,-0.32369095,0.10739292,-0.37258986,-0.44473669,0.33274931,-0.28666314,7239000.12888825,0.16685587,0.22672196,0.1420057,-0.27513871,0.28912973,0.07427824,0.61185479,0.10861752,0.05261554,0.35097858,-0.07515858,-0.29476756,-0.17375855,-0.30051142,-0.30136827,-0.06889965,-0.19292818,-0.31738171,0.10620528,-0.37627667,-0.44533995,0.33777297,-0.27772468,7240000.12614739,0.16355765,0.22606455,0.14216779,-0.27572107,0.28876814,0.06611485,0.61332327,0.10999716,0.05250866,0.34440678,-0.07372579,-0.29072115,-0.16821377,-0.29983526,-0.30134496,-0.06984597,-0.18685201,-0.32068947,0.10437298,-0.37430778,-0.44459939,0.33261773,-0.27931675,7241000.1274536,0.16435315,0.22882079,0.14561152,-0.27838212,0.28825995,0.06523875,0.60982925,0.10986251,0.04945207,0.33484656,-0.07427139,-0.29688421,-0.16896251,-0.29237986,-0.30325377,-0.07206942,-0.19802254,-0.32284275,0.11007293,-0.36505082,-0.44269073,0.3309707,-0.27586046,7242000.12978749,0.17025365,0.23194122,0.14857014,-0.28020999,0.29152206,0.07025248,0.60771054,0.10895713,0.04630895,0.33769596,-0.07966705,-0.29385349,-0.1717836,-0.29715806,-0.30424714,-0.06979139,-0.19442394,-0.32038644,0.11295005,-0.37891322,-0.44204912,0.3359164,-0.27591094,7243000.13142781,0.16790907,0.22483526,0.13926527,-0.2705321,0.28864729,0.07028672,0.60890323,0.10875852,0.05202382,0.34057361,-0.07173996,-0.29229799,-0.18097186,-0.29364455,-0.30225477,-0.07169412,-0.1929698,-0.31723863,0.10425831,-0.37671044,-0.4391816,0.32951981,-0.27217048,7244000.12457787,0.16550238,0.22584993,0.13514811,-0.26733103,0.28584439,0.07658201,0.6087904,0.11256045,0.06043434,0.34165147,-0.06391654,-0.28853637,-0.17444754,-0.29158321,-0.29831946,-0.06846412,-0.18481074,-0.3178407,0.10677897,-0.37335145,-0.43877283,0.32831019,-0.27191639,7245000.12706062,0.16662784,0.22737634,0.1396163,-0.2683973,0.28585187,0.07066533,0.60721755,0.11203195,0.05615645,0.34715042,-0.06712819,-0.2877838,-0.17223381,-0.2928651,-0.30013201,-0.06827289,-0.18208739,-0.32097027,0.10683339,-0.37688065,-0.44165602,0.33314294,-0.28168535,7246000.12854913,0.16645688,0.22571604,0.14063972,-0.270051,0.29004762,0.0715732,0.60998732,0.11165863,0.05173276,0.35404733,-0.07099877,-0.29321101,-0.16736494,-0.29505765,-0.30119276,-0.06737574,-0.18503456,-0.32122612,0.11004091,-0.37963536,-0.44306338,0.33594653,-0.28366318,7247000.1275124,0.16776155,0.22625105,0.13899834,-0.26980734,0.28904048,0.07416579,0.61342806,0.11124843,0.05144822,0.34458813,-0.07661337,-0.29794151,-0.17329822,-0.29351115,-0.30196235,-0.06782009,-0.1879954,-0.32205802,0.10524169,-0.37484509,-0.44194281,0.33182129,-0.27384937,7248000.12738945,0.16590761,0.23293415,0.14389171,-0.27780297,0.28839076,0.07463025,0.60884398,0.1098983,0.0493813,0.33995008,-0.07881735,-0.29515532,-0.17423946,-0.29401121,-0.30453044,-0.06794675,-0.18747389,-0.32276163,0.10260457,-0.37859893,-0.44248611,0.33262023,-0.27258658,7249000.12955683,0.16937046,0.23456991,0.14774689,-0.27671754,0.28878409,0.0607687,0.61257672,0.11103339,0.04626213,0.34449029,-0.08141541,-0.2966243,-0.17413138,-0.29675108,-0.30422622,-0.06984408,-0.18593284,-0.31702733,0.11352684,-0.37077758,-0.44171715,0.334997,-0.27606669,7250000.12983711,0.16829756,0.22962996,0.14785559,-0.27614346,0.29197398,0.06564877,0.60921764,0.10771058,0.04351592,0.33317012,-0.08230192,-0.29790998,-0.17100975,-0.29286778,-0.3011319,-0.06945518,-0.19664171,-0.31921086,0.10946348,-0.35990703,-0.44070119,0.34003592,-0.27538791,7251000.12721282,0.16151318,0.22923668,0.13777594,-0.26361042,0.28365752,0.06936345,0.60915488,0.11166662,0.05375497,0.34051067,-0.07580964,-0.2867026,-0.1776367,-0.29367575,-0.29992548,-0.06785811,-0.18415233,-0.31927055,0.10563681,-0.36853993,-0.43826756,0.33116803,-0.27418283,7252000.12592165,0.16154478,0.22778882,0.13768198,-0.26565728,0.28547502,0.07358865,0.61131102,0.11008754,0.05612045,0.34608185,-0.07776332,-0.29121524,-0.17818557,-0.29084072,-0.30172923,-0.06810381,-0.1803623,-0.32198891,0.10449054,-0.36816341,-0.43843779,0.33107999,-0.28152508,7253000.12914348,0.16210561,0.23118357,0.14000639,-0.27151114,0.2894223,0.07360896,0.60962564,0.11195841,0.0514871,0.34871754,-0.08059322,-0.28937063,-0.17738038,-0.29467312,-0.30417317,-0.06927957,-0.1873572,-0.31990561,0.11149426,-0.36965451,-0.44062477,0.33507442,-0.28061423,7254000.12943859,0.16296539,0.22993058,0.14172946,-0.26953396,0.2869994,0.06965052,0.61400229,0.11093386,0.04834069,0.34256998,-0.08452,-0.29968596,-0.17548807,-0.29082546,-0.30403244,-0.07187118,-0.1865176,-0.31809714,0.10639945,-0.37131035,-0.44190618,0.3309851,-0.28101814,7255000.13008274,0.16683994,0.22731501,0.14150125,-0.27301401,0.28701583,0.06920834,0.61193717,0.10838896,0.04764858,0.34333059,-0.08511931,-0.29902601,-0.17258638,-0.29082018,-0.30472407,-0.0696592,-0.18740417,-0.32159594,0.10405487,-0.37273991,-0.44308868,0.3331061,-0.27092659,7256000.13036266,0.1646594,0.23049721,0.1444255,-0.28005397,0.28780282,0.07124673,0.61080527,0.11019582,0.04563991,0.33450961,-0.08974761,-0.29636058,-0.16834979,-0.29121798,-0.30463907,-0.07354247,-0.19968587,-0.32151788,0.11254571,-0.37726,-0.44208333,0.33390337,-0.28308091,7257000.13367677,0.16704628,0.23254406,0.14624503,-0.2803984,0.28962845,0.0662849,0.609146,0.10837302,0.04300129,0.33708531,-0.08917206,-0.30539817,-0.17146814,-0.29391563,-0.30418566,-0.07121643,-0.19431899,-0.32165879,0.10933588,-0.37941247,-0.44004297,0.33624184,-0.27541015,7258000.13070488,0.16565977,0.23310179,0.1421601,-0.27189401,0.28779352,0.0643245,0.60391277,0.10702457,0.04494521,0.33668455,-0.08932821,-0.30106843,-0.18230411,-0.29099831,-0.30268344,-0.07052469,-0.18054539,-0.31929109,0.10605543,-0.37329334,-0.43839651,0.33985397,-0.27395451,7259000.1278408,0.16402446,0.22205834,0.13737114,-0.26597258,0.28611171,0.0681527,0.60849428,0.11021203,0.05343849,0.34668791,-0.08150238,-0.29832423,-0.17743799,-0.28752375,-0.30006146,-0.07291023,-0.18139188,-0.31928039,0.11158704,-0.3676253,-0.4369747,0.33617225,-0.27182272,7260000.12679553,0.16377704,0.22749564,0.13760093,-0.26388472,0.29004288,0.06637341,0.61332887,0.11039658,0.05177446,0.34532291,-0.08807418,-0.30447769,-0.17434247,-0.29239687,-0.30132648,-0.07353152,-0.17991337,-0.3154341,0.1142058,-0.37317094,-0.44023737,0.33401597,-0.28476784,7261000.12856278,0.16241558,0.22814682,0.13878575,-0.27209398,0.28733635,0.06916775,0.60889119,0.10990739,0.04806327,0.34199375,-0.08636548,-0.30032837,-0.16920885,-0.29164022,-0.30117998,-0.07062515,-0.19355975,-0.31609195,0.10591467,-0.37468392,-0.44046912,0.33005008,-0.28096357,7262000.12701163,0.1654039,0.2268718,0.141111,-0.27160445,0.29147574,0.07130476,0.61101991,0.10896701,0.04755238,0.35087886,-0.0909637,-0.30387875,-0.17011881,-0.2934297,-0.30303317,-0.07326842,-0.19122775,-0.31850582,0.10923582,-0.36812922,-0.44014752,0.33484885,-0.28192124,7263000.12721783,0.1671712,0.22823545,0.14374425,-0.27437946,0.2916173,0.06799155,0.61033213,0.10965069,0.04561479,0.34179631,-0.09255356,-0.29467508,-0.1709407,-0.29194489,-0.30357936,-0.07015584,-0.18344714,-0.32032803,0.11336666,-0.36860493,-0.4387365,0.33323282,-0.27967092,7264000.12572011,0.1652064,0.2320655,0.14533526,-0.27744624,0.28710106,0.06922561,0.60923028,0.10954696,0.04266757,0.3440026,-0.09681243,-0.30069903,-0.17537181,-0.29454541,-0.30148804,-0.06930304,-0.17569187,-0.31694177,0.11108412,-0.36259985,-0.43692231,0.33490399,-0.26654363,7265000.1272765,0.16784173,0.22832035,0.14575404,-0.27479956,0.28643146,0.06980518,0.61085349,0.10996799,0.04224072,0.33953279,-0.0948282,-0.29288277,-0.16846012,-0.29555362,-0.30262077,-0.0719699,-0.20011829,-0.31647152,0.11231484,-0.36493424,-0.4357169,0.33341348,-0.2704626,7266000.12700616,0.16387308,0.22549589,0.13456257,-0.2665776,0.28515941,0.07037494,0.60593313,0.10951255,0.05208823,0.34411126,-0.09131118,-0.29158652,-0.17535098,-0.29453784,-0.29719684,-0.07227997,-0.18922989,-0.31170136,0.11595169,-0.36326858,-0.43299976,0.34073702,-0.27218542,7267000.12575018,0.16576667,0.22588737,0.13474421,-0.2621561,0.28573906,0.06939562,0.60851866,0.11143032,0.0557933,0.34174559,-0.08782455,-0.30887964,-0.16576746,-0.29121831,-0.2982884,-0.06997906,-0.18790384,-0.30998087,0.11067481,-0.3621954,-0.43329245,0.32780066,-0.27966511,7268000.12680043,0.16499282,0.22752629,0.13730946,-0.26811776,0.28532955,0.06908189,0.61096603,0.11198827,0.05050597,0.33870834,-0.09349701,-0.29388765,-0.16570966,-0.29400241,-0.29933754,-0.07162949,-0.18642248,-0.31570867,0.10487335,-0.36983094,-0.43737391,0.3283475,-0.27939141,7269000.12797423,0.16688682,0.22663638,0.13742329,-0.26831919,0.28423917,0.06887835,0.61060745,0.1121246,0.0486645,0.33576277,-0.09816249,-0.30440375,-0.17119415,-0.28829965,-0.29938927,-0.07404983,-0.17488235,-0.31879294,0.10841744,-0.36761883,-0.43729961,0.3287333,-0.27210918,7270000.12869656,0.1634064,0.22651713,0.13958338,-0.2738041,0.28456274,0.07156374,0.60975778,0.1118812,0.04734769,0.33533815,-0.09359661,-0.29969466,-0.16341378,-0.29377621,-0.30025017,-0.07129334,-0.18946663,-0.31755668,0.10504719,-0.36719701,-0.43630815,0.33510736,-0.27533132,7271000.12809709,0.16622803,0.22396232,0.13930474,-0.27449948,0.28346956,0.07083093,0.61036533,0.11112171,0.04421432,0.33637723,-0.10041878,-0.29395697,-0.16692275,-0.28981236,-0.29848632,-0.07381944,-0.20004001,-0.31435525,0.10947118,-0.3696197,-0.4348065,0.34516093,-0.27720124,7272000.12802827,0.16983241,0.22909445,0.14393511,-0.27815977,0.28905159,0.06609172,0.60733759,0.11340833,0.0425666,0.33153436,-0.09901993,-0.29504657,-0.16962698,-0.29340041,-0.29906175,-0.07371587,-0.1964929,-0.31340954,0.12080002,-0.36439011,-0.43397465,0.33357897,-0.26958185,7273000.12563735,0.16710152,0.2318527,0.1404198,-0.2690753,0.28564572,0.06907033,0.60743821,0.11093865,0.04688674,0.34132391,-0.09875875,-0.3009128,-0.16695686,-0.29440394,-0.2961486,-0.0728857,-0.19249614,-0.31232616,0.11568954,-0.36497912,-0.43186998,0.32499936,-0.27630773,7274000.12386712,0.16762419,0.21794306,0.13339664,-0.26075324,0.27867508,0.07057229,0.60509008,0.112788,0.05540539,0.34325081,-0.09387913,-0.2967886,-0.16811648,-0.29197475,-0.2924805,-0.07161912,-0.1860134,-0.31254217,0.11776489,-0.36232215,-0.43002862,0.335944,-0.27348527,7275000.12410677,0.16330865,0.22073275,0.13422517,-0.2643711,0.28327164,0.07436465,0.60517448,0.11158735,0.05225061,0.33648232,-0.09742939,-0.30929977,-0.17169255,-0.29040676,-0.29550123,-0.07323623,-0.18125115,-0.30970007,0.10911275,-0.36604714,-0.4320305,0.33727551,-0.27188745,7276000.12636857,0.16627669,0.22467929,0.13506928,-0.26513773,0.28995365,0.06776333,0.60544491,0.11155041,0.04770609,0.34521142,-0.09948624,-0.29967871,-0.16843946,-0.29098359,-0.29623094,-0.0729103,-0.19141327,-0.31610334,0.11298625,-0.37344784,-0.43258473,0.32883033,-0.27607852,7277000.1217362,0.16362219,0.22661151,0.13377105,-0.26979008,0.28644016,0.07145546,0.60697258,0.11251698,0.04658624,0.33656043,-0.10367294,-0.29719993,-0.16421153,-0.29304552,-0.2958681,-0.07439053,-0.18454613,-0.31046227,0.10609215,-0.36474648,-0.4338035,0.33037522,-0.27672681,7278000.12517999,0.16260052,0.22770989,0.13654691,-0.27187756,0.28667516,0.06611828,0.61103231,0.11212859,0.0452189,0.33466563,-0.1064451,-0.3020086,-0.16822711,-0.29328158,-0.29655784,-0.07586433,-0.19142753,-0.31272289,0.10463578,-0.36915201,-0.43021622,0.33427063,-0.27601084,7279000.12452713,0.16646379,0.22954887,0.13956812,-0.27642003,0.28534943,0.06453821,0.61012006,0.11067551,0.04096044,0.32823214,-0.10610195,-0.3062647,-0.17038776,-0.28929102,-0.29591098,-0.08050509,-0.17919663,-0.31434008,0.10675792,-0.36102393,-0.42842913,0.32696345,-0.26556998,7280000.1282346,0.16768201,0.23109488,0.14197262,-0.27855545,0.28586838,0.0650781,0.60299981,0.11210353,0.03912193,0.3290588,-0.10981841,-0.30328724,-0.17416441,-0.29563475,-0.29736334,-0.07800584,-0.19565572,-0.31698304,0.11332846,-0.36409485,-0.42692891,0.33072221,-0.26864967,7281000.12387116,0.16393223,0.22526704,0.13662483,-0.26996529,0.28629431,0.07010876,0.60253471,0.11153564,0.04472151,0.33229747,-0.10549042,-0.30507874,-0.17053179,-0.29475066,-0.29449087,-0.07970743,-0.19337808,-0.31200409,0.10864508,-0.36063626,-0.42360908,0.33745113,-0.26935089,7282000.12415108,0.16107367,0.22396919,0.13137056,-0.26526371,0.28262776,0.07304845,0.60615391,0.11190248,0.05274544,0.33730051,-0.09833918,-0.29978612,-0.16718982,-0.29352731,-0.29262272,-0.07650891,-0.18270195,-0.31412664,0.10424926,-0.36584282,-0.42359591,0.32609606,-0.26589105,7283000.12297277,0.15887792,0.22688541,0.13606013,-0.27131042,0.2842972,0.06809548,0.60785532,0.11188884,0.04815663,0.34183294,-0.10454804,-0.29470417,-0.16982263,-0.29355487,-0.29419783,-0.07610931,-0.18330106,-0.31151271,0.10606072,-0.37024304,-0.42462561,0.32838017,-0.26904079,7284000.1261131,0.16702256,0.22572576,0.13750581,-0.27426231,0.2855477,0.07072239,0.60975182,0.11228181,0.04436621,0.3416898,-0.11208095,-0.3019878,-0.16409451,-0.29732138,-0.29346627,-0.07996586,-0.18777101,-0.31037173,0.10993981,-0.3762852,-0.42508063,0.33427259,-0.27117047,7285000.12344423,0.16554329,0.2310541,0.13692093,-0.27651557,0.2868208,0.06716619,0.60700136,0.11172397,0.04371576,0.33413526,-0.10844599,-0.30270186,-0.16471754,-0.29666907,-0.29561687,-0.08008952,-0.19389156,-0.31483915,0.10762237,-0.37255532,-0.42382693,0.33192062,-0.27402374,7286000.12455779,0.16284776,0.22932297,0.14007226,-0.28033081,0.28356323,0.06820763,0.6060012,0.11158374,0.04175519,0.32874757,-0.11492678,-0.30387565,-0.17029813,-0.2938605,-0.29432026,-0.07587702,-0.19523978,-0.31203371,0.10802204,-0.3708854,-0.42377967,0.32979229,-0.27312723,7287000.12709017,0.16838992,0.22994478,0.14228193,-0.28246379,0.28746587,0.06379833,0.60576993,0.11240935,0.03790051,0.33190471,-0.11902426,-0.30284631,-0.16540954,-0.29693314,-0.29478827,-0.07712717,-0.1916436,-0.31299153,0.10920067,-0.36454466,-0.42220706,0.33576927,-0.26454967,7288000.1298252,0.16499792,0.22919741,0.14441109,-0.28460664,0.28565666,0.06099933,0.60371727,0.11231316,0.0360681,0.32650617,-0.11612289,-0.30524522,-0.17055453,-0.29968569,-0.29491511,-0.07867463,-0.18628596,-0.31324431,0.1082883,-0.36906981,-0.41884816,0.33469826,-0.26549676,7289000.12611251,0.16684441,0.22366829,0.13745211,-0.27256456,0.28734797,0.0664135,0.60421306,0.11100627,0.04232585,0.32651836,-0.1081711,-0.29845133,-0.16735533,-0.29794148,-0.29231957,-0.08397097,-0.19455113,-0.31239364,0.10567121,-0.37155843,-0.41611573,0.33657125,-0.26314333,7290000.12406821,0.16232871,0.22702757,0.13307324,-0.26840898,0.28626174,0.07037767,0.60612601,0.11370522,0.0493999,0.32904652,-0.10945855,-0.30117884,-0.16818285,-0.29678062,-0.29204595,-0.08194787,-0.19494756,-0.30891579,0.1016311,-0.36709416,-0.41556343,0.33172494,-0.26675904,7291000.12374443,0.16477162,0.22756574,0.13643312,-0.27450356,0.28538868,0.07067589,0.60136437,0.11367904,0.04540521,0.32622746,-0.11131234,-0.30142277,-0.16554524,-0.30273277,-0.29392627,-0.07822359,-0.18644923,-0.30837062,0.09834281,-0.37352753,-0.41727218,0.32696396,-0.26857662,7292000.12250873,0.16556719,0.2288453,0.13602753,-0.27858993,0.28442043,0.06732461,0.60353529,0.11441232,0.04220901,0.33024949,-0.11402734,-0.29701006,-0.15944126,-0.3021057,-0.29248604,-0.07938413,-0.19613498,-0.309872,0.10594696,-0.37553912,-0.41960299,0.32973155,-0.2700966,7293000.1238813,0.16316228,0.22504111,0.1374404,-0.27897841,0.28275552,0.06722794,0.6018579,0.11179669,0.0423465,0.32625943,-0.11726622,-0.29895517,-0.16548447,-0.30123261,-0.29422396,-0.08619159,-0.2116906,-0.31009346,0.10588448,-0.3777222,-0.41743618,0.32902056,-0.26673338,7294000.12661886,0.16372871,0.22824842,0.14132413,-0.28304574,0.28055611,0.07753602,0.60437614,0.11085749,0.04015582,0.32284215,-0.11654124,-0.30703127,-0.17151776,-0.30171126,-0.29416743,-0.08239316,-0.19813536,-0.30942056,0.10044768,-0.37149477,-0.41563278,0.32830852,-0.25603703,7295000.12546019,0.16578606,0.22794859,0.14490156,-0.28677511,0.28871992,0.06684735,0.60657299,0.11174357,0.03692912,0.32135668,-0.11562724,-0.30012938,-0.16770385,-0.30329227,-0.29297739,-0.08163719,-0.20616284,-0.31041387,0.1039324,-0.36591968,-0.41391733,0.3349638,-0.26273671,7296000.1256997,0.1697143,0.23071656,0.14363001,-0.28338712,0.29126051,0.06520215,0.60637587,0.11171912,0.03600683,0.32706061,-0.11399464,-0.29765022,-0.17159693,-0.30295613,-0.29383546,-0.07555001,-0.20236823,-0.31399363,0.10385478,-0.36391398,-0.41195613,0.34001237,-0.2587319,7297000.12235647,0.16372421,0.22631727,0.13763373,-0.27345926,0.28604299,0.07337485,0.60320938,0.11252458,0.04711019,0.32566381,-0.10629096,-0.29252005,-0.16457152,-0.30202103,-0.29358009,-0.07700728,-0.19086201,-0.31173593,0.10440729,-0.36912,-0.40880153,0.34621155,-0.26069716,7298000.12374373,0.16140026,0.22772269,0.13919719,-0.27214098,0.28938574,0.07440972,0.60115415,0.11193039,0.04907161,0.33084488,-0.10796638,-0.28673062,-0.16465718,-0.30189976,-0.29264808,-0.083438,-0.19621162,-0.30785674,0.09854893,-0.37858814,-0.41068652,0.33385569,-0.26427004,7299000.12323678,0.16539906,0.23305388,0.13976705,-0.28054523,0.28834629,0.06983537,0.60928798,0.11238905,0.04430377,0.33386293,-0.10941689,-0.29212886,-0.17122434,-0.30476606,-0.29353741,-0.08145574,-0.20263664,-0.31307676,0.10402649,-0.3777222,-0.41248393,0.33101889,-0.2703298,7300000.12633723,0.16702722,0.23579076,0.13898636,-0.27948391,0.28515425,0.06935049,0.60552204,0.110569,0.04217061,0.32327992,-0.11187354,-0.29548454,-0.1673387,-0.30331939,-0.29315788,-0.08322292,-0.20644814,-0.31094038,0.10474937,-0.37658989,-0.41382852,0.33765629,-0.27075809,7301000.12546831,0.16515711,0.23334461,0.1411974,-0.27804098,0.28375903,0.07092463,0.60214585,0.11294184,0.04201692,0.32376561,-0.11058733,-0.29827213,-0.16838519,-0.30240014,-0.29356703,-0.08113391,-0.19392575,-0.31329095,0.10589033,-0.37146521,-0.41212296,0.33246276,-0.26242444,7302000.12559196,0.16497557,0.23232555,0.1434238,-0.28682625,0.28370366,0.072158,0.60190105,0.11044347,0.0399354,0.31983531,-0.11369254,-0.30435935,-0.16746639,-0.30187684,-0.29375038,-0.0813509,-0.19608158,-0.31115896,0.10881461,-0.37853044,-0.41138136,0.33613074,-0.26492205,7303000.12549141,0.16740996,0.23461924,0.14570196,-0.28891388,0.28975436,0.06701385,0.59728551,0.11046433,0.03599498,0.31794655,-0.11740684,-0.30533102,-0.16761298,-0.30384201,-0.29375845,-0.08374628,-0.19918653,-0.3078281,0.10160608,-0.37234882,-0.40914646,0.33988753,-0.25856787,7304000.12458737,0.17125857,0.23207848,0.14021361,-0.28079054,0.2931546,0.07026237,0.60058886,0.1112289,0.03909322,0.32225129,-0.1152624,-0.29156837,-0.1732078,-0.30610174,-0.2942557,-0.08206602,-0.2009683,-0.30996829,0.10688523,-0.37043011,-0.40675992,0.3312856,-0.25466731,7305000.12348118,0.16388252,0.22844344,0.13263513,-0.2702792,0.28793496,0.07065619,0.59824622,0.11107296,0.05059504,0.33171728,-0.10856859,-0.29133371,-0.17259644,-0.30309361,-0.29217175,-0.08145824,-0.19116543,-0.30684167,0.09945948,-0.36849815,-0.4055956,0.32699317,-0.25457728,7306000.1227623,0.16496962,0.2309556,0.13505331,-0.27632201,0.28656942,0.07027178,0.60064518,0.11237541,0.04852406,0.32338965,-0.11066266,-0.28820124,-0.16709708,-0.29920268,-0.2914958,-0.07667203,-0.19886845,-0.30828881,0.09771643,-0.37528348,-0.40917233,0.33336651,-0.25749126,7307000.12509386,0.16594955,0.22910865,0.13515091,-0.27941787,0.2871615,0.07028568,0.60458112,0.11122492,0.04430558,0.32560542,-0.10780267,-0.29784238,-0.17522849,-0.3029854,-0.29216695,-0.07941201,-0.20014334,-0.31151387,0.10388219,-0.38206092,-0.4112927,0.33385026,-0.26013103,7308000.12618823,0.15980868,0.23253013,0.13843247,-0.27998385,0.28637096,0.0720648,0.60216409,0.1107798,0.04415911,0.32430646,-0.11558092,-0.29373485,-0.16799772,-0.30555028,-0.2925939,-0.08321818,-0.20076779,-0.31108731,0.10061283,-0.37423587,-0.41045389,0.33130527,-0.25896838,7309000.12462287,0.16257413,0.23155342,0.1373762,-0.28462604,0.28488636,0.06630372,0.600757,0.11002748,0.04202808,0.3213605,-0.11447754,-0.30019146,-0.16778679,-0.30614498,-0.29372737,-0.08750653,-0.20383573,-0.31109858,0.10153977,-0.37574926,-0.4105444,0.33011216,-0.26250717,7310000.12685508,0.16490096,0.22872591,0.14212291,-0.28490865,0.29064071,0.06929935,0.60093629,0.10722329,0.03785834,0.32164732,-0.11314183,-0.3023144,-0.17345788,-0.30829135,-0.29296651,-0.08490832,-0.21046229,-0.31069911,0.10426538,-0.37811187,-0.4126488,0.34240955,-0.25637102,7311000.12614548,0.16754609,0.23196667,0.14685577,-0.28794274,0.29382899,0.07306047,0.60182744,0.10810854,0.036341,0.31327763,-0.11724079,-0.3084408,-0.17166525,-0.3097913,-0.29386866,-0.08331262,-0.19980457,-0.31035459,0.10898344,-0.37465608,-0.41131595,0.33815378,-0.25420183,7312000.12603261,0.16553257,0.2332751,0.14852893,-0.28871977,0.29271513,0.06645709,0.59807014,0.10848631,0.0339915,0.31913191,-0.12061695,-0.30766022,-0.16618621,-0.30767485,-0.29327264,-0.08658786,-0.20917477,-0.31014207,0.10329117,-0.37009105,-0.40987465,0.33957967,-0.25219774,7313000.12533225,0.16975804,0.23451719,0.14378758,-0.2842229,0.29638532,0.06934544,0.60127419,0.11057647,0.03669521,0.31855261,-0.11583039,-0.29591766,-0.17421202,-0.30741403,-0.29273412,-0.08129183,-0.21037325,-0.30954888,0.10217164,-0.37477875,-0.4079805,0.33977669,-0.25614265,7314000.12220009,0.16778827,0.22976054,0.13609055,-0.27197647,0.29163274,0.06984127,0.59879398,0.11026632,0.04950736,0.33446091,-0.10820724,-0.28418976,-0.16696745,-0.30553311,-0.29126185,-0.08099023,-0.20459816,-0.31111833,0.10603341,-0.3778373,-0.40728363,0.33442307,-0.26152909,7315000.12316909,0.1646816,0.23256481,0.13846521,-0.2753509,0.29292059,0.07179077,0.60103184,0.11009216,0.04594987,0.32630739,-0.10957814,-0.29436469,-0.16476884,-0.30224988,-0.29273403,-0.08316296,-0.20467041,-0.31396315,0.09917139,-0.38090026,-0.41055146,0.33784288,-0.26027355,7316000.12501809,0.1651513,0.22997852,0.13856341,-0.28139535,0.29166931,0.06867072,0.60136938,0.10998433,0.0424828,0.32894579,-0.10872167,-0.29570022,-0.1709341,-0.30255365,-0.29390082,-0.08074041,-0.19925156,-0.3127237,0.10028356,-0.37470701,-0.41428411,0.34421253,-0.25347415,7317000.12342832,0.16692843,0.22971466,0.13983101,-0.28402078,0.28954819,0.0695512,0.60199249,0.10896131,0.04271194,0.32495934,-0.11052977,-0.29267696,-0.16767278,-0.30871665,-0.29149285,-0.07973987,-0.19747441,-0.31044367,0.09904753,-0.37641484,-0.4160403,0.33706948,-0.26047266,7318000.1261346,0.16404796,0.23814587,0.14360425,-0.2860654,0.29273647,0.06315241,0.60308355,0.1071354,0.04053291,0.32511812,-0.11253393,-0.29913831,-0.17027353,-0.30548996,-0.29285708,-0.08444474,-0.20464811,-0.31320563,0.10619745,-0.3782402,-0.41482323,0.3421641,-0.25957781,7319000.12645131,0.16759896,0.23796813,0.14591619,-0.29021066,0.29539633,0.06540637,0.60649097,0.10811436,0.0366144,0.32451466,-0.11341441,-0.30047974,-0.16774955,-0.30600044,-0.29438692,-0.08885233,-0.20230547,-0.31075838,0.09986665,-0.38405937,-0.41549158,0.33748436,-0.25928214,7320000.12658706,0.16625807,0.23686586,0.14785264,-0.29381114,0.29370883,0.06414063,0.59964639,0.10713301,0.03351574,0.32629561,-0.11076167,-0.30753478,-0.17209785,-0.31024686,-0.29630131,-0.08869926,-0.20313443,-0.31277919,0.10845581,-0.37903005,-0.41395688,0.34072787,-0.2619397,7321000.12623715,0.16541268,0.2355779,0.14975588,-0.29587564,0.29909313,0.06212205,0.59756595,0.10887086,0.03282432,0.32207483,-0.10910916,-0.29735881,-0.17616893,-0.31159037,-0.29528064,-0.08403724,-0.21036004,-0.31474155,0.1115578,-0.37993822,-0.41342637,0.33813626,-0.26016009,7322000.12828161,0.16851734,0.23688355,0.14904837,-0.28871807,0.29672018,0.06491494,0.60021025,0.10817154,0.03265602,0.31441146,-0.10235696,-0.29640231,-0.17459339,-0.30734241,-0.29478264,-0.08378596,-0.20022652,-0.31345934,0.10596363,-0.37780568,-0.4114612,0.34846577,-0.26207459,7323000.1259211,0.16608962,0.23565792,0.13859081,-0.27523011,0.2922321,0.07280695,0.59752119,0.10704049,0.04378839,0.33190089,-0.10182084,-0.29573488,-0.17165855,-0.30884218,-0.29459423,-0.07729761,-0.20237401,-0.31155023,0.1108882,-0.37145227,-0.40926689,0.3421163,-0.26261777,7324000.12821367,0.16100959,0.23662598,0.14153968,-0.27900809,0.29373008,0.07385839,0.60066128,0.10945646,0.04704575,0.33609384,-0.09916028,-0.29265055,-0.17216344,-0.30534422,-0.29571483,-0.0800599,-0.19840044,-0.31752321,0.10259641,-0.37672982,-0.41163969,0.33535489,-0.26376948,7325000.12810065,0.16377704,0.23818587,0.14211026,-0.28468391,0.29114896,0.07080904,0.60501051,0.1085849,0.04210864,0.33171144,-0.09694487,-0.2947458,-0.16826314,-0.30630943,-0.29574066,-0.0795615,-0.20571664,-0.3137348,0.10508968,-0.37843445,-0.41611034,0.33877569,-0.26570481,7326000.12921916,0.16372421,0.23719893,0.14147598,-0.28508139,0.29206359,0.06780172,0.60243171,0.11100343,0.04151016,0.32022452,-0.09706039,-0.30231062,-0.17091292,-0.30822846,-0.2954714,-0.08207846,-0.2118129,-0.31503883,0.10535935,-0.38657853,-0.41901797,0.33220464,-0.26096147,7327000.12679045,0.16543056,0.23821265,0.14434104,-0.28349549,0.29377204,0.06670266,0.60197955,0.10946767,0.03968985,0.31995481,-0.09823966,-0.29830202,-0.16727127,-0.30796725,-0.29614422,-0.07815802,-0.21060573,-0.31619036,0.10782653,-0.38727903,-0.41944954,0.33725873,-0.26155755,7328000.12751333,0.1704703,0.23955578,0.14511959,-0.28507009,0.29709783,0.06658661,0.6006999,0.10867538,0.03708861,0.32276532,-0.10073826,-0.29975241,-0.17258766,-0.3041724,-0.29648277,-0.07721347,-0.21164419,-0.31893486,0.09951414,-0.38165772,-0.41971609,0.34373671,-0.26015627,7329000.13027129,0.17257531,0.24448887,0.14958532,-0.2885839,0.29937667,0.06717394,0.6008184,0.10940808,0.03430638,0.32424265,-0.09819219,-0.2965011,-0.17385386,-0.30181703,-0.296514,-0.07580425,-0.1964421,-0.3131634,0.10721576,-0.38298377,-0.41906855,0.3378281,-0.26508963,7330000.13406026,0.17183962,0.24161069,0.15105093,-0.28927433,0.29593867,0.06609164,0.6000666,0.10950246,0.03372189,0.3267521,-0.09922189,-0.30358222,-0.16926785,-0.30334464,-0.29707664,-0.07556184,-0.21179536,-0.31355557,0.11121547,-0.38287312,-0.41711769,0.33936438,-0.26079601,7331000.13361706,0.1690799,0.24229002,0.15153091,-0.28634706,0.29625884,0.0690247,0.6001758,0.11044386,0.03445036,0.32687521,-0.09462293,-0.2950249,-0.16714878,-0.30359709,-0.29601502,-0.07616873,-0.20016587,-0.31325406,0.10850587,-0.37539312,-0.41661653,0.34626803,-0.25280604,7332000.13063043,0.16351499,0.2377398,0.14267233,-0.27496481,0.2930935,0.07191979,0.59741277,0.1128728,0.04486363,0.33390298,-0.08971795,-0.29815829,-0.16996315,-0.30100244,-0.29191294,-0.07894491,-0.19387585,-0.31542119,0.10479517,-0.37310857,-0.41540429,0.34439218,-0.2612834,7333000.1286658,0.16591725,0.23766103,0.14097129,-0.27941471,0.29615432,0.07341321,0.59890985,0.11209571,0.04623613,0.34500667,-0.08678761,-0.29367965,-0.16287485,-0.29998544,-0.29301509,-0.07206972,-0.2070594,-0.31298986,0.09939256,-0.37858579,-0.41790244,0.33802822,-0.26310259,7334000.12880169,0.16702217,0.23918572,0.14541803,-0.28110784,0.2976495,0.06946041,0.60064685,0.11136991,0.04171661,0.33207029,-0.09193854,-0.29378688,-0.16659668,-0.30304116,-0.2953864,-0.07208034,-0.20321761,-0.31139603,0.1046206,-0.37570372,-0.42107823,0.34606576,-0.26771486,7335000.13068987,0.16777766,0.2374569,0.14431082,-0.28491908,0.29675552,0.06803723,0.60059851,0.11127085,0.04144026,0.3302182,-0.08469485,-0.2919873,-0.1698871,-0.30130598,-0.29493693,-0.07849415,-0.20250833,-0.31593677,0.09780748,-0.37892753,-0.42238733,0.3383871,-0.27537507,7336000.12951413,0.16891633,0.24041349,0.14644416,-0.28299055,0.29723963,0.06658726,0.60236281,0.11016311,0.04057338,0.32868445,-0.09000843,-0.29293159,-0.16539186,-0.30158448,-0.29384711,-0.07657409,-0.20049447,-0.31841037,0.10679872,-0.37287164,-0.42294675,0.33538479,-0.26779094,7337000.13125585,0.16459844,0.23805702,0.14782852,-0.28731954,0.29533449,0.06497482,0.6051842,0.11160973,0.03741378,0.32868037,-0.09269094,-0.29518655,-0.16484337,-0.30046159,-0.29361531,-0.071061,-0.20429932,-0.31193909,0.11045286,-0.37767574,-0.42322049,0.34517798,-0.26542109,7338000.1326367,0.17233343,0.24017312,0.15088017,-0.29175311,0.29977137,0.06856128,0.6034323,0.11040399,0.03462466,0.33010495,-0.08943353,-0.3020857,-0.16885082,-0.30011228,-0.29417795,-0.07455788,-0.19894281,-0.31392282,0.10513821,-0.38116461,-0.42136514,0.34435815,-0.260369,7339000.13030533,0.17069887,0.24180876,0.15286112,-0.28800735,0.29780608,0.06709883,0.60079187,0.11036847,0.0327658,0.32613754,-0.09430185,-0.29641408,-0.16320258,-0.30077672,-0.2961008,-0.07129074,-0.20847329,-0.31702656,0.11181579,-0.37642789,-0.42091703,0.34266344,-0.26120204,7340000.13136737,0.16593097,0.23991078,0.14257644,-0.2759684,0.29128164,0.07323066,0.60277194,0.11105301,0.04182148,0.32100207,-0.08329241,-0.29133162,-0.16984136,-0.29979804,-0.29374102,-0.07344697,-0.19612893,-0.31202051,0.11359064,-0.36879328,-0.41900638,0.33839035,-0.27025256,7341000.13182031,0.16809975,0.2390552,0.13973561,-0.27377519,0.29210025,0.07224,0.60132825,0.11042057,0.04576767,0.33646148,-0.0767087,-0.29455414,-0.15291406,-0.29955077,-0.29271564,-0.07089793,-0.19687638,-0.31547132,0.11070865,-0.37710011,-0.4213711,0.34670472,-0.27331209,7342000.13071296,0.1656505,0.23700812,0.14498143,-0.28217775,0.29569769,0.06744187,0.60304588,0.11183237,0.04039871,0.34024459,-0.08135721,-0.2878257,-0.15941299,-0.29828468,-0.29361337,-0.07338798,-0.19360287,-0.31423324,0.1030882,-0.37737378,-0.42379656,0.34226465,-0.26664215,7343000.13201444,0.16866781,0.2413018,0.14359474,-0.282388,0.29659212,0.06427412,0.60324323,0.1088553,0.0398708,0.33298945,-0.08805162,-0.29030788,-0.16286176,-0.29763785,-0.29376525,-0.0717953,-0.1996998,-0.31585366,0.10599685,-0.38025832,-0.42512581,0.34218854,-0.26677126,7344000.13123386,0.16788894,0.23927453,0.14524049,-0.28434697,0.29731369,0.0649746,0.60192484,0.10897305,0.03732925,0.33669966,-0.09032937,-0.28991836,-0.1635423,-0.29690257,-0.2943663,-0.07490227,-0.19943334,-0.31723341,0.11412781,-0.38188487,-0.42582232,0.34179923,-0.27021497,7345000.13150541,0.16978809,0.2429748,0.14928444,-0.2864598,0.29772371,0.05954086,0.60016745,0.1068436,0.03477239,0.33376044,-0.09231926,-0.2971521,-0.16878165,-0.29749617,-0.29459056,-0.07348838,-0.19629994,-0.31437507,0.11267442,-0.37836906,-0.42600998,0.34411576,-0.27199113,7346000.132286,0.17058043,0.24469927,0.15106189,-0.28905717,0.30035934,0.06077783,0.60494316,0.10861032,0.03194522,0.33361655,-0.09293208,-0.29572242,-0.16890435,-0.29665723,-0.29417652,-0.07680271,-0.20223451,-0.3150982,0.11126247,-0.37832776,-0.4239451,0.34591195,-0.27121082,7347000.12981951,0.17087945,0.24367209,0.15148199,-0.28895187,0.30389193,0.06476615,0.60355866,0.11047786,0.0297795,0.32545951,-0.09111515,-0.30260077,-0.16679576,-0.29842344,-0.29293165,-0.07740988,-0.19548374,-0.3131814,0.11058437,-0.37501806,-0.42395562,0.340803,-0.26553857,7348000.13064484,0.16896184,0.24294965,0.14648385,-0.2836546,0.29794747,0.06752622,0.60202378,0.10708957,0.0326136,0.33731672,-0.08992661,-0.29296747,-0.16751407,-0.29878321,-0.292945,-0.07420152,-0.1921068,-0.31537858,0.11023968,-0.3661758,-0.42052367,0.3402167,-0.2606518,7349000.13193357,0.168796,0.23555478,0.14001064,-0.27467272,0.2946448,0.06832182,0.59974104,0.10832357,0.04243315,0.34028021,-0.07965173,-0.28959769,-0.16233307,-0.29644135,-0.29148865,-0.07500248,-0.19578651,-0.31418169,0.1120977,-0.37311426,-0.4200795,0.34117439,-0.26196787,7350000.13004577,0.16800854,0.24048601,0.14278175,-0.27963001,0.29709783,0.06795385,0.6053803,0.10997273,0.03906077,0.3303245,-0.08400315,-0.29161912,-0.15916148,-0.29831293,-0.29382014,-0.06900396,-0.18583287,-0.3150456,0.11068679,-0.37898478,-0.42426637,0.34109691,-0.2689456,7351000.13050957,0.16767612,0.24037139,0.14278175,-0.28651667,0.29619133,0.06176722,0.60503858,0.10807489,0.0346691,0.32822627,-0.0855214,-0.29450089,-0.16531982,-0.29602432,-0.29548723,-0.06939138,-0.19841056,-0.31510553,0.11192843,-0.3810617,-0.42754936,0.33252159,-0.26995105,7352000.12718481,0.16801363,0.23732741,0.1423579,-0.28255257,0.29541796,0.05997046,0.60326022,0.10705257,0.03395859,0.32814273,-0.09431475,-0.29057211,-0.16117878,-0.29472998,-0.29419288,-0.07514046,-0.19761744,-0.31560257,0.11170021,-0.37899467,-0.42870316,0.34015995,-0.2664538,7353000.12989871,0.17064296,0.23786493,0.14405175,-0.28608066,0.29867667,0.06614847,0.6028865,0.10852734,0.03177769,0.33330062,-0.09427869,-0.29537618,-0.16882864,-0.29624584,-0.29405686,-0.07592431,-0.18778642,-0.31573674,0.11122561,-0.37710109,-0.42864084,0.3466987,-0.27098945,7354000.13021559,0.16953298,0.23962446,0.14781776,-0.2890597,0.29952553,0.0593007,0.60438079,0.10958029,0.02707423,0.32781696,-0.09683376,-0.30442065,-0.16628191,-0.29590029,-0.29498729,-0.07298299,-0.20345925,-0.31680134,0.11082342,-0.38006848,-0.42817569,0.34391239,-0.27776462,7355000.13158457,0.17035142,0.23902383,0.15027824,-0.29231733,0.29953292,0.06128522,0.60207331,0.10900144,0.02544187,0.3274132,-0.10133705,-0.29390898,-0.16277626,-0.29169962,-0.29220966,-0.07494389,-0.19552474,-0.31547585,0.11010313,-0.37699813,-0.4269554,0.34463948,-0.2769624,7356000.13216183,0.17264995,0.23967046,0.15285373,-0.2939626,0.29922771,0.05848914,0.60548002,0.10823315,0.02345973,0.33426487,-0.09669109,-0.29896349,-0.17322063,-0.29689908,-0.29322615,-0.07855924,-0.19546708,-0.31672361,0.11273175,-0.37398395,-0.42553848,0.34143373,-0.27048245,7357000.1320253,0.16844814,0.24165772,0.14811513,-0.28681841,0.30027002,0.06067206,0.6014412,0.10709507,0.02572512,0.32624343,-0.09193159,-0.30230725,-0.17621645,-0.29737872,-0.29361525,-0.07382882,-0.19055891,-0.31639093,0.11583944,-0.3722513,-0.42368802,0.34121618,-0.26268345,7358000.12766023,0.16452087,0.24016446,0.13996224,-0.2774621,0.29460791,0.06505042,0.59837753,0.10807893,0.03696068,0.33135694,-0.09476884,-0.29595491,-0.16883694,-0.29627746,-0.29182631,-0.06887894,-0.19566037,-0.31257603,0.11130198,-0.38110283,-0.42259896,0.33551964,-0.26384652,7359000.12823641,0.16693601,0.23815194,0.14042059,-0.28279766,0.29532388,0.06892912,0.6055935,0.10987189,0.0363269,0.32842547,-0.09054571,-0.29104805,-0.16799702,-0.29036823,-0.29332212,-0.08132558,-0.19037057,-0.31349605,0.10377265,-0.38469213,-0.42669812,0.33615366,-0.27055132,7360000.12929925,0.16457942,0.23953024,0.14133309,-0.28476077,0.29854158,0.05715981,0.60489196,0.10751214,0.03059861,0.33012384,-0.09075879,-0.30072418,-0.17134878,-0.29415625,-0.29369402,-0.07908641,-0.19157268,-0.31278375,0.11764499,-0.38185528,-0.42907184,0.34605429,-0.27662167,7361000.1289147,0.1676597,0.23965038,0.14255482,-0.28341579,0.30136612,0.06281374,0.60397863,0.10601085,0.02898855,0.33583233,-0.09542736,-0.29943031,-0.17038929,-0.29391244,-0.29482484,-0.07346652,-0.21224092,-0.31512842,0.11191024,-0.37908694,-0.42995366,0.34379375,-0.27137768,7362000.13202654,0.17074299,0.24203759,0.14566754,-0.2895681,0.30241767,0.0596775,0.60515058,0.10614955,0.02698598,0.33860329,-0.10074732,-0.29492053,-0.16931947,-0.28863579,-0.29493663,-0.07701901,-0.19533262,-0.31274801,0.10099433,-0.38547406,-0.43153116,0.34452811,-0.27116442,7363000.1322531,0.1701868,0.24245568,0.14762533,-0.29064757,0.30203727,0.05127049,0.60441047,0.10723714,0.02328965,0.33227029,-0.10474449,-0.28976628,-0.17115262,-0.29347453,-0.29600105,-0.07907629,-0.18545431,-0.31898689,0.1091828,-0.38139424,-0.43075278,0.34261948,-0.27096778,7364000.13239929,0.17443533,0.24176537,0.1508563,-0.29103789,0.30378264,0.05389246,0.6061815,0.10888583,0.02136323,0.33208883,-0.10486355,-0.30723757,-0.18110201,-0.29307872,-0.2934233,-0.07988016,-0.19781415,-0.31792066,0.10962301,-0.38429484,-0.42797196,0.34982213,-0.27123618,7365000.13367817,0.16863517,0.24471079,0.15231901,-0.2942037,0.306418,0.05957955,0.60761219,0.10724737,0.01869431,0.31760976,-0.10341445,-0.30315238,-0.17647874,-0.2941952,-0.29461345,-0.08112446,-0.19577295,-0.31620204,0.10951393,-0.37660277,-0.42694989,0.34489897,-0.26779717,7366000.13423193,0.17334303,0.24296792,0.14944227,-0.29140824,0.30653569,0.05287533,0.6063177,0.10749941,0.01940334,0.32721195,-0.10100953,-0.29947251,-0.17502314,-0.29339549,-0.29558095,-0.08025242,-0.18126985,-0.31700337,0.11293215,-0.37585214,-0.42586342,0.35175243,-0.26457796,7367000.12950242,0.16948853,0.23986085,0.14337888,-0.283108,0.29930219,0.06483644,0.60514164,0.10971505,0.03228522,0.32458755,-0.09083395,-0.29659313,-0.17427716,-0.2940751,-0.29249153,-0.07514366,-0.18940897,-0.31512731,0.11764887,-0.37281564,-0.42414975,0.34832776,-0.27251828,7368000.13131171,0.16585943,0.24184786,0.14535747,-0.28286067,0.30097806,0.06047106,0.60396188,0.1117173,0.03202981,0.33710346,-0.09182899,-0.28912213,-0.1686911,-0.29221973,-0.29258403,-0.07582713,-0.19900402,-0.31507367,0.11861188,-0.38293293,-0.42665365,0.33922464,-0.27331772,7369000.13099535,0.16452087,0.24086644,0.14361228,-0.28698868,0.30119434,0.0593846,0.6045965,0.11122116,0.02792204,0.33382437,-0.10005081,-0.30018935,-0.17494904,-0.29071182,-0.29411954,-0.07586575,-0.19660899,-0.31568104,0.11471677,-0.38483232,-0.43056563,0.3349112,-0.28367248,7370000.12848522,0.16865313,0.24268375,0.14395504,-0.2880325,0.30291006,0.05981718,0.60511667,0.10864314,0.02508572,0.33619469,-0.09877446,-0.29161268,-0.17835513,-0.28971991,-0.29477999,-0.07856993,-0.19016948,-0.31824347,0.10155619,-0.38991246,-0.43092704,0.33977669,-0.27876738,7371000.13242085,0.1669836,0.24086644,0.14618859,-0.28925031,0.30094749,0.06261441,0.60488498,0.10976424,0.02416753,0.3354733,-0.09812799,-0.29307911,-0.18111117,-0.29390088,-0.29569617,-0.07708326,-0.20187138,-0.31886694,0.10806842,-0.38893074,-0.43190071,0.3464466,-0.27602404,7372000.13220686,0.16756219,0.24137297,0.14933653,-0.2932308,0.30320105,0.05785847,0.60723418,0.10736402,0.02221691,0.33904687,-0.10300592,-0.29154253,-0.17701496,-0.29119679,-0.29504266,-0.07919074,-0.20362227,-0.31409931,0.10827802,-0.38961947,-0.43216914,0.34342948,-0.27524978,7373000.13364391,0.17070542,0.23870952,0.15225723,-0.29780138,0.29894286,0.0572664,0.60789096,0.10739348,0.01891437,0.33157679,-0.10212244,-0.30070117,-0.17533846,-0.28842014,-0.29453126,-0.08441362,-0.20071605,-0.31665829,0.11158998,-0.38400143,-0.4305771,0.34416083,-0.27730507,7374000.13420801,0.16745515,0.24177803,0.1524142,-0.29346034,0.30082929,0.05871006,0.60764676,0.10905529,0.01706198,0.33893338,-0.10050797,-0.30164543,-0.17544322,-0.29221463,-0.29548576,-0.078899,-0.19690627,-0.3155545,0.11996313,-0.37530828,-0.42982635,0.33917615,-0.27676484,7375000.12961426,0.16542073,0.24194151,0.14530033,-0.28360203,0.30537799,0.06032184,0.60529149,0.10957505,0.02485672,0.33489141,-0.09493081,-0.29757166,-0.17610246,-0.29496241,-0.29207647,-0.08148591,-0.2079853,-0.31606278,0.11286701,-0.37793624,-0.42674679,0.33949664,-0.27307239,7376000.13350685,0.16639273,0.24198692,0.14061497,-0.28310558,0.30250716,0.05868652,0.60469186,0.11052685,0.03040979,0.33307219,-0.09063627,-0.29405886,-0.17118974,-0.29094419,-0.29200011,-0.0729388,-0.20905279,-0.31864688,0.10674682,-0.38617334,-0.42775819,0.34135932,-0.27611214,7377000.13485713,0.16622081,0.24346298,0.14475507,-0.28790909,0.30397746,0.05700059,0.60431635,0.10938606,0.02600912,0.33462736,-0.09876064,-0.29994014,-0.17189427,-0.28687564,-0.29518479,-0.07521372,-0.1920049,-0.31987444,0.1084101,-0.38271508,-0.43155196,0.34121436,-0.27533698,7378000.13176596,0.16788183,0.24196813,0.14638431,-0.29185328,0.30058274,0.05788903,0.60263717,0.10907033,0.02439224,0.33336222,-0.09500842,-0.30196041,-0.17505325,-0.28865153,-0.29668361,-0.07319076,-0.1958264,-0.31842396,0.10416672,-0.38555366,-0.43224138,0.33445668,-0.28025946,7379000.13327168,0.16538778,0.23990485,0.14631808,-0.28714767,0.30036649,0.05762636,0.60509199,0.10951362,0.0232425,0.33446732,-0.09721926,-0.29255804,-0.17623869,-0.28878903,-0.29651186,-0.074502,-0.19768628,-0.31903556,0.10617527,-0.39493743,-0.4332718,0.34062156,-0.27998751,7380000.13549304,0.17201349,0.24011365,0.14765519,-0.29512423,0.30647889,0.06479806,0.60616827,0.11139736,0.02071433,0.33583081,-0.1001908,-0.30001685,-0.17201942,-0.29129919,-0.29551741,-0.07238446,-0.20898075,-0.31842515,0.11264045,-0.38266358,-0.43351051,0.33849838,-0.27878001,7381000.13443768,0.16996205,0.23829216,0.1529603,-0.29609722,0.30618715,0.05954463,0.60846782,0.10980393,0.01792286,0.32731906,-0.09828831,-0.31494126,-0.17513469,-0.29123604,-0.29580969,-0.07408179,-0.20224541,-0.31596735,0.11581366,-0.38790518,-0.43150032,0.3441385,-0.27648133,7382000.13661169,0.16972835,0.23763485,0.15491578,-0.29658094,0.3046338,0.05993617,0.60696495,0.11158832,0.01468225,0.33592916,-0.09963444,-0.3102217,-0.17414622,-0.29076728,-0.29457963,-0.07479983,-0.20153289,-0.31457722,0.11347828,-0.38146082,-0.43108913,0.34843272,-0.27356422,7383000.1366865,0.16725433,0.24420707,0.15020618,-0.28699115,0.30220839,0.06382575,0.60352337,0.11112448,0.02134552,0.33971518,-0.0933205,-0.29514638,-0.17699742,-0.28812638,-0.29631743,-0.07768393,-0.19880368,-0.31513381,0.1141445,-0.38363919,-0.42977744,0.34216395,-0.26955476,7384000.13039535,0.16434953,0.24042359,0.14234063,-0.28378105,0.30038977,0.0667102,0.60392582,0.11021275,0.02953973,0.34251869,-0.08861876,-0.29507837,-0.1694939,-0.28520378,-0.29380599,-0.06950091,-0.19640554,-0.31293505,0.11314079,-0.3934845,-0.43018496,0.33875743,-0.27651936,7385000.1319353,0.16452087,0.24044265,0.14557086,-0.28766912,0.29892731,0.06772553,0.6057846,0.11231294,0.02542977,0.33996966,-0.08835909,-0.28557795,-0.17933007,-0.28645265,-0.29432103,-0.06722932,-0.19516569,-0.31584731,0.10945788,-0.39721569,-0.43498775,0.34410638,-0.28280967,7386000.13288666,0.16705567,0.24011962,0.14612509,-0.28666222,0.30363405,0.06706039,0.60654634,0.11239349,0.02229654,0.34020016,-0.09060143,-0.29291111,-0.17866747,-0.28594178,-0.29507422,-0.06629347,-0.20779701,-0.31970891,0.11016417,-0.39379963,-0.43777272,0.33631951,-0.28842047,7387000.13338503,0.16560452,0.24158797,0.14757711,-0.29313627,0.29953879,0.06111677,0.60533971,0.10936914,0.02089568,0.34136474,-0.09608517,-0.30011171,-0.17445979,-0.28573656,-0.29540229,-0.07039057,-0.19721824,-0.31590566,0.11405485,-0.38612407,-0.43864793,0.33564895,-0.28618258,7388000.13168678,0.16382043,0.24221501,0.14786932,-0.29616058,0.30105242,0.05900899,0.60585082,0.11167052,0.0192531,0.34197965,-0.09971971,-0.30807906,-0.17100884,-0.29021379,-0.29591224,-0.07432665,-0.2020226,-0.31995422,0.11643596,-0.39166135,-0.4385106,0.33946705,-0.28325799,7389000.13302319,0.16431701,0.24284215,0.150139,-0.30087495,0.30500022,0.05458936,0.60918599,0.11365899,0.01645705,0.34333596,-0.09714176,-0.30052042,-0.17403293,-0.28417876,-0.29526091,-0.07155383,-0.20714241,-0.32056728,0.11010556,-0.39209098,-0.43684193,0.33842474,-0.28354201,7390000.13524237,0.16789921,0.24077171,0.15479319,-0.29851255,0.30464199,0.05820167,0.6098333,0.11003531,0.01306706,0.34469318,-0.09778415,-0.30483288,-0.17815995,-0.28570625,-0.29498646,-0.07179599,-0.20036127,-0.31595343,0.11368729,-0.37911618,-0.43552932,0.33780506,-0.28265113,7391000.13235246,0.16558166,0.24197334,0.14927991,-0.29169688,0.30232048,0.05741551,0.60801613,0.11008078,0.01907646,0.34968027,-0.09168477,-0.30055836,-0.18551995,-0.28508505,-0.29538819,-0.07549748,-0.1908467,-0.31744698,0.11439871,-0.38015312,-0.43484327,0.34314138,-0.28163016,7392000.13107444,0.16027358,0.23763485,0.14296164,-0.28385457,0.30067226,0.063908,0.60153466,0.11103874,0.02724701,0.3496182,-0.08877579,-0.30247065,-0.174927,-0.28652424,-0.29402268,-0.06846073,-0.2032727,-0.31463367,0.11283817,-0.38521218,-0.43640402,0.33896014,-0.2820724,7393000.13277334,0.16528608,0.23559566,0.14159444,-0.29273528,0.2979784,0.06211343,0.60484296,0.11307386,0.02222219,0.34728721,-0.0895922,-0.29862607,-0.17671609,-0.28183177,-0.29639187,-0.07372855,-0.20447178,-0.31851524,0.10914759,-0.39787257,-0.43978679,0.33041909,-0.28794652,7394000.13454045,0.16289397,0.24261367,0.14431688,-0.29626271,0.2996555,0.05912278,0.60621262,0.11153545,0.01905786,0.34964082,-0.09797479,-0.29966521,-0.17411965,-0.27992207,-0.29645649,-0.07308666,-0.19767287,-0.3183164,0.11067739,-0.40232164,-0.44330913,0.3301971,-0.29190052,7395000.1331816,0.16318245,0.24111861,0.14443116,-0.29403064,0.30196154,0.05649332,0.60500532,0.10903892,0.01726214,0.33646742,-0.09972885,-0.29614457,-0.18752535,-0.28299153,-0.29542488,-0.07395791,-0.2082945,-0.31961665,0.11136863,-0.40549612,-0.44506058,0.33917245,-0.29449829,7396000.13618472,0.16596536,0.24356455,0.14475688,-0.29915249,0.30210999,0.05892013,0.60583395,0.11034391,0.01484767,0.33962941,-0.10002422,-0.29193693,-0.18325116,-0.28412318,-0.29738748,-0.07460512,-0.21211,-0.31665522,0.10800853,-0.40327659,-0.44484323,0.33173552,-0.28855237,7397000.13240045,0.16556911,0.24276561,0.14823107,-0.30118215,0.29947612,0.05863508,0.60898173,0.10983723,0.01064667,0.34594625,-0.10558393,-0.30173996,-0.18364404,-0.28640893,-0.29718447,-0.07855695,-0.20998108,-0.32223809,0.10594481,-0.40205351,-0.44431451,0.33828944,-0.2892617,7398000.13387267,0.16605307,0.24473102,0.15080836,-0.30427209,0.30226758,0.05243823,0.60741353,0.10877493,0.00932257,0.34761858,-0.10595942,-0.29928979,-0.18529168,-0.28454524,-0.29865134,-0.07843722,-0.20095925,-0.32265452,0.11449131,-0.38826787,-0.44403782,0.34219944,-0.28701672,7399000.13447194,0.166207,0.24272181,0.15070818,-0.30321953,0.30320105,0.04942949,0.60500306,0.10986473,0.00813497,0.34804261,-0.10996118,-0.29761189,-0.18328969,-0.27944326,-0.29694837,-0.07517362,-0.20785917,-0.32031128,0.1131174,-0.39299142,-0.44289485,0.33648914,-0.28633475,7400000.13113168,0.16084374,0.2424178,0.14383852,-0.29322624,0.30221626,0.05092416,0.60758775,0.10716639,0.0162988,0.34150797,-0.10529969,-0.29569289,-0.18104053,-0.28221929,-0.29586464,-0.08011622,-0.20630011,-0.31880438,0.10882805,-0.39059842,-0.4412733,0.34048554,-0.28382102,7401000.12960465,0.15485801,0.24088372,0.13921608,-0.29037216,0.29351202,0.05634845,0.6057567,0.10926367,0.02279301,0.34396589,-0.09674078,-0.29545987,-0.18714134,-0.2834622,-0.29715845,-0.0824212,-0.21053948,-0.31959519,0.11459677,-0.39879501,-0.44377178,0.34097198,-0.29729035,7402000.13202654,0.15991166,0.2423586,0.14268671,-0.2979871,0.29908043,0.05385356,0.60879487,0.11123498,0.0183509,0.34727848,-0.1008462,-0.28962985,-0.18685994,-0.28030983,-0.3004702,-0.08160982,-0.20260885,-0.32133183,0.11044546,-0.40772727,-0.44973925,0.34069422,-0.30494106,7403000.13197023,0.16022348,0.24484459,0.14262176,-0.29864842,0.30673483,0.05374141,0.60665464,0.10996187,0.01656234,0.34387949,-0.10784349,-0.29371622,-0.18251775,-0.28245348,-0.29975289,-0.07912136,-0.20961219,-0.31938514,0.10193195,-0.41123703,-0.45253479,0.33776924,-0.29969656,7404000.13228716,0.16095203,0.2449335,0.14381219,-0.30068678,0.30231661,0.05628206,0.60799354,0.10771503,0.01430573,0.35437366,-0.10767615,-0.30437219,-0.18987401,-0.2778694,-0.30036569,-0.07974085,-0.21644768,-0.3243773,0.10810958,-0.41133368,-0.45244595,0.33738098,-0.29838365,7405000.131404,0.16245615,0.24143806,0.14546011,-0.30559528,0.30251744,0.05206404,0.60890323,0.10776806,0.01316487,0.34066355,-0.10982936,-0.30543429,-0.19375156,-0.27928612,-0.3014003,-0.0824813,-0.21480395,-0.32372656,0.10892681,-0.41083214,-0.45308459,0.34245577,-0.29498133,7406000.13327295,0.16347663,0.24407554,0.14790815,-0.30731794,0.29946914,0.04840615,0.60615569,0.10804181,0.00848314,0.34378943,-0.11416798,-0.29899016,-0.18800378,-0.27955428,-0.30066586,-0.0814103,-0.20681839,-0.32184955,0.10188824,-0.4152517,-0.45230934,0.33903798,-0.30309361,7407000.13540314,0.16313995,0.24732046,0.15038694,-0.31215951,0.29987699,0.04786296,0.60356754,0.10780744,0.00769701,0.34333596,-0.11026851,-0.3093949,-0.19216478,-0.27760005,-0.30306777,-0.08497703,-0.2049302,-0.3239994,0.1101496,-0.4135119,-0.45076311,0.33606076,-0.29570287,7408000.13204855,0.16044377,0.24597462,0.15057896,-0.30902731,0.30292356,0.04732522,0.60864526,0.10588744,0.00672934,0.3448101,-0.10943418,-0.30494848,-0.18768124,-0.27611199,-0.30218709,-0.08523383,-0.20586699,-0.32630593,0.11421613,-0.41278788,-0.44936243,0.33832911,-0.29794708,7409000.13193357,0.15716094,0.24184027,0.14185287,-0.30050945,0.29830009,0.05425633,0.6073482,0.10628304,0.01664297,0.34899032,-0.10846776,-0.30633199,-0.19051239,-0.2791858,-0.30226624,-0.08319291,-0.20882908,-0.32180983,0.10859331,-0.41356418,-0.44881156,0.33432746,-0.29721048,7410000.12953644,0.15536526,0.23949334,0.13750732,-0.29822987,0.2995708,0.05352838,0.60771638,0.10908482,0.01982762,0.35142919,-0.10358405,-0.3027859,-0.18613158,-0.27700022,-0.30298993,-0.0849856,-0.2051035,-0.31847754,0.10546598,-0.41686872,-0.45137551,0.33462784,-0.30452928,7411000.13020408,0.1536479,0.24111356,0.1398022,-0.30583739,0.30114385,0.0511654,0.60864735,0.10799758,0.01523447,0.34385011,-0.11301346,-0.29479572,-0.19387582,-0.27659935,-0.30363196,-0.0803589,-0.20952037,-0.31920195,0.10393494,-0.42260739,-0.45434105,0.33469039,-0.30310398,7412000.12917471,0.15124503,0.24129151,0.14059998,-0.30340677,0.29973873,0.04788953,0.60810775,0.10718882,0.01423575,0.34867403,-0.11345159,-0.29531711,-0.19687101,-0.27973372,-0.30464414,-0.08149497,-0.20791472,-0.32047451,0.09907659,-0.42312774,-0.45709962,0.3276588,-0.30668172,7413000.13216273,0.15637527,0.24563096,0.14046986,-0.30900905,0.30203119,0.04855136,0.60779667,0.10776798,0.01367622,0.34640455,-0.11457768,-0.30812103,-0.19036447,-0.27349252,-0.30304247,-0.08665639,-0.21839519,-0.32455817,0.10134034,-0.42090398,-0.45792618,0.32881263,-0.31079966,7414000.13004574,0.15308173,0.24290289,0.14349985,-0.30992946,0.30089509,0.04600844,0.6067791,0.10611694,0.01173467,0.34403417,-0.11615037,-0.30805245,-0.19489872,-0.27613452,-0.30371296,-0.0893665,-0.21798347,-0.32688183,0.10601115,-0.41927084,-0.45780852,0.33542383,-0.30404022,7415000.13082671,0.1572047,0.24705386,0.14602594,-0.31500196,0.29910567,0.04345516,0.60888177,0.10607271,0.00740747,0.34684473,-0.11734328,-0.31092289,-0.19394185,-0.27731597,-0.30350363,-0.08660597,-0.21322633,-0.32564598,0.10478844,-0.41858581,-0.45570576,0.33306929,-0.30701706,7416000.133045,0.15796182,0.24494676,0.1476182,-0.31387812,0.30068985,0.04992674,0.60936183,0.10680533,0.00550334,0.34777656,-0.1196532,-0.29830551,-0.1969942,-0.27695116,-0.30313262,-0.08627114,-0.20971237,-0.32517725,0.10418029,-0.41750908,-0.454833,0.33489209,-0.30361345,7417000.13234176,0.15721235,0.23875225,0.14048223,-0.30208927,0.29828426,0.05174615,0.60358047,0.10683993,0.01470868,0.3474319,-0.11364496,-0.28909528,-0.20476051,-0.27461737,-0.303534,-0.08836324,-0.21052137,-0.32240212,0.10745445,-0.41049761,-0.45501769,0.33145824,-0.30466411,7418000.12950288,0.15576588,0.24240457,0.13708477,-0.30253682,0.29445207,0.05527415,0.60680163,0.10715057,0.02140974,0.34732699,-0.10799763,-0.30449218,-0.19587228,-0.27377725,-0.30292627,-0.08766292,-0.21967319,-0.32099083,0.10151242,-0.42049861,-0.45631126,0.33195689,-0.30503401,7419000.13199249,0.15358171,0.2439439,0.14058328,-0.30906439,0.29814631,0.04742193,0.60833621,0.10813013,0.01600532,0.34529886,-0.1132705,-0.30297762,-0.19443771,-0.27186114,-0.30490673,-0.08931952,-0.21485026,-0.32263213,0.10279936,-0.4201237,-0.45903915,0.33019122,-0.30904508,7420000.13268322,0.15080319,0.24247889,0.14059918,-0.30897802,0.29738283,0.04872726,0.61114413,0.107735,0.01286911,0.35030153,-0.11227475,-0.29505366,-0.20151415,-0.27375734,-0.3037208,-0.09207597,-0.21259381,-0.32302853,0.09885645,-0.42724219,-0.46086574,0.33054164,-0.30575675,7421000.131404,0.15477313,0.2403508,0.1424219,-0.3055976,0.29681227,0.05309726,0.6119073,0.10791635,0.01354718,0.35478696,-0.11888221,-0.30067828,-0.20217234,-0.27362365,-0.30457538,-0.09212197,-0.21170777,-0.32234684,0.10143762,-0.42914537,-0.46151993,0.32944778,-0.3141731,7422000.13221903,0.15530688,0.24405251,0.14484636,-0.31296974,0.29771379,0.05445355,0.60698658,0.10590062,0.0111481,0.34013727,-0.12024635,-0.31283483,-0.20073074,-0.27566543,-0.30520198,-0.09125146,-0.21216407,-0.31925568,0.09981195,-0.42825806,-0.46133101,0.33391091,-0.31228417,7423000.13038522,0.16138393,0.24204938,0.14776599,-0.3146005,0.30114841,0.04461342,0.60869473,0.10665708,0.00801181,0.35384282,-0.11855564,-0.30767593,-0.20647125,-0.27401388,-0.30610862,-0.08869758,-0.20691669,-0.3222892,0.0957149,-0.41792354,-0.45974454,0.33065543,-0.31643903,7424000.13262588,0.16293716,0.23927453,0.14839672,-0.31873232,0.30668956,0.04907617,0.61127168,0.10704405,0.00695922,0.35692406,-0.12308668,-0.30220172,-0.20207518,-0.27199927,-0.30625039,-0.09734607,-0.22347392,-0.32434744,0.09859166,-0.4168835,-0.45815831,0.33275279,-0.30880433,7425000.1302152,0.15439034,0.2409867,0.13524735,-0.30828464,0.3044776,0.0441113,0.608051,0.10616284,0.01526045,0.34374502,-0.11447142,-0.30133846,-0.20107695,-0.27581528,-0.30387381,-0.09605942,-0.21585158,-0.32283044,0.10832716,-0.42820251,-0.45649126,0.32708988,-0.30253205,7426000.1300118,0.15067372,0.2393214,0.13141765,-0.29974911,0.29741964,0.05769817,0.61131191,0.1060257,0.02134676,0.35766309,-0.11203177,-0.30291507,-0.20066957,-0.27488458,-0.30407012,-0.09400897,-0.21557771,-0.31998959,0.10422047,-0.43320528,-0.46004051,0.32537118,-0.30675089,7427000.13019291,0.15549329,0.23719034,0.13633701,-0.30523795,0.30128109,0.05509955,0.61286616,0.10606109,0.01793109,0.35330391,-0.11445305,-0.30073705,-0.20490773,-0.27159891,-0.30519411,-0.09485647,-0.21503411,-0.32043839,0.09621236,-0.43160838,-0.46248353,0.33011827,-0.31329075,7428000.13345335,0.155192,0.24292327,0.13726363,-0.30633807,0.30190894,0.05400149,0.61418718,0.10606541,0.01578406,0.35284847,-0.11828613,-0.30368501,-0.2064608,-0.27287087,-0.30657244,-0.09431355,-0.22158696,-0.32476118,0.09906156,-0.43282712,-0.46345785,0.32217276,-0.31455895,7429000.13144919,0.15393049,0.24567626,0.13874273,-0.30994219,0.30205736,0.04766499,0.61500007,0.10489588,0.01315375,0.34842291,-0.11996292,-0.30281907,-0.20782414,-0.27752727,-0.30504227,-0.09347872,-0.21408664,-0.32280573,0.09810659,-0.43427154,-0.46453184,0.32826179,-0.31515533,7430000.13414448,0.15769836,0.24137013,0.14072576,-0.3122718,0.29854208,0.04497413,0.61506808,0.10662789,0.01121949,0.35360783,-0.12365545,-0.30905503,-0.20838389,-0.27614021,-0.30620322,-0.09948465,-0.20969203,-0.32061344,0.09417612,-0.43797889,-0.46374574,0.3291536,-0.31874469,7431000.13052112,0.15802616,0.24321555,0.14503846,-0.31719521,0.30606192,0.04994402,0.61711162,0.10808089,0.00897151,0.35000011,-0.12524897,-0.31170854,-0.20704986,-0.27825871,-0.3064909,-0.10177473,-0.21810266,-0.32244244,0.09726371,-0.43589127,-0.46284783,0.33289739,-0.31809714,7432000.13049839,0.15786089,0.2425821,0.14658386,-0.31880718,0.30342457,0.05308376,0.61501229,0.10477253,0.00661039,0.34541714,-0.12625422,-0.30703044,-0.21316329,-0.28200552,-0.30640453,-0.09782863,-0.22415282,-0.32305515,0.09888723,-0.43484816,-0.4630309,0.32849383,-0.31029648,7433000.12754691,0.15291813,0.24075216,0.13823585,-0.30773026,0.29863721,0.04994814,0.61385822,0.10581982,0.01497259,0.34581256,-0.12239911,-0.29175326,-0.20703231,-0.27682284,-0.30627987,-0.0986708,-0.2279575,-0.32329887,0.09648017,-0.4282856,-0.46093434,0.32869327,-0.31235567,7434000.1268122,0.15220603,0.23822999,0.13229419,-0.30494165,0.30250588,0.06147968,0.61687738,0.10633632,0.02079969,0.3493332,-0.12056409,-0.30513859,-0.20452882,-0.27482104,-0.3044669,-0.09749109,-0.21733457,-0.32206213,0.09396623,-0.43449819,-0.46366969,0.32341844,-0.31252402,7435000.12815627,0.15186827,0.2415532,0.13721459,-0.30599377,0.30157164,0.05130291,0.61827034,0.10685425,0.01639536,0.34539604,-0.12551667,-0.30953875,-0.21107577,-0.2757352,-0.3079578,-0.10480233,-0.21840775,-0.3220771,0.09246258,-0.44124815,-0.46707278,0.3171804,-0.31730583,7436000.12938939,0.15273815,0.24307521,0.13750684,-0.31138426,0.29984006,0.05539175,0.61852658,0.1059,0.01430324,0.35495108,-0.12768793,-0.30225393,-0.21307895,-0.2763437,-0.30849624,-0.10373995,-0.21635513,-0.32675338,0.09522301,-0.43820214,-0.46802145,0.3245745,-0.32173139,7437000.12948012,0.15386605,0.2397024,0.13893653,-0.31006238,0.30176669,0.0508361,0.6187315,0.10568786,0.01349047,0.350826,-0.12428265,-0.30919385,-0.21572633,-0.27625868,-0.3089951,-0.10129027,-0.22753553,-0.3253192,0.09343684,-0.44287172,-0.46858424,0.33127877,-0.32523799,7438000.13134708,0.15490785,0.24220678,0.14270875,-0.31197244,0.30448371,0.05083191,0.62069285,0.10325119,0.01105801,0.34466419,-0.12787917,-0.31287712,-0.2209892,-0.28048581,-0.30886549,-0.10402352,-0.22749272,-0.32509172,0.08585191,-0.44010112,-0.4704594,0.32806066,-0.31935197,7439000.13270503,0.15425631,0.24420461,0.14614499,-0.31728929,0.30319887,0.04995219,0.61872673,0.10382018,0.00862051,0.3467162,-0.13354196,-0.30820933,-0.21571474,-0.27887377,-0.31026131,-0.10276509,-0.21658334,-0.32434332,0.09163935,-0.43726483,-0.46778709,0.32299036,-0.31216562,7440000.12964955,0.15685177,0.24192908,0.1469416,-0.31865051,0.30579284,0.05030856,0.61990178,0.1050849,0.00679488,0.34609088,-0.13623373,-0.30955318,-0.21306606,-0.28033802,-0.31126657,-0.1033202,-0.22179706,-0.32624766,0.09623375,-0.43842885,-0.46656328,0.32841799,-0.30919003,7441000.12925321,0.15009554,0.24161348,0.13844402,-0.30800155,0.29938102,0.05372367,0.61862952,0.10606775,0.01531191,0.34880295,-0.13177378,-0.31630379,-0.2208821,-0.27712238,-0.31020233,-0.10606022,-0.2349578,-0.3258929,0.09371926,-0.44198814,-0.46568179,0.3230828,-0.31872791,7442000.13084805,0.14997301,0.24548598,0.13515039,-0.30490488,0.29668587,0.05515014,0.62069207,0.10596058,0.01975897,0.34795171,-0.12905458,-0.32054356,-0.22347112,-0.27944735,-0.30887344,-0.10865074,-0.2241753,-0.32191154,0.08715956,-0.44343385,-0.46913728,0.31819937,-0.32759079,7443000.13136907,0.15147822,0.23983872,0.13711588,-0.31140149,0.29789329,0.05691609,0.62306309,0.10474614,0.01516186,0.34009889,-0.1353377,-0.31246412,-0.21618195,-0.2827009,-0.31196642,-0.10817109,-0.22551255,-0.32332107,0.08849683,-0.44884211,-0.47104144,0.32094547,-0.32454821,7444000.12909572,0.15005027,0.24291159,0.1362709,-0.30982968,0.30044678,0.05052459,0.62114972,0.10281897,0.01308436,0.34698442,-0.13231581,-0.32066494,-0.2214427,-0.27911615,-0.31314051,-0.10934215,-0.22051832,-0.32340008,0.08437467,-0.45074359,-0.47186288,0.31688985,-0.32254064,7445000.1276489,0.15126696,0.24318396,0.13833238,-0.31264162,0.30063179,0.05521664,0.6240741,0.10316765,0.01308783,0.3487637,-0.1318202,-0.32525957,-0.22420965,-0.28340495,-0.31284347,-0.10830518,-0.23492414,-0.32571298,0.08655533,-0.45393729,-0.4719961,0.32501277,-0.31826395,7446000.12825915,0.15017076,0.24043426,0.14377747,-0.31397852,0.30652526,0.05212761,0.62415218,0.10325051,0.0113153,0.3593781,-0.13429213,-0.32581228,-0.23001923,-0.28829715,-0.31351501,-0.11042491,-0.23651427,-0.32618186,0.0850035,-0.44816875,-0.47312531,0.33541471,-0.32164362,7447000.13164057,0.15528473,0.24461053,0.14542104,-0.31848967,0.30420801,0.04949855,0.6241098,0.10312592,0.00902139,0.34631705,-0.13964196,-0.32412863,-0.2266469,-0.29370424,-0.31358945,-0.11221499,-0.22250648,-0.3229129,0.08658655,-0.44846079,-0.47131234,0.32964417,-0.32341495,7448000.13116436,0.15550984,0.24208845,0.14219731,-0.31645119,0.30094749,0.04984058,0.62055981,0.10289548,0.00987901,0.34274042,-0.13317868,-0.32391953,-0.21854441,-0.29040009,-0.31354386,-0.11180402,-0.232417,-0.32173625,0.08552068,-0.44714183,-0.46961004,0.32332912,-0.32131976,7449000.12951344,0.15029624,0.23760907,0.13641462,-0.3074348,0.29471746,0.05396648,0.62422729,0.10471143,0.02037524,0.34313911,-0.1298103,-0.32467037,-0.21664402,-0.29260379,-0.31136775,-0.11238358,-0.23548499,-0.32139251,0.08262005,-0.44783142,-0.47224799,0.32177541,-0.32299128,7450000.12752454,0.14994696,0.23997943,0.13869146,-0.30636424,0.30084819,0.05338042,0.62457192,0.10355295,0.01982762,0.35323036,-0.133489,-0.32494763,-0.22198452,-0.29651138,-0.31495041,-0.11163088,-0.23310749,-0.32590505,0.07956721,-0.45310664,-0.47433895,0.32434309,-0.32410714,7451000.12985349,0.14911632,0.24224661,0.14099975,-0.31173784,0.30519494,0.05696944,0.62467104,0.10173009,0.01488621,0.35077101,-0.13487847,-0.32533187,-0.22844186,-0.29826352,-0.31633201,-0.10960062,-0.24384569,-0.32503095,0.08914482,-0.45757934,-0.47541833,0.32664829,-0.32771271,7452000.12851912,0.14788501,0.24338077,0.14300007,-0.31363904,0.30093792,0.05576582,0.62798959,0.10244071,0.01566887,0.34046569,-0.1404105,-0.32798886,-0.22360763,-0.2994906,-0.31542152,-0.1148183,-0.2424441,-0.32919014,0.08432854,-0.46366626,-0.47569731,0.32468992,-0.33007485,7453000.13020408,0.14842652,0.24063194,0.14169641,-0.31811005,0.30158725,0.05372864,0.62586385,0.1054415,0.01369989,0.34294808,-0.13577478,-0.32473695,-0.23202352,-0.30355924,-0.31843579,-0.11424094,-0.23860011,-0.32886338,0.08170537,-0.46184826,-0.47655079,0.32241696,-0.33077493,7454000.12908442,0.15183318,0.24170826,0.14478724,-0.31952539,0.30133379,0.05448584,0.62598574,0.10388675,0.01151273,0.3480587,-0.14013764,-0.32704392,-0.22788957,-0.29927924,-0.31688997,-0.11114215,-0.24409977,-0.32936451,0.07754517,-0.45435804,-0.47451228,0.33220288,-0.32274473,7455000.13353054,0.15378043,0.24689874,0.14758492,-0.31883574,0.30772153,0.0469529,0.62592727,0.10507049,0.00951658,0.35405365,-0.13957341,-0.32920101,-0.23214988,-0.30403662,-0.31887817,-0.11439796,-0.24834174,-0.33181906,0.08239727,-0.46344155,-0.47401986,0.32937664,-0.32323876,7456000.13035037,0.1476859,0.23960143,0.136673,-0.31021661,0.29892123,0.05314478,0.62644166,0.10358042,0.01880472,0.34678143,-0.13255784,-0.33086497,-0.22920926,-0.30686662,-0.31700417,-0.12073186,-0.25685099,-0.32421118,0.08279974,-0.46088943,-0.47197601,0.32212177,-0.3215172,7457000.12775052,0.14815642,0.23892966,0.1335275,-0.30798379,0.30217126,0.05806541,0.62874842,0.10468064,0.02427017,0.35009247,-0.13206552,-0.33005163,-0.23137595,-0.30068341,-0.31759265,-0.11751406,-0.26195186,-0.32676491,0.0801781,-0.46326184,-0.47619706,0.32101077,-0.32526767,7458000.13246757,0.14888334,0.23902915,0.13675864,-0.31254846,0.30115438,0.05307996,0.63137877,0.10508464,0.01860735,0.34537393,-0.13712364,-0.3240236,-0.23151523,-0.30106714,-0.32071114,-0.11596338,-0.2457141,-0.32934153,0.07527449,-0.46364582,-0.47906265,0.31682739,-0.32649359,7459000.1310755,0.15138742,0.23935816,0.14036611,-0.31098303,0.29929671,0.0542547,0.63268507,0.10269594,0.01720821,0.34361467,-0.13846435,-0.33467773,-0.23220481,-0.30318096,-0.32100782,-0.11831061,-0.24644032,-0.33232397,0.07876311,-0.4628858,-0.48165083,0.32896212,-0.32977676,7460000.12695891,0.1504267,0.24452178,0.1409516,-0.31081277,0.29742408,0.05174621,0.63265437,0.0999151,0.01624644,0.34636638,-0.14547685,-0.34340981,-0.23258534,-0.30480939,-0.32207486,-0.12371348,-0.25302213,-0.33133465,0.07839631,-0.46729663,-0.47984603,0.32178032,-0.33246973,7461000.12747827,0.15274204,0.24230371,0.14397663,-0.31864786,0.30491072,0.0506145,0.63041848,0.10308652,0.01384003,0.35276496,-0.14391035,-0.34328324,-0.22319409,-0.3063089,-0.32277673,-0.11999086,-0.24803862,-0.33135372,0.07582403,-0.46837348,-0.48022121,0.31758845,-0.33427423,7462000.13002323,0.15140861,0.23962446,0.14719915,-0.32038212,0.30526963,0.0465512,0.63551372,0.10403532,0.01185342,0.35027066,-0.14368027,-0.3286545,-0.23375255,-0.30789965,-0.32281983,-0.12099279,-0.2537328,-0.33743522,0.08629198,-0.46465656,-0.48052114,0.32935774,-0.32808059,7463000.13209358,0.14862184,0.24564315,0.14371102,-0.31816021,0.30322322,0.04920026,0.63614744,0.10125698,0.01212547,0.34618193,-0.14897124,-0.34036836,-0.23201543,-0.30972216,-0.32415506,-0.12145991,-0.26157334,-0.33406606,0.077477,-0.46510133,-0.47782052,0.3232044,-0.32155859,7464000.12498277,0.14520343,0.23733771,0.13398133,-0.30715895,0.29466033,0.05777067,0.62940413,0.10024777,0.0238525,0.33336663,-0.1396707,-0.33076817,-0.22968757,-0.31032917,-0.32182026,-0.12039723,-0.25147569,-0.33399549,0.07739981,-0.45862448,-0.47746909,0.31647256,-0.32329273,7465000.12919751,0.14514323,0.2387315,0.1348587,-0.31097806,0.29864785,0.05853062,0.63101679,0.09967466,0.02394086,0.34338769,-0.13839458,-0.33240104,-0.23359209,-0.30432713,-0.3234477,-0.11958119,-0.26268211,-0.33663177,0.07620516,-0.47355416,-0.48254362,0.31887338,-0.33634254,7466000.13079272,0.14343327,0.24139616,0.13727976,-0.31570631,0.30496317,0.05405065,0.63732016,0.10160518,0.01917895,0.35587558,-0.14666501,-0.33877966,-0.23749442,-0.3062706,-0.32537723,-0.12425175,-0.25288114,-0.33576855,0.07414288,-0.4728362,-0.48588616,0.31622151,-0.34063226,7467000.13163045,0.14715625,0.24312672,0.13843369,-0.32025293,0.30380529,0.05264782,0.63604331,0.10054225,0.01677239,0.34887776,-0.14439289,-0.34322357,-0.24211064,-0.31107897,-0.32786807,-0.12171055,-0.25632542,-0.33944127,0.07614528,-0.47423151,-0.48661071,0.32095614,-0.33845529,7468000.13050979,0.14668,0.24301215,0.13963585,-0.32012126,0.30220559,0.05294578,0.63664573,0.09987908,0.01595403,0.35000643,-0.15065618,-0.34061921,-0.240288,-0.31043386,-0.32871175,-0.12293725,-0.26144117,-0.33965325,0.07550896,-0.47287682,-0.48603266,0.31884101,-0.34591433,7469000.1322531,0.14855739,0.24097794,0.14230309,-0.32415792,0.30327308,0.04801453,0.63548028,0.10033744,0.0133939,0.34558845,-0.15479718,-0.3403905,-0.23954515,-0.30670205,-0.32838577,-0.12998982,-0.26590061,-0.33926713,0.07698284,-0.47699696,-0.48648396,0.32098237,-0.3360076,7470000.13015893,0.15019254,0.24314623,0.14559169,-0.32750025,0.30482751,0.05045604,0.63415432,0.09999376,0.0108181,0.34503961,-0.15277205,-0.34004343,-0.23763461,-0.30908081,-0.32916182,-0.12925258,-0.26526892,-0.339093,0.08157966,-0.47382128,-0.48552269,0.32372797,-0.33700517,7471000.12837218,0.14883366,0.24441305,0.14179556,-0.32209787,0.30160287,0.04361426,0.63885069,0.1000597,0.01258639,0.34715864,-0.15050715,-0.34464487,-0.2342158,-0.31147996,-0.32888591,-0.12886804,-0.26761112,-0.33505744,0.07707694,-0.47616145,-0.48344696,0.3288469,-0.33402431,7472000.13037345,0.14488874,0.24006815,0.13497217,-0.30996343,0.29700348,0.0530319,0.63785034,0.09916408,0.02442293,0.34181213,-0.14708534,-0.33619997,-0.24249873,-0.30927578,-0.32695997,-0.1224072,-0.26084536,-0.33730456,0.07575006,-0.47164467,-0.48484886,0.31845546,-0.33044243,7473000.12585185,0.14100575,0.24492134,0.13695435,-0.31467602,0.29780746,0.05267539,0.63638222,0.09967466,0.02363294,0.35038531,-0.14415367,-0.33649603,-0.23492885,-0.30632049,-0.32973066,-0.1272532,-0.26646668,-0.33726367,0.07755014,-0.48214018,-0.48693666,0.32063359,-0.33725166,7474000.12729777,0.1418156,0.24262522,0.13776718,-0.31925052,0.29973429,0.04747106,0.6382547,0.09793166,0.01841341,0.34913042,-0.1467301,-0.34975377,-0.23933662,-0.30830902,-0.33237812,-0.12926207,-0.26290917,-0.33695856,0.07642055,-0.48405296,-0.49048555,0.32230103,-0.34987479,7475000.12842861,0.14166404,0.24322137,0.13807614,-0.32240391,0.29888931,0.03661933,0.63551199,0.09744015,0.01833504,0.34450653,-0.14844106,-0.34561232,-0.24028666,-0.30868664,-0.33256724,-0.1322809,-0.24847278,-0.34292221,0.07169652,-0.47706321,-0.49127707,0.32601899,-0.33919409,7476000.12911834,0.14133427,0.24163117,0.1392456,-0.32387799,0.30300364,0.04366394,0.63859761,0.09775519,0.01750972,0.35069281,-0.14979422,-0.34627292,-0.23875479,-0.30724066,-0.33243388,-0.13045247,-0.26211527,-0.34201574,0.07560051,-0.47975498,-0.4909862,0.32569122,-0.33738419,7477000.12942369,0.14706735,0.24250484,0.1416513,-0.32395723,0.30213696,0.04517248,0.63938987,0.09644128,0.01511072,0.33904234,-0.15108474,-0.34529427,-0.24354343,-0.31000876,-0.33393565,-0.13331045,-0.26215699,-0.34227514,0.07708368,-0.47471908,-0.4918353,0.31532508,-0.34254456,7478000.1275584,0.14576842,0.24372278,0.14382921,-0.32971883,0.299808,0.04645852,0.63726318,0.09549718,0.01356929,0.34462738,-0.14855257,-0.34852776,-0.24121639,-0.31056243,-0.33531132,-0.12853231,-0.26334867,-0.34191447,0.07280915,-0.47846738,-0.48976889,0.32471636,-0.33663908,7479000.1275584,0.14192158,0.24449007,0.13803893,-0.32149145,0.29967123,0.04430905,0.63784993,0.09749438,0.01773302,0.34806904,-0.14439292,-0.3397387,-0.23846395,-0.3101908,-0.33238903,-0.12798502,-0.26384544,-0.34086919,0.07688971,-0.47738153,-0.48683816,0.3201738,-0.33844656,7480000.13064484,0.13929574,0.23995355,0.13107838,-0.31444171,0.29747248,0.04787951,0.63567799,0.09950273,0.02675024,0.34035051,-0.13813893,-0.32722744,-0.23341478,-0.30620298,-0.33032167,-0.12972929,-0.26109871,-0.34149158,0.07955695,-0.47986758,-0.49021104,0.31820199,-0.33615425,7481000.12675506,0.14163361,0.24483863,0.13550834,-0.31824768,0.29838306,0.04400286,0.63863897,0.099145,0.02237925,0.35293871,-0.14109927,-0.33351141,-0.24046537,-0.30727738,-0.33409557,-0.12961332,-0.26366082,-0.3434653,0.07065517,-0.47862816,-0.49315596,0.317884,-0.33944961,7482000.12424614,0.14063345,0.24638706,0.13719851,-0.31772557,0.30151889,0.04238917,0.63805807,0.09538652,0.02164163,0.35662794,-0.14223614,-0.34602979,-0.23927552,-0.30969244,-0.33439264,-0.12745546,-0.2563251,-0.3406502,0.07638049,-0.48057073,-0.49448809,0.32316545,-0.33889821,7483000.12903854,0.14165741,0.24353909,0.13788103,-0.3212536,0.30141327,0.04307776,0.64026099,0.09524601,0.0214851,0.35116547,-0.13997148,-0.34559962,-0.23860131,-0.30582768,-0.33482879,-0.12829982,-0.26442444,-0.34429178,0.07472476,-0.48527935,-0.49382925,0.31826738,-0.34045681,7484000.1288124,0.14428656,0.24330434,0.13932675,-0.32393578,0.30092731,0.04181271,0.6384083,0.09546317,0.01905818,0.34137601,-0.14326659,-0.33356285,-0.23759,-0.30753013,-0.33609974,-0.1309211,-0.25820941,-0.34378076,0.07879342,-0.47713631,-0.49422064,0.31989694,-0.33954877,7485000.12815724,0.14632767,0.24600634,0.14415723,-0.32577425,0.30103305,0.04376463,0.63909125,0.09636478,0.017339,0.34924987,-0.13813393,-0.33774218,-0.24423084,-0.30935329,-0.33691165,-0.12621211,-0.25485116,-0.3452428,0.07799667,-0.47627184,-0.49360585,0.32005244,-0.33577526,7486000.12847388,0.14743377,0.24502906,0.14461058,-0.32274944,0.30084819,0.04645852,0.63879776,0.09730115,0.01671081,0.34895417,-0.13602726,-0.34399974,-0.23248045,-0.31028309,-0.33667722,-0.12903272,-0.26187104,-0.34706831,0.08465824,-0.48259568,-0.49133569,0.3232854,-0.33702454,7487000.12832695,0.13997684,0.23961328,0.13485786,-0.3173638,0.29428571,0.04915885,0.63525558,0.09635385,0.02885132,0.35193118,-0.12509696,-0.33927062,-0.23222162,-0.30510324,-0.33243582,-0.12352783,-0.26252997,-0.34495959,0.0774914,-0.47572711,-0.49021319,0.31733918,-0.33309233,7488000.12535495,0.13911611,0.2370923,0.1334296,-0.31501585,0.29328278,0.05231443,0.63777435,0.09823612,0.03258144,0.35306817,-0.12428393,-0.33109236,-0.23405488,-0.30260849,-0.33379132,-0.12810539,-0.25744027,-0.34360647,0.07277276,-0.47652984,-0.49297929,0.32355374,-0.34316933,7489000.12979697,0.13972853,0.2427714,0.13661332,-0.31976554,0.29827285,0.04838348,0.64043856,0.09611265,0.02724863,0.34431809,-0.12259549,-0.3372584,-0.23806861,-0.3119866,-0.33461604,-0.12783915,-0.25826833,-0.34643579,0.08326664,-0.48271444,-0.49756792,0.32554311,-0.34638867,7490000.12978558,0.1394463,0.24286023,0.13789766,-0.32082492,0.29956582,0.04259086,0.63635331,0.09707651,0.02668549,0.35187995,-0.12907977,-0.34865266,-0.23476322,-0.30810869,-0.3352052,-0.12030654,-0.26373738,-0.3450616,0.08339928,-0.47892255,-0.49856523,0.31913322,-0.33898646,7491000.13043055,0.14371364,0.2407428,0.13885666,-0.32308012,0.29859942,0.04460181,0.63672894,0.0961697,0.02640741,0.35498086,-0.12621154,-0.34423602,-0.2308175,-0.30897319,-0.33628139,-0.12500775,-0.26805317,-0.34740573,0.07715434,-0.48388186,-0.4967075,0.32313463,-0.34647524,7492000.12976259,0.14433819,0.244617,0.14048223,-0.32610574,0.3002938,0.04658788,0.6386978,0.09698022,0.02370685,0.35274863,-0.12891985,-0.34367058,-0.22602212,-0.30722895,-0.33704379,-0.12322147,-0.25183389,-0.35035446,0.0816933,-0.4815065,-0.4968856,0.32713318,-0.3469049,7493000.1302948,0.14467302,0.24144788,0.1414585,-0.32484052,0.30074266,0.0424296,0.64027935,0.0980401,0.02110864,0.34795195,-0.12758447,-0.34414265,-0.22096173,-0.30739769,-0.33981341,-0.12382545,-0.25769255,-0.35053685,0.07943992,-0.47277108,-0.49531573,0.32341844,-0.33516181,7494000.12750155,0.14621116,0.24066345,0.14008985,-0.32007608,0.29922292,0.04498241,0.63692278,0.09547929,0.0238314,0.34421617,-0.12373058,-0.33679742,-0.23327547,-0.30730149,-0.33639327,-0.12161379,-0.25568438,-0.34690771,0.08404857,-0.47878811,-0.49456733,0.33229908,-0.33996221,7495000.1261905,0.13920717,0.23559093,0.13123973,-0.30791607,0.29678744,0.04746831,0.63472247,0.09534557,0.03589429,0.34808922,-0.11256038,-0.34175113,-0.2407546,-0.3059622,-0.33498439,-0.12187427,-0.2516686,-0.3421123,0.08700357,-0.47885853,-0.49429321,0.32480279,-0.33512291,7496000.12688988,0.14045925,0.24274553,0.13209698,-0.31315291,0.29443541,0.05043135,0.63504601,0.09738385,0.03329802,0.34579167,-0.10941116,-0.33380261,-0.22800612,-0.30573812,-0.33554074,-0.12492524,-0.2573984,-0.34379831,0.08506213,-0.48268831,-0.49858239,0.32859874,-0.34107798,7497000.12675308,0.14411028,0.23955102,0.13648303,-0.31950349,0.29648989,0.04909415,0.639844,0.09741975,0.03029968,0.34438494,-0.11265633,-0.33750939,-0.22697631,-0.30560985,-0.33670574,-0.12548389,-0.24979171,-0.34666136,0.08289793,-0.48924622,-0.50172675,0.32535475,-0.34255961,7498000.12686601,0.1422839,0.23659912,0.13679193,-0.31914362,0.2991381,0.04601212,0.64115638,0.09759311,0.03031814,0.34351909,-0.11383798,-0.3378956,-0.2316514,-0.30325183,-0.3369568,-0.12506999,-0.2539106,-0.35121056,0.08168156,-0.48018131,-0.50199056,0.32917747,-0.34173048,7499000.12783709,0.14510709,0.24048112,0.1373287,-0.32068664,0.30013025,0.04547133,0.63408172,0.09812735,0.02841638,0.34304458,-0.11122426,-0.33219534,-0.23445487,-0.30595052,-0.33849204,-0.12435581,-0.2347593,-0.35071534,0.08726971,-0.47778347,-0.50030589,0.32946175,-0.3406285,7500000.12881096,0.14402555,0.24275109,0.14206392,-0.32273278,0.29661626,0.0430828,0.63802356,0.09906862,0.02584438,0.35027128,-0.11113313,-0.33169392,-0.2302956,-0.30736804,-0.33849534,-0.11847415,-0.24604549,-0.35195801,0.08734726,-0.46978942,-0.49896473,0.32717675,-0.34070593,7501000.12939996,0.14583887,0.24412169,0.14442511,-0.32413608,0.3033939,0.04338918,0.63692278,0.09833553,0.02494026,0.34609115,-0.110145,-0.33893132,-0.23436406,-0.30461824,-0.33800426,-0.12194522,-0.26368499,-0.34954727,0.08242492,-0.47564027,-0.49857214,0.324705,-0.33707613,7502000.12909549,0.14586486,0.24372278,0.13929547,-0.31788164,0.3022151,0.04469924,0.63322008,0.09830157,0.02845687,0.35013607,-0.10303874,-0.33264783,-0.23028252,-0.30343646,-0.33704379,-0.11846633,-0.2498114,-0.3517383,0.08542322,-0.47486815,-0.49604812,0.31961182,-0.3407748,7503000.12884693,0.14294036,0.24303789,0.13169217,-0.31157777,0.29511651,0.05436602,0.6323294,0.09729718,0.03827258,0.35491031,-0.09480772,-0.32696867,-0.22364599,-0.30367768,-0.33516821,-0.11767603,-0.25413182,-0.34886605,0.08949043,-0.46541899,-0.49686426,0.32798901,-0.34101862,7504000.12799776,0.14052396,0.24174128,0.1343361,-0.31176364,0.29899949,0.05310919,0.64032066,0.09868792,0.03661562,0.34930888,-0.09309767,-0.32384717,-0.22056873,-0.30133221,-0.338018,-0.11392454,-0.24303505,-0.35271996,0.08507117,-0.47751504,-0.499726,0.32863528,-0.3430981,7505000.12857464,0.13794672,0.24338442,0.13558798,-0.31394032,0.29863998,0.05072316,0.63681746,0.09890851,0.03313632,0.34548861,-0.10013294,-0.32573727,-0.22179094,-0.30096593,-0.33656037,-0.11471733,-0.24286312,-0.35141537,0.08754597,-0.48111391,-0.50235897,0.32153609,-0.34907979,7506000.12883453,0.14304757,0.24075761,0.13703549,-0.31604165,0.29898298,0.04796347,0.63694352,0.0992151,0.03293055,0.34557661,-0.10057271,-0.3312287,-0.22526649,-0.30128032,-0.33822072,-0.11644936,-0.23769782,-0.3516506,0.08789411,-0.48506352,-0.50257349,0.32731718,-0.34543574,7507000.12711579,0.14200746,0.24037036,0.13596252,-0.31967887,0.30021256,0.04294996,0.63958549,0.10058744,0.03052099,0.34870893,-0.09666254,-0.32817292,-0.2252935,-0.30173805,-0.33747396,-0.11725526,-0.2281078,-0.35381362,0.08705553,-0.47585806,-0.5004527,0.32111976,-0.33894715,7508000.1309399,0.14222734,0.24138534,0.14177155,-0.3209281,0.29932609,0.05106071,0.63707894,0.09861086,0.02879618,0.35068628,-0.10245392,-0.32961234,-0.2207773,-0.30287689,-0.33957186,-0.11558753,-0.24020562,-0.35442492,0.08533795,-0.47450337,-0.50070715,0.33341676,-0.34252384,7509000.13174371,0.14621323,0.24616474,0.14555047,-0.32119572,0.3013604,0.05017944,0.63464332,0.09923778,0.02794403,0.34902486,-0.10699607,-0.32987607,-0.21964833,-0.3024528,-0.33893943,-0.11489618,-0.24686722,-0.35576269,0.09465532,-0.48072737,-0.49861422,0.32704806,-0.34556723,7510000.12587371,0.14143929,0.2444139,0.13758804,-0.31406373,0.30037841,0.05064613,0.63599664,0.09951653,0.03264483,0.34305441,-0.09589124,-0.33013794,-0.21770012,-0.300686,-0.33577955,-0.11513743,-0.23443969,-0.35265815,0.09016535,-0.47034955,-0.4959155,0.31254375,-0.34164503,7511000.12394138,0.14105669,0.24591747,0.1312536,-0.30473417,0.29598436,0.05118999,0.63969958,0.10214327,0.04076441,0.3489131,-0.08659957,-0.31924653,-0.21539146,-0.29651752,-0.33537316,-0.11006613,-0.24331275,-0.35220048,0.08120891,-0.47367314,-0.49671668,0.32137641,-0.34066403,7512000.12918545,0.14361311,0.24500243,0.13632034,-0.30862159,0.29901969,0.04930139,0.63774508,0.09868512,0.03776364,0.34538165,-0.09067038,-0.3195186,-0.21293637,-0.29935664,-0.33476722,-0.11016301,-0.23723954,-0.35254106,0.08639026,-0.47645238,-0.49849358,0.32596722,-0.33954233,7513000.12787294,0.14230895,0.24439992,0.13612522,-0.30954361,0.29840338,0.04853362,0.63610584,0.09937821,0.03490569,0.35184902,-0.09476799,-0.31754231,-0.2162915,-0.29715568,-0.33540079,-0.11209235,-0.23573431,-0.35462493,0.08755659,-0.47647953,-0.49860537,0.32651287,-0.33480164,7514000.12786107,0.14433876,0.2446983,0.13628791,-0.31240264,0.30069897,0.05448958,0.63886815,0.09790228,0.03473904,0.35089135,-0.09251144,-0.31464452,-0.21821478,-0.30014619,-0.33642632,-0.10924983,-0.24516076,-0.3501693,0.09135397,-0.47945464,-0.49919444,0.32237065,-0.33422089,7515000.12840432,0.14283419,0.24382913,0.13908538,-0.31349245,0.30111593,0.04817918,0.63798058,0.10030322,0.03311012,0.34146684,-0.09443372,-0.33065364,-0.21678811,-0.29948464,-0.33577839,-0.11162643,-0.22722107,-0.34894821,0.09012032,-0.47930315,-0.49679407,0.32561082,-0.33565116,7516000.12575851,0.14503685,0.24265668,0.14379026,-0.31641981,0.3030777,0.05309933,0.63475674,0.09978053,0.03218567,0.34173635,-0.09428422,-0.31636119,-0.20668337,-0.29483229,-0.337504,-0.10987514,-0.23218583,-0.34954676,0.09719712,-0.47681445,-0.4953768,0.33036396,-0.33479148,7517000.12786269,0.14909744,0.24459155,0.14282577,-0.31265056,0.30494797,0.04956716,0.6350314,0.0977584,0.03082658,0.35430926,-0.09375246,-0.31668597,-0.2149965,-0.29870042,-0.33663502,-0.11027027,-0.22718596,-0.35046262,0.09363865,-0.46749273,-0.49355116,0.32586533,-0.32521278,7518000.12556878,0.14381213,0.23777616,0.13411173,-0.30642211,0.29511651,0.05798453,0.63460213,0.10095675,0.04265349,0.35426632,-0.0877896,-0.30796283,-0.21934326,-0.29717773,-0.33491653,-0.11030102,-0.23183273,-0.34758809,0.08847559,-0.46554902,-0.49231797,0.32426357,-0.32887807,7519000.12722875,0.14426103,0.24023575,0.13404562,-0.30186644,0.29819927,0.05992048,0.63321835,0.10281307,0.04374276,0.35857674,-0.08232956,-0.31009454,-0.21456413,-0.29563078,-0.33298686,-0.11169218,-0.2270266,-0.3476634,0.09637876,-0.4738481,-0.49380004,0.32092679,-0.33532226,7520000.12646946,0.14654097,0.24517456,0.13879275,-0.30633017,0.30009812,0.05628158,0.63462293,0.10028882,0.03932255,0.34612173,-0.08635498,-0.31572783,-0.20945115,-0.29558569,-0.33467916,-0.10321106,-0.22847146,-0.35173956,0.09579254,-0.47206196,-0.49430782,0.32233781,-0.33365482,7521000.12998885,0.14437911,0.24075288,0.13760513,-0.30880427,0.29784414,0.05481092,0.63682193,0.09947291,0.03888501,0.34190375,-0.08610347,-0.30846444,-0.21122381,-0.29815218,-0.33506986,-0.10956221,-0.23508175,-0.35459191,0.0935872,-0.4747816,-0.49430135,0.32693112,-0.33009213,7522000.12964948,0.1448632,0.24158967,0.14144488,-0.3097716,0.30159789,0.05411045,0.63462204,0.10022078,0.03770298,0.34307972,-0.08860641,-0.31824151,-0.20934047,-0.2956796,-0.33541414,-0.11088426,-0.22730742,-0.35322502,0.09528565,-0.47636887,-0.49310085,0.33751756,-0.33129922,7523000.12984185,0.15137196,0.24151644,0.14362524,-0.30768797,0.30458891,0.05171978,0.63553381,0.09978053,0.03598508,0.35290337,-0.09011335,-0.3211934,-0.21118815,-0.29634157,-0.33646229,-0.109892,-0.23172212,-0.35282266,0.09821036,-0.47621411,-0.49183393,0.33454937,-0.3365162,7524000.13135877,0.15277459,0.24398918,0.14492756,-0.30849084,0.30426058,0.0557849,0.63332063,0.1024909,0.03319998,0.34572685,-0.08879397,-0.31131333,-0.20786588,-0.29656273,-0.33714905,-0.10740736,-0.22882679,-0.35301244,0.09580158,-0.47292411,-0.49009681,0.33010375,-0.32489255,7525000.12806654,0.14939497,0.24550454,0.14220403,-0.30385944,0.3000668,0.05390688,0.63107586,0.10236801,0.03630649,0.34858721,-0.08361523,-0.3161447,-0.21027325,-0.29767981,-0.33537561,-0.10297386,-0.23753253,-0.34833795,0.09350428,-0.47117722,-0.48743483,0.33215567,-0.32707286,7526000.12703809,0.14679945,0.23949881,0.13257006,-0.29700154,0.29912782,0.06076443,0.63032299,0.10338737,0.04834293,0.34397718,-0.0745062,-0.29935539,-0.20569132,-0.2945672,-0.33150044,-0.1044877,-0.22034976,-0.34873292,0.10076971,-0.46394992,-0.48600668,0.32798901,-0.32758382,7527000.12754576,0.14527428,0.24080026,0.13529673,-0.29960558,0.29731801,0.05452516,0.63592899,0.10385926,0.04553473,0.35821563,-0.07881568,-0.30118552,-0.21209431,-0.29684904,-0.3325161,-0.1057342,-0.21922535,-0.35320148,0.10133667,-0.46380988,-0.49056414,0.33638942,-0.33304659,7528000.12824717,0.14732072,0.24318984,0.13793026,-0.30049181,0.29816672,0.05281232,0.63496524,0.10288195,0.0420495,0.3623884,-0.08025278,-0.30802444,-0.21568857,-0.29709247,-0.33434147,-0.10305332,-0.2256043,-0.3507393,0.09588464,-0.46964273,-0.49139115,0.32892296,-0.33275831,7529000.12937781,0.14916703,0.2434049,0.13913304,-0.30037925,0.29598758,0.05802348,0.63661361,0.1038907,0.04057221,0.3524732,-0.08016882,-0.30559641,-0.2069373,-0.29651713,-0.33355013,-0.10611159,-0.2309013,-0.35392979,0.09110782,-0.46838704,-0.49064827,0.32105547,-0.32804501,7530000.12815627,0.14723705,0.24137013,0.14129612,-0.30209157,0.30248043,0.06156613,0.63694048,0.10354752,0.03874328,0.35608527,-0.08217719,-0.31024626,-0.21130303,-0.29404345,-0.33247986,-0.10938179,-0.23527676,-0.35098559,0.10010882,-0.47059998,-0.48885363,0.33033112,-0.32912445,7531000.12856403,0.14807856,0.24459155,0.14494246,-0.30720019,0.30548635,0.05567133,0.63359606,0.10447583,0.035728,0.35648507,-0.08318161,-0.31113026,-0.21136448,-0.29193997,-0.33259201,-0.10615441,-0.22442949,-0.3516188,0.10781302,-0.46768332,-0.48856452,0.33155507,-0.32663244,7532000.13164163,0.15121746,0.24344413,0.14783838,-0.30877608,0.30625606,0.0569995,0.63166434,0.10561728,0.03260057,0.35367697,-0.0857496,-0.30664229,-0.21115941,-0.2947304,-0.33292189,-0.10580699,-0.21927717,-0.35285419,0.09709857,-0.47437051,-0.48727655,0.3415921,-0.3227762,7533000.12743393,0.15084013,0.24292448,0.13938835,-0.29260835,0.30364895,0.05796599,0.63030082,0.10558578,0.04144999,0.35702237,-0.0822298,-0.30943683,-0.21624374,-0.29697001,-0.33263689,-0.10633204,-0.22372533,-0.35196468,0.08992417,-0.46593538,-0.48554268,0.34198651,-0.32151926,7534000.12748994,0.14814767,0.23954099,0.13360852,-0.2899068,0.29990873,0.06347279,0.63572204,0.10401074,0.04692425,0.3643896,-0.07549111,-0.30017272,-0.21223043,-0.29149592,-0.32994574,-0.10752068,-0.22851488,-0.34920067,0.10117369,-0.45817351,-0.48476341,0.3340078,-0.33075404,7535000.12981948,0.14733143,0.2412551,0.139247,-0.29404935,0.29542893,0.05945636,0.63685346,0.10646172,0.04193078,0.3666566,-0.08144377,-0.3056426,-0.21748117,-0.29226065,-0.33301526,-0.10517495,-0.2205531,-0.34814683,0.10038008,-0.47386336,-0.48769099,0.32432878,-0.33249104,7536000.13204947,0.147816,0.24732699,0.14106795,-0.29773226,0.29827684,0.05427909,0.63162887,0.10527692,0.04010928,0.35595265,-0.0802431,-0.3129577,-0.2117312,-0.2897763,-0.33373097,-0.10564125,-0.23501226,-0.34821761,0.10038008,-0.46986231,-0.48899469,0.3317886,-0.33161771,7537000.13113233,0.15094641,0.24344194,0.14292206,-0.29679874,0.29809716,0.05693014,0.63618696,0.10461818,0.0377047,0.35483363,-0.08381553,-0.31414685,-0.21558176,-0.29101786,-0.33228812,-0.1077175,-0.22230242,-0.34997734,0.09802262,-0.468133,-0.48695838,0.3333337,-0.32241303,7538000.13194734,0.15295632,0.2445088,0.1458018,-0.30262864,0.3058745,0.04923417,0.63769227,0.10503994,0.036252,0.35964057,-0.08671323,-0.30989009,-0.21863213,-0.29444745,-0.3316125,-0.10761217,-0.22353968,-0.3496289,0.09891135,-0.46818113,-0.48622805,0.33248863,-0.31998572,7539000.1344163,0.15623775,0.24473748,0.14785264,-0.30663824,0.30760244,0.05269494,0.63419461,0.10542587,0.03345485,0.36290616,-0.0906155,-0.30444244,-0.21573059,-0.2966986,-0.33261997,-0.10900119,-0.23103921,-0.34823218,0.10252914,-0.46391115,-0.48455575,0.34088632,-0.31590143,7540000.13373591,0.15328339,0.24592988,0.14945941,-0.30246475,0.30712312,0.05543799,0.62982881,0.10406427,0.03209638,0.34816813,-0.08754298,-0.30870461,-0.21418411,-0.29871559,-0.33403137,-0.11037891,-0.24158396,-0.3504189,0.10089988,-0.46008274,-0.48318005,0.33568689,-0.31475419,7541000.13004577,0.14866316,0.24556142,0.13977568,-0.29126194,0.29736191,0.0638065,0.63301611,0.1044532,0.04221892,0.34858844,-0.07941995,-0.3115429,-0.21736206,-0.29451865,-0.33052373,-0.1080533,-0.22823472,-0.34626648,0.1054793,-0.45504981,-0.4800114,0.33908552,-0.31935817,7542000.13148321,0.15337503,0.24071659,0.13841531,-0.29275092,0.3008852,0.05767403,0.6344052,0.10418672,0.0436847,0.36597839,-0.08059023,-0.30865923,-0.21118741,-0.29210863,-0.33099112,-0.10330979,-0.21789959,-0.34697214,0.09294788,-0.46168068,-0.48274183,0.33352149,-0.3221426,7543000.12795223,0.14840169,0.23961349,0.14472489,-0.29875553,0.30227962,0.05985544,0.63484967,0.10623237,0.03935958,0.36637548,-0.08702827,-0.3086572,-0.20798293,-0.29447407,-0.33315045,-0.10641213,-0.21735695,-0.34837323,0.09776051,-0.45833617,-0.48475513,0.34157792,-0.33136952,7544000.1295702,0.15341228,0.24286023,0.14273858,-0.29622725,0.30133936,0.05569633,0.63195014,0.10545639,0.0374833,0.35105315,-0.08744089,-0.30679047,-0.21090619,-0.29570505,-0.3321375,-0.10776465,-0.21593985,-0.34953687,0.09697486,-0.46280208,-0.48504525,0.3371554,-0.32326582,7545000.12844792,0.15314941,0.24076888,0.14353438,-0.29903257,0.30527651,0.05668746,0.63164866,0.1036584,0.03558842,0.35722342,-0.08884128,-0.30853826,-0.21341664,-0.29442504,-0.33029184,-0.10908958,-0.21950093,-0.34928551,0.10102015,-0.46304217,-0.4837406,0.33161831,-0.31637138,7546000.12853923,0.15668961,0.24163117,0.14657421,-0.30244714,0.30609933,0.0592648,0.63534778,0.10539734,0.03305576,0.35369408,-0.08965936,-0.29826656,-0.21548805,-0.29369929,-0.33178753,-0.10880551,-0.23278914,-0.35011408,0.10035158,-0.46214563,-0.48329744,0.33920118,-0.32168958,7547000.13011251,0.15905364,0.2452316,0.14886656,-0.3031435,0.30407435,0.06211157,0.6310097,0.10742976,0.03180225,0.36344817,-0.08562269,-0.31222451,-0.21810909,-0.30011663,-0.33354199,-0.11105354,-0.233816,-0.35190365,0.10206704,-0.46530056,-0.48150456,0.33906659,-0.32330611,7548000.12978481,0.15576902,0.24249993,0.14240283,-0.29206493,0.30043414,0.05802356,0.63061506,0.1050603,0.03857372,0.35696268,-0.08302378,-0.31954706,-0.21632713,-0.2990112,-0.32929185,-0.11021846,-0.23504667,-0.34348643,0.09923645,-0.45304453,-0.47886205,0.34270367,-0.31727368,7549000.12501995,0.15475221,0.24069494,0.1377279,-0.29136309,0.3004407,0.06713977,0.63124609,0.10539274,0.04639145,0.34971923,-0.07930095,-0.31785813,-0.21692897,-0.29625168,-0.32822555,-0.10478628,-0.22886184,-0.34580946,0.1012972,-0.45491061,-0.47777236,0.3375358,-0.32184708,7550000.12852728,0.1575551,0.2427972,0.14276811,-0.29349893,0.30149755,0.06032901,0.63485938,0.10726862,0.04119086,0.36034101,-0.07753494,-0.30710554,-0.21053542,-0.29731533,-0.32952183,-0.10488579,-0.21520376,-0.34326172,0.09595691,-0.45452377,-0.47979933,0.33883065,-0.31862482,7551000.12646624,0.15501867,0.24213819,0.14310667,-0.29095086,0.30282745,0.06503618,0.63583958,0.10820013,0.03822021,0.36650825,-0.07937858,-0.30773181,-0.21359368,-0.29810575,-0.33012024,-0.10679202,-0.22421885,-0.34587455,0.0975582,-0.45811898,-0.47937077,0.34073254,-0.32311314,7552000.1270097,0.15314586,0.24338077,0.14593533,-0.29564521,0.30176669,0.06244294,0.63038611,0.10732057,0.03748539,0.35917032,-0.08313175,-0.30788377,-0.21683414,-0.29595917,-0.32857183,-0.11054631,-0.23627394,-0.34707081,0.09242755,-0.45677796,-0.47920567,0.34413227,-0.32346153,7553000.12607278,0.15614009,0.24639152,0.14720222,-0.29871348,0.30865544,0.05758039,0.62837774,0.10780489,0.03608104,0.34752613,-0.0855372,-0.3212238,-0.22179249,-0.30138662,-0.33093432,-0.10544422,-0.22929588,-0.34911045,0.09090325,-0.45422387,-0.4794282,0.3443796,-0.31908724,7554000.12827943,0.16164242,0.2476228,0.15086217,-0.29931346,0.30636033,0.06272996,0.62779295,0.10729742,0.0337312,0.34869409,-0.08590987,-0.31641957,-0.2173835,-0.30673334,-0.33205786,-0.10761725,-0.23686534,-0.34571907,0.09380224,-0.45584664,-0.47693312,0.3439557,-0.3118313,7555000.12790665,0.16009133,0.24246822,0.14801757,-0.29267105,0.3014257,0.06014327,0.62610936,0.10866652,0.03623153,0.35071728,-0.08014768,-0.30718952,-0.21552791,-0.30667093,-0.32851595,-0.10705636,-0.23275878,-0.34237656,0.09318995,-0.45161271,-0.475122,0.33711913,-0.30539188,7556000.12487718,0.15680271,0.23853232,0.13860001,-0.28138679,0.29665056,0.06316317,0.62596321,0.10832606,0.04884373,0.34717953,-0.07312863,-0.30421975,-0.21704535,-0.30463335,-0.32660213,-0.10869975,-0.22720495,-0.34161964,0.08952347,-0.45599911,-0.47380707,0.33331409,-0.31116927,7557000.12588932,0.15297206,0.24312074,0.1423884,-0.28882515,0.29878509,0.06439652,0.62922764,0.10961361,0.04678287,0.36200428,-0.07261046,-0.31189597,-0.21678139,-0.30585307,-0.32942337,-0.11065061,-0.24220647,-0.34334806,0.09663547,-0.45952129,-0.47606298,0.3318077,-0.31648481,7558000.12586425,0.1534624,0.24141639,0.14545839,-0.28741056,0.29970247,0.0597964,0.62887818,0.10973664,0.0430978,0.35464993,-0.07617901,-0.31083995,-0.21042009,-0.30920285,-0.32997695,-0.10798249,-0.24366395,-0.34491062,0.09305568,-0.45709398,-0.47697487,0.34220716,-0.31605056,7559000.12844513,0.15597796,0.2415624,0.14640118,-0.28957188,0.30164897,0.06678071,0.63045007,0.11027367,0.04257786,0.35198608,-0.07616885,-0.30809155,-0.20931366,-0.30606034,-0.32868007,-0.10608596,-0.22585896,-0.34468743,0.08869327,-0.4598749,-0.47690296,0.34379375,-0.31933251,7560000.12880868,0.15853941,0.24472445,0.1471152,-0.28934771,0.30702502,0.06755145,0.63234866,0.11023881,0.04124581,0.35150903,-0.08085052,-0.30708599,-0.21845837,-0.30716199,-0.32997668,-0.10893174,-0.23560379,-0.34979743,0.08937685,-0.45810986,-0.47687787,0.34264761,-0.31274399,7561000.1273486,0.16224238,0.24567503,0.15076064,-0.29652762,0.30781671,0.059668,0.62883937,0.11202604,0.03839009,0.36076304,-0.08082235,-0.31614304,-0.21742946,-0.30985713,-0.32998329,-0.10558059,-0.24175861,-0.34717849,0.10172436,-0.45768535,-0.47629791,0.34273151,-0.30714509,7562000.12945573,0.16203745,0.24606159,0.1492909,-0.29129633,0.30626225,0.0693377,0.62882888,0.11197554,0.03764191,0.35296986,-0.07792103,-0.29788202,-0.21227567,-0.31247985,-0.32961249,-0.11146569,-0.23680651,-0.34276244,0.09240366,-0.45543203,-0.47478768,0.34094885,-0.30478907,7563000.12730579,0.15628707,0.2421958,0.1423597,-0.28005844,0.29918295,0.06569868,0.62746352,0.1099119,0.04827595,0.35728565,-0.07055765,-0.29995024,-0.21505138,-0.30853686,-0.32803938,-0.10653506,-0.23271553,-0.34418401,0.09361723,-0.4597427,-0.47150061,0.33872601,-0.3053185,7564000.12374155,0.15817519,0.23827198,0.13777311,-0.27803499,0.29640323,0.06969732,0.62927204,0.11369783,0.05164397,0.3601509,-0.07040472,-0.30094615,-0.22325164,-0.30952948,-0.32879305,-0.10432931,-0.23748621,-0.34187993,0.09631103,-0.45261404,-0.47565272,0.33537778,-0.31384546,7565000.12750742,0.15817213,0.24113849,0.14170361,-0.28859952,0.30150691,0.07220297,0.62968951,0.11288093,0.04795408,0.34864151,-0.07114652,-0.30998331,-0.22338067,-0.3096579,-0.32976183,-0.10742392,-0.22929904,-0.34395036,0.09056643,-0.46416834,-0.47712922,0.33129174,-0.31721994,7566000.12736982,0.15855777,0.239948,0.14246476,-0.29003018,0.2984581,0.06835403,0.62960976,0.11488868,0.04506083,0.3596518,-0.071629,-0.31077439,-0.21557385,-0.31210306,-0.3304823,-0.11147017,-0.24265952,-0.34532866,0.09315474,-0.46096092,-0.47869521,0.34056935,-0.3205806,7567000.12791358,0.16081451,0.24206915,0.14407276,-0.28895149,0.3022981,0.06399743,0.63042921,0.10997919,0.04427778,0.35474145,-0.0706218,-0.30632755,-0.21620701,-0.3172738,-0.33332372,-0.10658225,-0.24780554,-0.3462162,0.08647664,-0.46063486,-0.47919956,0.33435085,-0.31393003,7568000.13051961,0.16273421,0.24292448,0.14983018,-0.29494253,0.30825025,0.06723438,0.63271368,0.110893,0.04184736,0.35146102,-0.07025828,-0.31397852,-0.22361241,-0.31537467,-0.33312199,-0.10599016,-0.23975314,-0.3491334,0.0887925,-0.45816061,-0.47763538,0.34042484,-0.31362382,7569000.12859464,0.16218752,0.24137297,0.15206167,-0.29474658,0.30691221,0.06779715,0.62866527,0.11190128,0.03947034,0.35341847,-0.07530355,-0.31881323,-0.22288156,-0.31486076,-0.33278248,-0.10947771,-0.236351,-0.34661755,0.09877394,-0.45858458,-0.47734389,0.34328488,-0.31268519,7570000.12830119,0.1579448,0.24246822,0.14603175,-0.28965643,0.30126172,0.07109879,0.62724513,0.11429641,0.04134451,0.35766441,-0.0697572,-0.30908051,-0.22116074,-0.31168184,-0.33294114,-0.11398754,-0.24205831,-0.3454749,0.08939533,-0.45962754,-0.4753035,0.34121436,-0.30405626,7571000.12781544,0.15813416,0.24071465,0.13762294,-0.27911472,0.29563963,0.06987739,0.62552422,0.11652567,0.05314934,0.35945418,-0.06775547,-0.31395891,-0.22275335,-0.31101203,-0.33083209,-0.10971929,-0.24629343,-0.34123641,0.09276662,-0.45530641,-0.47419503,0.34152985,-0.30801374,7572000.12773341,0.15782541,0.24243608,0.13897479,-0.28586522,0.2996808,0.07616511,0.62905717,0.11376473,0.04873968,0.36517483,-0.07020634,-0.30705598,-0.22328407,-0.31067339,-0.33258888,-0.10756352,-0.24040002,-0.34697142,0.08716667,-0.45860547,-0.47853276,0.33680049,-0.31860194,7573000.12195359,0.15821004,0.2451496,0.14074332,-0.28748259,0.30132768,0.07158045,0.63195574,0.11264919,0.04549445,0.36024901,-0.0715243,-0.31161377,-0.22184116,-0.31022319,-0.33484563,-0.10957731,-0.2499453,-0.34683269,0.08967796,-0.45748332,-0.48075753,0.3465406,-0.3181791,7574000.12329836,0.16130717,0.23989069,0.14262648,-0.2912674,0.30237249,0.07045565,0.62800044,0.11236544,0.0457949,0.35246539,-0.07274054,-0.30410966,-0.2252502,-0.31191236,-0.3350223,-0.10691481,-0.24590133,-0.34857863,0.09461548,-0.4619199,-0.48051023,0.33286721,-0.31477055,7575000.1269974,0.15933111,0.23896646,0.14549989,-0.29440522,0.30311832,0.07139193,0.6308527,0.11163867,0.04300539,0.3537918,-0.07664044,-0.31400111,-0.22677249,-0.31539872,-0.33656123,-0.11085176,-0.23643439,-0.34865326,0.09572118,-0.46121842,-0.47899812,0.33682191,-0.31333244,7576000.12901321,0.16327658,0.24320333,0.14808504,-0.29691541,0.30609149,0.06659283,0.63198948,0.11418892,0.04013809,0.34868252,-0.07834,-0.32450905,-0.22407421,-0.31250507,-0.33729416,-0.1138751,-0.24675575,-0.34799367,0.09160709,-0.45970762,-0.47950318,0.34744641,-0.31753951,7577000.12879905,0.16574934,0.24559328,0.15150072,-0.29615131,0.3065916,0.07084597,0.62563634,0.11219239,0.03916636,0.35568878,-0.07680415,-0.31993884,-0.22975981,-0.31409284,-0.33694577,-0.11544789,-0.2481239,-0.3503921,0.09325516,-0.45269963,-0.47744614,0.34443462,-0.31311515,7578000.12627722,0.16058944,0.24029693,0.14254901,-0.28455037,0.30202955,0.07337509,0.62596321,0.11275773,0.04745486,0.35650247,-0.06992131,-0.31920108,-0.22421999,-0.31367317,-0.33605289,-0.11094528,-0.26048201,-0.34465796,0.09643195,-0.45522469,-0.47626185,0.34489945,-0.315938,7579000.12359546,0.15886727,0.23882027,0.14030167,-0.28539324,0.29912195,0.0673772,0.62704808,0.11328538,0.053018,0.35396856,-0.07264583,-0.32035035,-0.2275929,-0.31192532,-0.33671349,-0.11148636,-0.25382248,-0.34922111,0.09043751,-0.46479765,-0.47702038,0.34091499,-0.31200409,7580000.1269974,0.15697606,0.24325295,0.14344002,-0.2891888,0.30314875,0.07370433,0.62595582,0.11519266,0.04806128,0.35735667,-0.0753983,-0.31735304,-0.23608172,-0.31220528,-0.33889237,-0.11744232,-0.25928241,-0.34739131,0.08897305,-0.46338087,-0.48110902,0.33367178,-0.3178837,7581000.12636568,0.15345244,0.24310099,0.14446299,-0.29092348,0.30206648,0.0752774,0.63167572,0.11313909,0.0453041,0.35576466,-0.07349873,-0.31607321,-0.22994785,-0.31518161,-0.3406598,-0.11374405,-0.24696779,-0.35097092,0.09302071,-0.46754169,-0.48265913,0.33898506,-0.3245056,7582000.12738512,0.1564092,0.23983338,0.14533825,-0.29430747,0.3022829,0.06888195,0.62963831,0.11420222,0.04463581,0.34790963,-0.07104326,-0.31576222,-0.22533841,-0.31589097,-0.33973622,-0.11523753,-0.25305015,-0.3499102,0.0877639,-0.4627997,-0.4818047,0.33659652,-0.32512629,7583000.12533742,0.15842207,0.24117588,0.14626054,-0.30216447,0.3010062,0.06958713,0.6278134,0.11387745,0.0434251,0.34557116,-0.07722851,-0.33134285,-0.22975513,-0.31275657,-0.34115475,-0.11545111,-0.25758451,-0.34969264,0.08783603,-0.46593916,-0.48156863,0.33508599,-0.32250288,7584000.12810881,0.16096029,0.24302587,0.14993714,-0.30248752,0.30452263,0.07250192,0.62906289,0.11191025,0.04127499,0.34476322,-0.08291029,-0.33072039,-0.22818941,-0.31679201,-0.34221599,-0.11078431,-0.25492859,-0.35337043,0.09518006,-0.46144357,-0.48103762,0.3351987,-0.31913447,7585000.13014741,0.155913,0.24396302,0.14476043,-0.29262984,0.30250716,0.07505995,0.62618339,0.11322215,0.04463181,0.35610643,-0.07679373,-0.32387966,-0.23334187,-0.31432626,-0.33962753,-0.11280624,-0.25196651,-0.34916234,0.09699362,-0.45876053,-0.4773474,0.33956856,-0.3116776,7586000.12446836,0.15271273,0.24242404,0.14043009,-0.28675285,0.30021796,0.08167238,0.62828141,0.11148278,0.05400991,0.36076471,-0.06808992,-0.31813502,-0.22390494,-0.31506652,-0.33968565,-0.11559082,-0.2524671,-0.34981516,0.09644539,-0.46739855,-0.47865996,0.34017563,-0.3072333,7587000.12467709,0.15463512,0.24226418,0.14495364,-0.29537645,0.30203575,0.07468384,0.62471074,0.11562706,0.05081875,0.36147779,-0.07262663,-0.32570559,-0.22045371,-0.31480479,-0.34164038,-0.11456315,-0.24577938,-0.35351598,0.08962796,-0.46828526,-0.48142391,0.34826076,-0.31567019,7588000.12373637,0.15620524,0.23966111,0.1443347,-0.29371157,0.30202028,0.07479775,0.62492764,0.11465667,0.04705006,0.34973758,-0.07629241,-0.32497701,-0.23207721,-0.31436545,-0.34378868,-0.11537986,-0.2538664,-0.35507849,0.09602095,-0.47626588,-0.48235783,0.34357813,-0.31562674,7589000.12382308,0.15651527,0.24561287,0.1489072,-0.29260734,0.30284926,0.07487701,0.62488937,0.11625121,0.04782361,0.34962356,-0.07557841,-0.32267845,-0.22401366,-0.31610051,-0.34280255,-0.11560266,-0.2582579,-0.35559803,0.09292898,-0.47472608,-0.48199594,0.34442511,-0.31777498,7590000.12261598,0.16318701,0.24403851,0.15402682,-0.29725623,0.30602449,0.06709222,0.62458044,0.11444365,0.04512494,0.35470882,-0.07967892,-0.32387966,-0.22635984,-0.31711286,-0.34514987,-0.11492313,-0.2574949,-0.35362241,0.0956511,-0.46990961,-0.4810726,0.35245466,-0.31245944,7591000.12749489,0.16415261,0.25326234,0.15906259,-0.30393627,0.30915028,0.07107359,0.62399793,0.11576409,0.04256832,0.34521604,-0.08237259,-0.32477933,-0.23256272,-0.31773725,-0.3462275,-0.11454875,-0.25329864,-0.35200331,0.09654505,-0.46157342,-0.48040423,0.35219997,-0.31759837,7592000.12888457,0.16376396,0.25179142,0.15495908,-0.29378167,0.31220335,0.07645065,0.62421423,0.11576108,0.04441624,0.35024941,-0.0797735,-0.31923512,-0.2311714,-0.31697112,-0.34413981,-0.1175144,-0.25520411,-0.35635281,0.09664139,-0.46101257,-0.47810042,0.35365763,-0.31676781,7593000.1260929,0.15699044,0.24575154,0.1448921,-0.28452602,0.3022981,0.07834804,0.62594289,0.11455858,0.05518898,0.35230586,-0.07620948,-0.31020775,-0.2278257,-0.31589657,-0.34208882,-0.11788371,-0.2462191,-0.35442165,0.09453676,-0.46348536,-0.4781222,0.35040259,-0.31708106,7594000.12386939,0.15884094,0.24242143,0.1444065,-0.29020885,0.30035713,0.07920642,0.62513733,0.11608506,0.05392214,0.35503104,-0.07568376,-0.32447508,-0.22615635,-0.31310233,-0.34242716,-0.11294944,-0.25435767,-0.35268906,0.09646609,-0.46054918,-0.48071745,0.34308118,-0.30884528,7595000.12593344,0.15809608,0.24069028,0.14422554,-0.29645017,0.30374593,0.0712792,0.62345159,0.115084,0.0495428,0.35810766,-0.07862692,-0.33263227,-0.22282499,-0.31149477,-0.34492233,-0.11584222,-0.25118423,-0.35225305,0.09443656,-0.47118104,-0.48198706,0.34505072,-0.31387505,7596000.12785122,0.15951233,0.23641714,0.14438738,-0.29722536,0.30222359,0.07291164,0.62379509,0.11375941,0.04803639,0.35388497,-0.07765369,-0.33744225,-0.2295831,-0.31063566,-0.34566492,-0.1141113,-0.24505298,-0.35378391,0.0928387,-0.46710169,-0.48130012,0.34446353,-0.31471786,7597000.12701422,0.16236961,0.24011043,0.14735773,-0.29455262,0.30206648,0.07449052,0.62162954,0.11194688,0.04660344,0.35337374,-0.08233865,-0.32476786,-0.22968011,-0.30990118,-0.34438553,-0.11308285,-0.25632629,-0.35485694,0.09937999,-0.46105468,-0.48139489,0.34503093,-0.31374761,7598000.12962182,0.16575795,0.24386877,0.15132631,-0.29950902,0.30523959,0.0735269,0.6217823,0.1115737,0.04332433,0.34592217,-0.08802804,-0.32859594,-0.22387214,-0.30937973,-0.34420153,-0.11763155,-0.25834554,-0.35357761,0.09901878,-0.46273115,-0.47856811,0.34965345,-0.30882502,7599000.1271774,0.16422327,0.24173984,0.14869146,-0.30108073,0.30391762,0.06971093,0.62324417,0.11397003,0.04221237,0.35122561,-0.0903824,-0.33278656,-0.22602768,-0.30910999,-0.34569648,-0.12013786,-0.25480396,-0.35469049,0.0984353,-0.46221814,-0.47580904,0.34831643,-0.30844873,7600000.12764473,0.15951833,0.23657641,0.13945612,-0.28797603,0.30109021,0.0723056,0.6171059,0.11445184,0.05188355,0.34726843,-0.08488175,-0.31899771,-0.22428581,-0.3094984,-0.34154198,-0.11934803,-0.25187436,-0.35392854,0.0881698,-0.45583391,-0.47439602,0.33928615,-0.30531752,7601000.12457699,0.15789162,0.23461924,0.13709296,-0.28603166,0.29952326,0.07534275,0.61823815,0.11345532,0.05521817,0.35758293,-0.08214261,-0.30628633,-0.22441195,-0.30997685,-0.34387252,-0.12017733,-0.26043376,-0.35245502,0.1016046,-0.46299419,-0.47738031,0.34291786,-0.31881025,7602000.12461818,0.16082278,0.2399691,0.14213099,-0.28911904,0.2997821,0.07591806,0.61827004,0.1123464,0.04972777,0.34725463,-0.08591641,-0.31826189,-0.22461875,-0.3082363,-0.34395081,-0.12043802,-0.24647047,-0.35286227,0.09578668,-0.46380028,-0.47972512,0.33311349,-0.31687167,7603000.12414118,0.16188872,0.24012057,0.14369224,-0.29621676,0.30060449,0.06855854,0.61702073,0.11232921,0.04689339,0.3460308,-0.09136812,-0.32122937,-0.22667387,-0.30861208,-0.3452287,-0.11631463,-0.25200555,-0.35319033,0.08888536,-0.4560295,-0.47839811,0.3361063,-0.30842692,7604000.12664196,0.16102383,0.23603453,0.14593533,-0.29671171,0.30358174,0.06939739,0.61934876,0.11525196,0.04572456,0.34159684,-0.09052389,-0.32253954,-0.2390743,-0.30937827,-0.34530327,-0.11809067,-0.25060424,-0.35645247,0.09361968,-0.46339747,-0.47822833,0.34549868,-0.31128678,7605000.1264161,0.15920335,0.23963992,0.14826016,-0.29857647,0.30612895,0.06902395,0.62039983,0.11341501,0.04281686,0.34036022,-0.09619766,-0.33188796,-0.23215167,-0.30927867,-0.34562492,-0.11932349,-0.24492893,-0.35649002,0.09845421,-0.45682475,-0.47770226,0.34506997,-0.3096467,7606000.12705199,0.1643444,0.24566357,0.1500667,-0.30247134,0.30811769,0.07243077,0.61655837,0.11218029,0.04047678,0.34144166,-0.09676266,-0.3211666,-0.23022963,-0.31153977,-0.34678185,-0.12583974,-0.2500771,-0.35746741,0.09928812,-0.4568679,-0.47498026,0.34871355,-0.31010479,7607000.12664618,0.16553402,0.24473102,0.15115169,-0.29934135,0.30432096,0.07017049,0.61634409,0.10985865,0.03921392,0.35019165,-0.09592609,-0.32699549,-0.2276345,-0.30948782,-0.34662804,-0.12613441,-0.25919795,-0.35427579,0.09894887,-0.45972186,-0.4726097,0.34934536,-0.31467244,7608000.12472317,0.16187873,0.2389978,0.14061056,-0.28949034,0.29971141,0.08031773,0.61591291,0.11250543,0.04925814,0.34210178,-0.09131692,-0.33449394,-0.23169707,-0.309558,-0.34285021,-0.12039723,-0.25196138,-0.35411313,0.10280965,-0.44583836,-0.47083893,0.34739524,-0.30269355,7609000.12085436,0.16073388,0.24093077,0.14141689,-0.28491601,0.30250588,0.0745332,0.6175645,0.11217866,0.05238202,0.35160434,-0.09391367,-0.32187459,-0.22315493,-0.30486789,-0.34212145,-0.12014274,-0.2445257,-0.34689391,0.10294504,-0.4544538,-0.47175485,0.34021115,-0.30852506,7610000.12364388,0.16431727,0.24389754,0.1445919,-0.29520959,0.30013025,0.07733192,0.62172264,0.11089001,0.04856737,0.34931436,-0.09819733,-0.32460496,-0.22379097,-0.30808467,-0.34445575,-0.12424777,-0.24414821,-0.3515889,0.09802795,-0.4550454,-0.4737466,0.34804308,-0.30890867,7611000.12347171,0.1624122,0.24503946,0.14482051,-0.29439798,0.30219969,0.06636605,0.6223619,0.11041112,0.04579942,0.33960843,-0.09472872,-0.32513887,-0.22476715,-0.31207567,-0.34720749,-0.12754622,-0.24263866,-0.35309204,0.09757532,-0.45503137,-0.47279692,0.35610011,-0.30245125,7612000.12459232,0.16455819,0.24363053,0.14789493,-0.29835746,0.30498523,0.06581059,0.62095928,0.11093865,0.04517934,0.3383956,-0.1003598,-0.32917178,-0.2319447,-0.30991247,-0.34698007,-0.12273388,-0.25443122,-0.35633117,0.10557276,-0.45105436,-0.4723376,0.34478611,-0.30542821,7613000.12726539,0.16693822,0.2432379,0.15078853,-0.30468574,0.30609143,0.06879978,0.62323982,0.11107303,0.04188841,0.33734015,-0.09787138,-0.33406928,-0.23408107,-0.30985308,-0.34579244,-0.1222398,-0.26595169,-0.3504976,0.10004698,-0.45094526,-0.47021851,0.34523866,-0.30466026,7614000.12941694,0.16500442,0.24637429,0.15427783,-0.30364215,0.30998957,0.0705314,0.61705106,0.11056595,0.0377212,0.34162119,-0.10066035,-0.33008081,-0.23460045,-0.31055641,-0.34754267,-0.12631829,-0.23685576,-0.35293829,0.10321522,-0.45121267,-0.46772689,0.35441336,-0.30498618,7615000.12619029,0.16706687,0.24812688,0.15418854,-0.29889882,0.30989096,0.06680567,0.61837506,0.11182879,0.03709626,0.34118897,-0.10391027,-0.33675104,-0.23469009,-0.31080818,-0.34691164,-0.12570645,-0.24976249,-0.35077408,0.10270858,-0.45286486,-0.4661473,0.3461163,-0.30125478,7616000.12424649,0.16573875,0.24455351,0.14647581,-0.29130718,0.30256683,0.07228888,0.61808717,0.11116116,0.0444502,0.33959851,-0.09561591,-0.32828632,-0.23090462,-0.30829096,-0.34299228,-0.12229229,-0.25341171,-0.34562254,0.10173467,-0.45489776,-0.4612613,0.34990096,-0.29465976,7617000.12482326,0.16488464,0.24238449,0.14375426,-0.28778833,0.30096912,0.07410361,0.61618376,0.1144652,0.05262285,0.34070477,-0.09287441,-0.32538208,-0.22689424,-0.3021712,-0.34227291,-0.12138131,-0.24646604,-0.34825197,0.10159887,-0.45052108,-0.46173799,0.3447524,-0.30151612,7618000.12093384,0.16860804,0.24553621,0.14701258,-0.28921658,0.30310908,0.07382713,0.61908925,0.11297283,0.04852517,0.32913545,-0.09355839,-0.33194768,-0.22573544,-0.30386919,-0.34385639,-0.12165347,-0.24752043,-0.34734514,0.09989087,-0.44696829,-0.46296257,0.34637037,-0.29587722,7619000.12450538,0.16987883,0.2455302,0.14838083,-0.29236281,0.30591992,0.06983702,0.61790389,0.11126701,0.04598488,0.33345249,-0.09781327,-0.32586133,-0.22658908,-0.30645347,-0.34167838,-0.12297358,-0.24097812,-0.34726655,0.09329015,-0.44846123,-0.46270853,0.34381393,-0.29451913,7620000.12303398,0.16847044,0.24445151,0.14813194,-0.29826388,0.30748999,0.07277055,0.61916381,0.11345697,0.0454578,0.33929494,-0.09849132,-0.31981766,-0.23108628,-0.30291203,-0.34123924,-0.1219719,-0.24220243,-0.34803116,0.09899916,-0.44531956,-0.46313047,0.34658045,-0.29217008,7621000.12390819,0.17014286,0.24636181,0.15155052,-0.30002558,0.31010795,0.06721818,0.61842608,0.11242985,0.04340408,0.33428279,-0.09618748,-0.32557791,-0.22087005,-0.30533952,-0.34245557,-0.12047161,-0.24093641,-0.34298551,0.10170221,-0.43868569,-0.45990202,0.35327935,-0.29630408,7622000.12300078,0.17372085,0.24728864,0.15497176,-0.29954302,0.30802804,0.07381843,0.61620533,0.11405992,0.03986463,0.3399201,-0.0962593,-0.32607302,-0.22168142,-0.30762088,-0.34385055,-0.12448622,-0.24286468,-0.34462628,0.10114583,-0.4409571,-0.45663211,0.35116372,-0.29845339,7623000.12536675,0.17263833,0.24850711,0.15324812,-0.29780543,0.30652496,0.06814408,0.61589986,0.11430302,0.0396346,0.33049572,-0.09695426,-0.32112202,-0.21904728,-0.30750397,-0.34217551,-0.11959031,-0.23628876,-0.3477928,0.10611109,-0.43455169,-0.45549765,0.35505351,-0.28698602,7624000.12261447,0.17087957,0.24305749,0.14557427,-0.28314036,0.30423835,0.07305842,0.61487192,0.11447305,0.04982257,0.33106196,-0.08920383,-0.3218374,-0.22664145,-0.30554041,-0.33729437,-0.11687244,-0.23602612,-0.34302896,0.09705353,-0.43153408,-0.45326707,0.35122541,-0.29347378,7625000.12331119,0.16893496,0.24082631,0.1452771,-0.2832886,0.30210364,0.07202698,0.61739576,0.11335386,0.05324932,0.33851898,-0.08655629,-0.31784597,-0.22036643,-0.30386841,-0.33720964,-0.11686613,-0.240343,-0.34198302,0.09737102,-0.42988178,-0.45335403,0.34985831,-0.2962786,7626000.12457199,0.16973335,0.24029329,0.14874548,-0.28771821,0.30212542,0.06829414,0.61847055,0.1159713,0.04968378,0.33078226,-0.08867228,-0.30491516,-0.21280953,-0.30464941,-0.33780497,-0.11403105,-0.23492366,-0.33994257,0.10207964,-0.43039027,-0.45374897,0.34971538,-0.28968874,7627000.12197367,0.171101,0.24354516,0.15055193,-0.28812858,0.3056581,0.07303798,0.61692727,0.11619421,0.04788383,0.33283505,-0.08820707,-0.31765696,-0.21454234,-0.30908513,-0.33716977,-0.11617571,-0.24133778,-0.33701453,0.10022421,-0.43727413,-0.45107946,0.34629744,-0.28874379,7628000.12180148,0.17282742,0.24342479,0.15059896,-0.28874847,0.30769846,0.07361171,0.61832559,0.1156648,0.04769589,0.33435509,-0.08713122,-0.31318364,-0.21242262,-0.31020129,-0.33711547,-0.11060037,-0.24247617,-0.33484346,0.09949928,-0.4277392,-0.44925657,0.34877551,-0.28267667,7629000.12587227,0.17655727,0.24285439,0.15299298,-0.29096001,0.30808532,0.07635929,0.61787283,0.11500075,0.04588084,0.33533695,-0.09010927,-0.31767726,-0.21360037,-0.30975884,-0.33421493,-0.10868485,-0.24219662,-0.33394423,0.09926208,-0.42409301,-0.44738159,0.35391,-0.27879614,7630000.12936197,0.18081413,0.24306358,0.15752086,-0.29066882,0.31005055,0.06928506,0.61293644,0.1150595,0.04238857,0.32676908,-0.0897033,-0.32048392,-0.20768967,-0.30983222,-0.33238158,-0.11056119,-0.23805968,-0.3321912,0.0980476,-0.42292711,-0.44510251,0.36187008,-0.2814573,7631000.12744926,0.17943573,0.24361515,0.15364267,-0.28374147,0.30475214,0.0740743,0.6139316,0.11381701,0.04500697,0.33431116,-0.08935036,-0.32303765,-0.21377309,-0.30991518,-0.33293962,-0.10855328,-0.23383546,-0.33002618,0.1026991,-0.4293243,-0.44251725,0.36078528,-0.28482151,7632000.12188719,0.17907882,0.24084087,0.14439027,-0.27100396,0.29882526,0.08148122,0.61464989,0.11727808,0.05689776,0.33295828,-0.07990569,-0.31877422,-0.20551896,-0.30743167,-0.32836407,-0.10509856,-0.23749916,-0.32994753,0.09363328,-0.41831756,-0.4386422,0.35672748,-0.28419617,7633000.12317274,0.17408626,0.24303789,0.14828728,-0.27378944,0.30190247,0.08115111,0.61444384,0.11780346,0.05631612,0.33372962,-0.07792014,-0.31788057,-0.20370516,-0.30786476,-0.33010647,-0.10509314,-0.22876287,-0.33270431,0.10278207,-0.42320204,-0.43861589,0.3499825,-0.27937323,7634000.1232594,0.17523749,0.24410962,0.14956105,-0.27440238,0.3008208,0.0781675,0.61327773,0.11848367,0.05131713,0.33008248,-0.08099526,-0.3176724,-0.20728934,-0.3092753,-0.32864562,-0.09750006,-0.22439201,-0.32813126,0.10032298,-0.42707545,-0.43927103,0.34817061,-0.28517494,7635000.12433347,0.18271865,0.24450272,0.14985074,-0.27915287,0.29997119,0.0781272,0.61574876,0.11825998,0.0497397,0.34186387,-0.08018168,-0.31782278,-0.20265944,-0.31056482,-0.32752061,-0.09898016,-0.22475198,-0.32603103,0.10379969,-0.4287079,-0.43911311,0.34852728,-0.27212247,7636000.12488995,0.18375796,0.24115561,0.15082833,-0.27728727,0.30381325,0.07394212,0.61804718,0.11848665,0.04868283,0.33719578,-0.0789271,-0.31479779,-0.20320177,-0.30799791,-0.3271319,-0.10199805,-0.23089404,-0.32658011,0.09938595,-0.41533011,-0.43659803,0.35785258,-0.2730478,7637000.12636186,0.18485726,0.24721818,0.15328218,-0.28174964,0.30899024,0.07511707,0.61759484,0.11707258,0.0461551,0.33346915,-0.08532821,-0.31445557,-0.2009991,-0.30738384,-0.32682464,-0.10478234,-0.2398974,-0.32606965,0.09908383,-0.40978301,-0.43422848,0.35568094,-0.27403012,7638000.12644133,0.18397434,0.24651918,0.15534474,-0.28335634,0.30956519,0.07238156,0.61814278,0.11661521,0.04461726,0.33452651,-0.08467565,-0.32372981,-0.19303128,-0.31231946,-0.32583368,-0.09723988,-0.23150115,-0.32326701,0.10074233,-0.41448048,-0.43075284,0.35638747,-0.27799669,7639000.12577644,0.18600723,0.24680272,0.15539306,-0.27928573,0.30801392,0.07808415,0.61446232,0.11678924,0.04596986,0.3399733,-0.07922874,-0.31694648,-0.194013,-0.31386387,-0.32411182,-0.09457,-0.22176474,-0.32275903,0.09901684,-0.41083577,-0.42790061,0.35167444,-0.27461806,7640000.1260605,0.17912285,0.24008209,0.14289151,-0.26258504,0.3010529,0.08115019,0.6129005,0.11663414,0.05723571,0.3342362,-0.07488232,-0.30433813,-0.19221696,-0.30894333,-0.32063681,-0.08966924,-0.2203656,-0.32013875,0.10119965,-0.40872023,-0.42565989,0.35047007,-0.27218384,7641000.12560508,0.1810668,0.24387486,0.14652935,-0.26652375,0.30240268,0.08370624,0.61864561,0.11803908,0.05853413,0.34056807,-0.07395235,-0.30462563,-0.19456176,-0.30941939,-0.31900749,-0.08908899,-0.23115225,-0.31712404,0.09603955,-0.40555382,-0.42690584,0.3455224,-0.27305999,7642000.12693904,0.18533847,0.24327867,0.1499183,-0.27383974,0.2997179,0.0737939,0.61416519,0.11890518,0.05254985,0.33772138,-0.07715737,-0.30269551,-0.18787518,-0.304952,-0.31961486,-0.08467943,-0.21845488,-0.31724602,0.10996333,-0.40369606,-0.4276087,0.36007166,-0.27158618,7643000.12652904,0.18099575,0.24497852,0.14926435,-0.27325407,0.29979202,0.07266056,0.61463904,0.1188468,0.05058838,0.33352748,-0.08111007,-0.30134365,-0.19104366,-0.30830967,-0.32128173,-0.09117622,-0.21872343,-0.31800801,0.10463826,-0.40421769,-0.42630741,0.35622394,-0.26675168,7644000.1265877,0.17755172,0.24677418,0.1503696,-0.27453518,0.30692092,0.08092392,0.61694163,0.11839791,0.04930655,0.34066856,-0.08238193,-0.3096523,-0.18774652,-0.31008208,-0.32116464,-0.09034795,-0.22231662,-0.31928819,0.09591557,-0.40010795,-0.42737687,0.35040778,-0.27072823,7645000.12647478,0.18383224,0.24714272,0.15354596,-0.28079054,0.31101814,0.07937361,0.61515522,0.11731382,0.04647274,0.3369357,-0.08209354,-0.31049812,-0.18861002,-0.30956089,-0.3193531,-0.09088664,-0.23247871,-0.31513381,0.0986904,-0.39598343,-0.42529067,0.35368332,-0.2652477,7646000.12897684,0.18501732,0.24928139,0.15731283,-0.27827924,0.31506768,0.07934935,0.61155188,0.11503547,0.04279754,0.33396214,-0.08167097,-0.3045384,-0.18828051,-0.31333438,-0.31953573,-0.08781741,-0.22866812,-0.31637642,0.10392629,-0.39995551,-0.42305276,0.35212409,-0.26743871,7647000.12652078,0.18537483,0.24873412,0.15594409,-0.27373046,0.30877736,0.07656698,0.61539572,0.11637063,0.04362955,0.33106384,-0.08573223,-0.30717242,-0.19042611,-0.3116408,-0.31692597,-0.08881174,-0.22910275,-0.31349269,0.10262994,-0.40208831,-0.42115325,0.35184762,-0.27055034,7648000.12558417,0.17936037,0.24173377,0.14666432,-0.26419026,0.30226034,0.07860604,0.61494815,0.11719575,0.05509345,0.33005491,-0.07668276,-0.29820815,-0.18482378,-0.31031302,-0.314827,-0.08458657,-0.20710984,-0.31073156,0.10848607,-0.40107524,-0.41939387,0.3545365,-0.26806921,7649000.12239109,0.182109,0.24309514,0.14802453,-0.26735333,0.30350715,0.07602428,0.61634803,0.11740603,0.05494595,0.3361806,-0.07537107,-0.28859431,-0.18737289,-0.30798557,-0.31550109,-0.07961886,-0.21155849,-0.3134765,0.10090438,-0.40279394,-0.4202213,0.35409757,-0.27265364,7650000.1242798,0.18194701,0.24462925,0.14986399,-0.27304441,0.30725029,0.07139169,0.61652476,0.11866782,0.04954071,0.33662996,-0.08116148,-0.29701397,-0.18434054,-0.30566037,-0.31812188,-0.07962189,-0.21885607,-0.31401932,0.09737171,-0.39644149,-0.42323092,0.35082033,-0.26861694,7651000.12361065,0.17866953,0.24516238,0.15096921,-0.27583948,0.30849054,0.07250312,0.61899936,0.11728767,0.04832197,0.32390329,-0.08033069,-0.30072924,-0.18701097,-0.30657974,-0.31698215,-0.08380202,-0.21833228,-0.31609884,0.09896332,-0.39688632,-0.42352885,0.3572675,-0.2690528,7652000.12536675,0.17935041,0.24008426,0.15238488,-0.27986327,0.30778807,0.0765333,0.61672741,0.11479067,0.04763988,0.32941255,-0.08419422,-0.29491088,-0.18669602,-0.30808929,-0.31703165,-0.08309998,-0.21778412,-0.31767517,0.10344236,-0.40139946,-0.42348576,0.35094407,-0.26437625,7653000.1262155,0.18120208,0.24294907,0.15532009,-0.28124443,0.30592695,0.07449911,0.61749339,0.11740832,0.04435545,0.33271018,-0.08633509,-0.2992152,-0.18691261,-0.30740619,-0.31877178,-0.08378787,-0.22054388,-0.31313843,0.09874881,-0.40350875,-0.42350495,0.35481688,-0.27036917,7654000.12669209,0.18525819,0.24879821,0.15510251,-0.28478107,0.3074728,0.07511397,0.61949772,0.11698668,0.04290809,0.33628303,-0.08900443,-0.29738513,-0.19071901,-0.3062911,-0.3184683,-0.0827604,-0.21636978,-0.31247184,0.09820195,-0.39838609,-0.42327791,0.3551755,-0.27119729,7655000.12891212,0.18321894,0.24528846,0.15265556,-0.2784957,0.30872574,0.06910049,0.61645764,0.11453207,0.04436886,0.33350673,-0.08619707,-0.3013128,-0.19482502,-0.31019446,-0.31683385,-0.07802884,-0.20934121,-0.31347424,0.09846535,-0.39629078,-0.42070797,0.36049759,-0.26251796,7656000.12475213,0.17762271,0.24149926,0.14556746,-0.27005416,0.30580589,0.08001242,0.61329603,0.11514787,0.05482687,0.33095285,-0.07978087,-0.30360433,-0.18577358,-0.30397376,-0.31574908,-0.07654745,-0.21150756,-0.31435034,0.09753418,-0.39400086,-0.42096683,0.35139021,-0.26860759,7657000.1251871,0.17741339,0.24465485,0.14891335,-0.27470613,0.30620384,0.07516853,0.61859125,0.1176412,0.05250519,0.34316543,-0.08450724,-0.30412796,-0.18097085,-0.30594423,-0.31586659,-0.07940584,-0.20871218,-0.31604141,0.10296142,-0.4004283,-0.42439204,0.35704836,-0.27337712,7658000.12993008,0.17785147,0.24676739,0.15236355,-0.28106886,0.30758566,0.07301877,0.61553484,0.11679776,0.04733884,0.34239691,-0.09051231,-0.29924783,-0.18950403,-0.30411476,-0.31799811,-0.07906035,-0.21596408,-0.31623822,0.09977465,-0.40544766,-0.42654151,0.35356778,-0.268852,7659000.12378258,0.17905638,0.24353909,0.15253764,-0.28214708,0.3078309,0.07375269,0.61523575,0.11662755,0.0477328,0.32632723,-0.08503456,-0.30222446,-0.17783904,-0.30527344,-0.31866181,-0.08134448,-0.21481758,-0.32056704,0.10107573,-0.40130913,-0.42625317,0.35822874,-0.26986435,7660000.12293435,0.1813118,0.23968723,0.15340056,-0.28493005,0.30932438,0.07482885,0.61358809,0.11728796,0.04536576,0.33263516,-0.09135929,-0.29434395,-0.17677328,-0.31115898,-0.31860051,-0.08087293,-0.21650779,-0.31552434,0.10599212,-0.40242645,-0.42645636,0.35464334,-0.2745716,7661000.12586425,0.18207963,0.24496546,0.15790214,-0.28771907,0.31104559,0.07178751,0.61519527,0.11688026,0.04355929,0.32878715,-0.0933141,-0.30452648,-0.19188328,-0.30991381,-0.31926367,-0.08157527,-0.22085595,-0.3154155,0.10285424,-0.39729214,-0.42494705,0.35548896,-0.26971802,7662000.12490273,0.18451643,0.24672142,0.15808694,-0.28588286,0.30856067,0.0738377,0.61461067,0.11684705,0.04051812,0.33049572,-0.08733878,-0.29753411,-0.18758158,-0.30966109,-0.31940144,-0.07980137,-0.22823764,-0.31535733,0.11042608,-0.39686164,-0.42355004,0.35669214,-0.26951915,7663000.12637794,0.17826997,0.24001892,0.14981851,-0.27486616,0.30265537,0.07380874,0.61382955,0.11535803,0.05065647,0.32175487,-0.08363523,-0.29653597,-0.18520859,-0.30878872,-0.31607017,-0.07387858,-0.21160439,-0.31376898,0.10701895,-0.39304042,-0.42190245,0.35496601,-0.26876298,7664000.12638684,0.17495064,0.24220878,0.14783557,-0.27609795,0.30232048,0.07752276,0.61560446,0.11457405,0.05617122,0.33408317,-0.07812592,-0.28813514,-0.17697781,-0.30499336,-0.31625262,-0.07564454,-0.20483397,-0.31450415,0.10883156,-0.39834169,-0.42432439,0.3516925,-0.26837745,7665000.12219895,0.17830674,0.24384323,0.14985637,-0.28247848,0.30677071,0.07544188,0.61574876,0.1152897,0.0513783,0.33426404,-0.086139,-0.28627679,-0.18086348,-0.30459088,-0.3196165,-0.07372448,-0.20649919,-0.31253451,0.10734743,-0.40116984,-0.42819169,0.35085461,-0.27289444,7666000.1233187,0.17957604,0.24153665,0.15083352,-0.28422117,0.30916929,0.07173288,0.61466467,0.11724824,0.04927205,0.33968279,-0.0859657,-0.29723501,-0.17260668,-0.30241549,-0.31931773,-0.07975721,-0.2168957,-0.31624949,0.10385782,-0.39856601,-0.43069673,0.36075377,-0.27824241,7667000.12798071,0.17863795,0.24180293,0.151352,-0.28828251,0.30727032,0.06932533,0.61488611,0.11571275,0.04835695,0.33938053,-0.08888506,-0.30296656,-0.18565862,-0.30556542,-0.31925666,-0.08064822,-0.21358417,-0.32245752,0.11110361,-0.39858842,-0.43093714,0.35444787,-0.2734569,7668000.12665856,0.17794228,0.24532709,0.1548506,-0.28968334,0.30573949,0.07369135,0.61635679,0.11949123,0.04602759,0.33637974,-0.09296348,-0.29487121,-0.18554024,-0.30200046,-0.32214996,-0.07736219,-0.2167028,-0.31777126,0.10423946,-0.40239048,-0.43046835,0.36110222,-0.27786061,7669000.12733629,0.17880943,0.24726798,0.15763737,-0.29116431,0.30742568,0.07115521,0.61472762,0.11819483,0.04294616,0.33822626,-0.09014232,-0.29690716,-0.18702483,-0.30360356,-0.32085571,-0.08215617,-0.21997996,-0.31951556,0.11063153,-0.39966333,-0.42935875,0.35182089,-0.27850282,7670000.1247024,0.17684546,0.24976608,0.15578434,-0.29003716,0.30602729,0.06944785,0.61670434,0.11702148,0.04336068,0.32835737,-0.09082419,-0.29865626,-0.1864453,-0.30481791,-0.31947857,-0.07597895,-0.20673941,-0.31748968,0.11213744,-0.39468414,-0.42777082,0.35881281,-0.27489212,7671000.12475213,0.17215739,0.24092354,0.14901221,-0.28009549,0.29968202,0.07487654,0.61261809,0.1170119,0.0543449,0.33520648,-0.08203146,-0.29372576,-0.18762474,-0.29813609,-0.31761971,-0.0755408,-0.20199426,-0.31898192,0.10474498,-0.39882597,-0.42875376,0.35265368,-0.27764538,7672000.12505339,0.17518319,0.24455351,0.14740492,-0.28230572,0.3051272,0.07918826,0.61437857,0.11678178,0.05473578,0.33784154,-0.08320291,-0.29121807,-0.18396129,-0.29700729,-0.31793961,-0.07278691,-0.20075999,-0.32007939,0.11023943,-0.40305045,-0.43340695,0.35513595,-0.27189535,7673000.12655425,0.17636506,0.24401459,0.15256768,-0.2886501,0.30411935,0.0784666,0.61832714,0.11622939,0.05003678,0.3344886,-0.09118858,-0.30480373,-0.17981356,-0.30309701,-0.32044935,-0.07976817,-0.20905049,-0.32134193,0.10927949,-0.4041234,-0.43727684,0.35817268,-0.27908096,7674000.12644133,0.17464289,0.24688806,0.15043727,-0.28568673,0.30618715,0.07345669,0.61411279,0.11364637,0.04850751,0.32826549,-0.08935638,-0.29594228,-0.18049102,-0.30301195,-0.32132772,-0.07735576,-0.20641527,-0.32444987,0.10433497,-0.40569079,-0.438925,0.36061248,-0.27925539,7675000.12620294,0.17196798,0.24556817,0.15309498,-0.29556683,0.30839163,0.07097041,0.618563,0.11546881,0.04712289,0.33405036,-0.09016884,-0.30472592,-0.1829842,-0.30169928,-0.32219663,-0.07152463,-0.20826486,-0.3234258,0.10969902,-0.41002795,-0.43958423,0.35531545,-0.27774635,7676000.1279348,0.17334977,0.24533369,0.1561718,-0.29423127,0.30727032,0.07040742,0.62200999,0.11535803,0.04365101,0.33759871,-0.09246026,-0.30082491,-0.17562985,-0.30150437,-0.32032189,-0.08407122,-0.2143081,-0.32489997,0.10441233,-0.40307543,-0.43927869,0.35776439,-0.28309244,7677000.12636186,0.17556511,0.24889426,0.15773904,-0.30047685,0.31058744,0.07101631,0.62020677,0.11490182,0.04093305,0.33760136,-0.09703455,-0.30819818,-0.18615332,-0.30058292,-0.32309875,-0.08357938,-0.21316567,-0.32391873,0.10882677,-0.40672973,-0.43856797,0.35618591,-0.28376114,7678000.13075773,0.17616308,0.24507231,0.15282635,-0.29385006,0.30424431,0.07094458,0.61706078,0.1153785,0.04371402,0.33749482,-0.09318209,-0.31591791,-0.18818265,-0.29930598,-0.32226858,-0.08177118,-0.20648065,-0.323726,0.10670644,-0.40548715,-0.43638742,0.36191514,-0.27624753,7679000.12760137,0.17328861,0.24104378,0.14352943,-0.28496158,0.30086654,0.07314687,0.61589807,0.11800544,0.0530555,0.33160657,-0.08833278,-0.30044597,-0.18475693,-0.30197456,-0.32158339,-0.07813929,-0.20062721,-0.32064122,0.11383602,-0.39958107,-0.43654448,0.36061403,-0.28352648,7680000.12715623,0.17149593,0.24073748,0.14564492,-0.29051933,0.30354446,0.06955687,0.62130868,0.11623985,0.05042002,0.33629134,-0.08990572,-0.30198106,-0.18888003,-0.2973336,-0.32131574,-0.07781259,-0.20546535,-0.32510048,0.1090484,-0.39763734,-0.44199628,0.36078626,-0.28504372,7681000.13056335,0.16785835,0.24387486,0.14989801,-0.29273698,0.30176669,0.07286593,0.61972767,0.11564164,0.04693906,0.32712764,-0.09784536,-0.30439734,-0.18655872,-0.2910226,-0.32290792,-0.08102215,-0.20334578,-0.32572442,0.1112035,-0.41104448,-0.44477552,0.35082239,-0.28202471,7682000.13071026,0.1705602,0.24339908,0.1496214,-0.29910076,0.30255842,0.06925518,0.61985707,0.1151761,0.04569589,0.33902639,-0.09595764,-0.31530672,-0.19069149,-0.29719499,-0.32430986,-0.08267781,-0.19905959,-0.33059439,0.1118008,-0.41908839,-0.44606537,0.35484022,-0.28691673,7683000.13189001,0.17262508,0.24645065,0.15222591,-0.29794699,0.30722088,0.06938068,0.61925685,0.11316723,0.04349142,0.3318029,-0.10256345,-0.30897,-0.18949188,-0.29889914,-0.32689893,-0.08214847,-0.21314071,-0.32959166,0.11325815,-0.40676391,-0.44761702,0.36431611,-0.29011351,7684000.12743688,0.17377391,0.24648242,0.15537217,-0.30554909,0.30948016,0.06579089,0.62003571,0.11385439,0.03975714,0.32807124,-0.10174929,-0.31783468,-0.20066018,-0.29832804,-0.32761666,-0.08546277,-0.20250906,-0.32968962,0.11897712,-0.40769595,-0.44790763,0.35903949,-0.27965105,7685000.1288179,0.17345369,0.24870557,0.15902826,-0.30622959,0.30943349,0.0603797,0.61902094,0.11314047,0.03799113,0.3351073,-0.10390718,-0.31199366,-0.19110996,-0.29763821,-0.32837039,-0.08584547,-0.2076394,-0.32681179,0.11627556,-0.40826598,-0.44638282,0.35576254,-0.28837729,7686000.12862536,0.17284659,0.24845028,0.15862609,-0.30750063,0.31458178,0.06397955,0.61863577,0.1128111,0.03756066,0.33625296,-0.10378427,-0.30729479,-0.19524364,-0.29961434,-0.3281613,-0.08359572,-0.22128896,-0.32685727,0.11513183,-0.40930986,-0.44588012,0.35807139,-0.28734735,7687000.12536675,0.16790845,0.2458794,0.14905548,-0.29075071,0.30597055,0.06610347,0.61891931,0.11467188,0.04763797,0.33462352,-0.09841344,-0.3002834,-0.19330105,-0.2952207,-0.32425407,-0.08494963,-0.21983685,-0.32831991,0.10983139,-0.40984944,-0.44459108,0.35087332,-0.28392065,7688000.12700601,0.16437761,0.25101301,0.14968866,-0.2930983,0.30476156,0.07355201,0.62060034,0.11519534,0.04988321,0.33885035,-0.09993258,-0.30424738,-0.1947678,-0.29058766,-0.32599008,-0.08329432,-0.21305978,-0.32651681,0.1090974,-0.4222683,-0.44763076,0.35384741,-0.29108283,7689000.12258323,0.16833031,0.24916348,0.15295571,-0.3003675,0.30798405,0.07117191,0.62432641,0.11555763,0.04439099,0.33339709,-0.10306876,-0.30763015,-0.19955619,-0.29691938,-0.32859164,-0.09062489,-0.20249882,-0.32728761,0.11446292,-0.42009026,-0.45059213,0.35767055,-0.29301134,7690000.12772988,0.17603169,0.24634865,0.15332705,-0.30238372,0.30823857,0.06618199,0.6212315,0.1127091,0.04351203,0.34200072,-0.10641988,-0.31629738,-0.20046477,-0.29753044,-0.32697886,-0.08635302,-0.20700796,-0.32838091,0.11102893,-0.41756672,-0.45203939,0.35263792,-0.29010853,7691000.12725282,0.17027916,0.24784787,0.15250984,-0.30404869,0.30844072,0.06490873,0.62043643,0.11285304,0.04225697,0.3397406,-0.11056278,-0.30069527,-0.19578414,-0.29836863,-0.32920665,-0.08193347,-0.20807976,-0.32991415,0.10704793,-0.41352221,-0.45311281,0.35484022,-0.29476175,7692000.12496944,0.16819,0.24984305,0.15448172,-0.30207494,0.3076922,0.06736511,0.62297398,0.1119132,0.03915726,0.33066601,-0.11026258,-0.30944324,-0.20161857,-0.29891473,-0.32870162,-0.08853984,-0.21342738,-0.32706085,0.11374965,-0.40834308,-0.45336574,0.35866198,-0.29434544,7693000.12650824,0.17268118,0.24669828,0.15774579,-0.31119063,0.30427578,0.0670521,0.62000769,0.11333202,0.03640027,0.3383607,-0.11358558,-0.3024205,-0.19872861,-0.29554558,-0.32908949,-0.08931351,-0.21182229,-0.3288151,0.11764969,-0.41232783,-0.45131785,0.36252934,-0.29011327,7694000.13062096,0.16785716,0.24381766,0.15786405,-0.30320889,0.30385774,0.06430912,0.61909509,0.11235031,0.03710971,0.33418787,-0.10868453,-0.30613774,-0.19931394,-0.29662478,-0.32815376,-0.09336091,-0.21270968,-0.33118665,0.11213565,-0.40666389,-0.44930446,0.35827202,-0.28710091,7695000.12608501,0.1665547,0.244617,0.14910263,-0.29582089,0.3041116,0.06480747,0.61686283,0.11252668,0.04809685,0.34907371,-0.10646226,-0.30679002,-0.19464852,-0.29491884,-0.32545778,-0.09140855,-0.21652405,-0.3297407,0.11252511,-0.41386175,-0.44953546,0.35527396,-0.29055479,7696000.12555906,0.16499712,0.24685684,0.1514499,-0.29827288,0.30945909,0.06958174,0.61952811,0.11497867,0.04757968,0.34100464,-0.10966298,-0.30664825,-0.192682,-0.29221207,-0.32715043,-0.08475963,-0.20660649,-0.32898617,0.11513072,-0.41401359,-0.45363182,0.35263792,-0.29954088,7697000.12528948,0.16929765,0.24948137,0.1546721,-0.30471954,0.31002086,0.07036442,0.61905622,0.1132007,0.04308568,0.34053952,-0.10771165,-0.30937141,-0.19736969,-0.29409692,-0.32904759,-0.09219524,-0.21589985,-0.32924891,0.10833245,-0.42159,-0.45423296,0.35732558,-0.29706597,7698000.12465889,0.16689135,0.24918832,0.15722144,-0.30392799,0.30961597,0.0713722,0.62164283,0.11138069,0.04261607,0.33895722,-0.10835005,-0.30858663,-0.20094173,-0.29752189,-0.32905602,-0.08908203,-0.2149528,-0.33280686,0.10963413,-0.41902912,-0.45631906,0.35367057,-0.29639375,7699000.12597355,0.16763686,0.24893463,0.15713207,-0.30595303,0.30614388,0.06549156,0.62369651,0.11105806,0.04187512,0.33457607,-0.11291331,-0.31179497,-0.20440362,-0.29397121,-0.33002952,-0.08631225,-0.21039316,-0.33092839,0.11402284,-0.41411281,-0.45541015,0.35992521,-0.30085176,7700000.12599276,0.17087218,0.25026956,0.15916553,-0.307574,0.30722851,0.06927991,0.62033671,0.11348883,0.03850151,0.34129161,-0.11542169,-0.30485943,-0.20119873,-0.28980234,-0.32851851,-0.08853254,-0.2114332,-0.33469653,0.10753468,-0.41114298,-0.45351404,0.36167207,-0.28950611,7701000.12957595,0.16948956,0.24652046,0.15837133,-0.31014332,0.30888125,0.06361493,0.61714596,0.1107351,0.0371607,0.32986283,-0.11374553,-0.31033722,-0.20868246,-0.29047364,-0.3285962,-0.09198933,-0.21666409,-0.32955649,0.11499444,-0.41133195,-0.45145565,0.36018568,-0.2843034,7702000.12776698,0.16590449,0.24381159,0.1506798,-0.30188361,0.30406708,0.06696428,0.61755681,0.11186474,0.04551045,0.34498569,-0.11377306,-0.31022748,-0.1981457,-0.29078066,-0.32626706,-0.09014883,-0.21807306,-0.32767209,0.1056981,-0.41039819,-0.44880006,0.35495067,-0.29028958,7703000.12726919,0.16731164,0.24289742,0.14631194,-0.29248339,0.30568802,0.06861513,0.61824763,0.11342227,0.05211312,0.33962908,-0.10688519,-0.30860811,-0.19848825,-0.29292941,-0.32453418,-0.08418025,-0.2161845,-0.32913703,0.11333811,-0.41151515,-0.45024669,0.35011318,-0.2935414,7704000.12502824,0.16748792,0.24035595,0.14940585,-0.30141285,0.30042049,0.06983471,0.6197862,0.11236016,0.04779236,0.33854502,-0.11077622,-0.30910835,-0.19808769,-0.29154432,-0.32645115,-0.08778014,-0.20150335,-0.32810754,0.1132722,-0.40354079,-0.45270914,0.35694709,-0.30596837,7705000.1263992,0.16712719,0.24420461,0.14997239,-0.29802096,0.30501556,0.06121987,0.62260443,0.11227374,0.04495523,0.3363778,-0.11063456,-0.30610836,-0.19688334,-0.29228392,-0.32628664,-0.0934288,-0.20734128,-0.32961422,0.10671639,-0.41162267,-0.45312259,0.35733265,-0.29979986,7706000.1263992,0.16452482,0.24178842,0.14966221,-0.30348036,0.30756494,0.05977437,0.62242895,0.11075052,0.04392852,0.34611893,-0.11031567,-0.30475107,-0.19621906,-0.29133698,-0.32729614,-0.08903918,-0.2061317,-0.32920119,0.11039305,-0.41376692,-0.45328102,0.35920525,-0.29346168,7707000.1271807,0.16883281,0.2428287,0.1511931,-0.30332428,0.30766937,0.06207731,0.62311232,0.11200041,0.04122399,0.34491277,-0.11273828,-0.31209028,-0.19679154,-0.29357561,-0.32703531,-0.09151179,-0.20966375,-0.32922059,0.1123319,-0.40580162,-0.45250946,0.35550103,-0.29816225,7708000.12905891,0.16794755,0.24417298,0.15599774,-0.3065998,0.30567291,0.06510324,0.61947495,0.11219272,0.03802959,0.33973023,-0.11246172,-0.31305325,-0.19409248,-0.28968251,-0.32618937,-0.08978448,-0.21828188,-0.32930589,0.10797419,-0.40879387,-0.45175329,0.35156202,-0.29712078,7709000.12801968,0.16831619,0.24377374,0.15358369,-0.30089858,0.30457494,0.06084028,0.61843759,0.11220586,0.04011157,0.3426187,-0.1100487,-0.31234467,-0.2052605,-0.28688318,-0.32598123,-0.09097609,-0.21932402,-0.3258512,0.11952781,-0.4062967,-0.44946688,0.35481688,-0.28487897,7710000.12638368,0.1660731,0.23958752,0.14416172,-0.29030946,0.30087948,0.06648556,0.62039423,0.11368416,0.05144309,0.34733111,-0.10503039,-0.31038162,-0.20573974,-0.29135698,-0.32202071,-0.09004147,-0.21241799,-0.32607031,0.10536352,-0.40282986,-0.44690749,0.34095362,-0.28740615,7711000.12559353,0.16633081,0.2381312,0.14800425,-0.29303718,0.30356395,0.07627604,0.62145823,0.11280986,0.05015464,0.3470318,-0.10767145,-0.30569583,-0.20812483,-0.28852522,-0.32182619,-0.08874232,-0.20273939,-0.32662475,0.09872134,-0.40222064,-0.45066288,0.3278878,-0.29510146,7712000.12409224,0.16662525,0.23825124,0.14687976,-0.29410708,0.30233777,0.06699981,0.62065023,0.11427972,0.04507557,0.342076,-0.11074848,-0.30276117,-0.20209835,-0.28747448,-0.32297444,-0.08885424,-0.20283973,-0.32421306,0.10244983,-0.402527,-0.45325166,0.35068324,-0.30438343,7713000.12733245,0.16453697,0.24452819,0.14808504,-0.29674557,0.29787701,0.06592857,0.61876035,0.11478787,0.04330986,0.33580789,-0.11058393,-0.3124525,-0.20368457,-0.28967744,-0.32295808,-0.09238389,-0.20250833,-0.32957861,0.10998528,-0.40852609,-0.45283476,0.34161147,-0.29800105,7714000.12821393,0.16736457,0.24145354,0.14860347,-0.29865858,0.30345267,0.06725027,0.62067336,0.11733595,0.04293276,0.34360453,-0.11109409,-0.31964356,-0.20807292,-0.28891936,-0.32488126,-0.09257814,-0.20926383,-0.32746872,0.1128109,-0.4098925,-0.45199469,0.34546605,-0.29418027,7715000.12633835,0.16606721,0.24630989,0.15351541,-0.30486366,0.30227387,0.06311499,0.61847639,0.11482573,0.03925732,0.33112353,-0.11793657,-0.31643575,-0.20978354,-0.2851668,-0.3271023,-0.09353969,-0.21197087,-0.33177599,0.11013918,-0.4015727,-0.4518505,0.35239631,-0.28756541,7716000.12992141,0.16989291,0.23880954,0.15517338,-0.3052803,0.30602449,0.06139931,0.62026209,0.1143346,0.0371642,0.33401704,-0.1160794,-0.30538565,-0.20648365,-0.2878125,-0.32605922,-0.09452283,-0.20606701,-0.3297554,0.10895745,-0.41063714,-0.45101708,0.34715176,-0.28574145,7717000.12636054,0.16734233,0.24074012,0.14887647,-0.29606217,0.30753368,0.06438888,0.61978251,0.1139043,0.03991839,0.33199149,-0.10699801,-0.30723649,-0.19926989,-0.2873632,-0.32338947,-0.09599975,-0.20921791,-0.32902786,0.10779359,-0.412157,-0.44760066,0.34740478,-0.28608274,7718000.12428229,0.1644617,0.24147364,0.14443749,-0.28885552,0.30032009,0.06580046,0.6171692,0.1136696,0.0498629,0.34204119,-0.10365336,-0.31112599,-0.19780371,-0.28785557,-0.3212567,-0.09315324,-0.19957772,-0.32638365,0.10775794,-0.40871039,-0.44638565,0.34660861,-0.29149124,7719000.12716496,0.16739197,0.24261972,0.14869827,-0.29851076,0.30085823,0.07496952,0.61758065,0.11683305,0.04648305,0.34365562,-0.10755263,-0.30723804,-0.20654266,-0.28701311,-0.32479504,-0.09432244,-0.21981514,-0.32720307,0.11352262,-0.41474882,-0.44976738,0.35019314,-0.29255384,7720000.12288793,0.16714007,0.24972305,0.15067382,-0.29886785,0.29905638,0.06996235,0.61884421,0.11480604,0.04238959,0.33919865,-0.10878789,-0.3106699,-0.20976986,-0.29058886,-0.32768485,-0.0979311,-0.21344149,-0.32904536,0.11123036,-0.41627732,-0.45215911,0.34914321,-0.29759404,7721000.1234585,0.16529168,0.24493934,0.1480919,-0.29620016,0.30269712,0.06502392,0.61669225,0.1121579,0.04060766,0.34316543,-0.11408515,-0.32264373,-0.2054355,-0.28959838,-0.32725191,-0.09358738,-0.21312834,-0.33173761,0.10261279,-0.41637239,-0.45014498,0.34938836,-0.3003611,7722000.1239714,0.16643906,0.24078366,0.14843446,-0.30328709,0.30399981,0.0643245,0.61436051,0.11300427,0.03891248,0.34104988,-0.11419751,-0.32812271,-0.21076922,-0.28686568,-0.32649451,-0.09953102,-0.20980906,-0.33273023,0.10473547,-0.40494248,-0.4488706,0.35342211,-0.29523179,7723000.12245743,0.17053768,0.24807654,0.15474525,-0.30679518,0.30636838,0.06687968,0.61445791,0.11179883,0.03708629,0.34315124,-0.11521619,-0.31738725,-0.21627198,-0.29061878,-0.32737473,-0.10035952,-0.21374036,-0.32916576,0.11311352,-0.41060895,-0.4491756,0.34816462,-0.2930077,7724000.1241746,0.17322966,0.25277105,0.1603801,-0.3085779,0.30997506,0.06686108,0.61780775,0.11355063,0.03273228,0.33871228,-0.1178733,-0.31596598,-0.21409477,-0.29324406,-0.33030987,-0.09837049,-0.21022916,-0.32980734,0.10870942,-0.41166759,-0.44802284,0.35565153,-0.29131648,7725000.13321815,0.17793147,0.27204844,0.17256032,-0.30210382,0.32224849,0.07122155,0.62071162,0.11512972,0.03327072,0.3402164,-0.11442444,-0.3101109,-0.21151875,-0.29643115,-0.33408254,-0.09685983,-0.21600428,-0.32928061,0.10731325,-0.41802606,-0.4460555,0.37257904,-0.29096347,7726000.13975573,0.18080455,0.30782917,0.19025631,-0.29050943,0.33916774,0.07820873,0.6264624,0.11614295,0.04297476,0.33222234,-0.10794983,-0.30602366,-0.21446729,-0.30147928,-0.33747101,-0.10401415,-0.21865176,-0.33205804,0.11635389,-0.41857767,-0.44857931,0.43120691,-0.30154419,7727000.12598094,0.1852593,0.33118591,0.20942464,-0.30250901,0.35375306,0.0901799,0.63138616,0.115781,0.0443252,0.34294865,-0.10712986,-0.29486749,-0.22394173,-0.30239981,-0.34742534,-0.10280553,-0.22335735,-0.33436766,0.11761275,-0.42758545,-0.45678616,0.46860313,-0.31328991,7728000.13196144,0.18163328,0.33234006,0.21015404,-0.30859464,0.35462779,0.0822519,0.63101721,0.11524982,0.03901655,0.3339476,-0.11277908,-0.30347824,-0.23060754,-0.30409423,-0.35310248,-0.10637942,-0.23400599,-0.34105656,0.12303104,-0.43976417,-0.46419999,0.46718845,-0.3199839,7729000.12892713,0.1783262,0.32665923,0.20426911,-0.31105623,0.35017943,0.07901153,0.63573426,0.1166678,0.03665594,0.34048182,-0.10631233,-0.30824146,-0.22717011,-0.30712757,-0.35087013,-0.1074938,-0.23286735,-0.34303552,0.11854184,-0.4494707,-0.46625337,0.45993507,-0.33111525,7730000.12618302,0.17362487,0.30687547,0.19664463,-0.31245223,0.3470661,0.07812451,0.62862468,0.11547518,0.03444442,0.3490684,-0.11521284,-0.31539592,-0.2254824,-0.30452237,-0.34996745,-0.11042063,-0.23434725,-0.34248522,0.11701254,-0.44532627,-0.46585524,0.44248101,-0.31656185,7731000.12595142,0.17466581,0.30497617,0.19537818,-0.31834769,0.34392336,0.07170817,0.62733948,0.11508338,0.03178935,0.33418944,-0.11464684,-0.31103024,-0.2269439,-0.30295956,-0.35022303,-0.1054976,-0.23822176,-0.34041885,0.12122415,-0.44359469,-0.46484694,0.44373101,-0.31199974,7732000.123831,0.17861786,0.30068183,0.19465466,-0.31869391,0.34322307,0.07236534,0.62691385,0.11527565,0.02972579,0.33423012,-0.11566625,-0.30991828,-0.22316119,-0.30237967,-0.34904546,-0.10762117,-0.23452063,-0.33918187,0.12143312,-0.44253448,-0.46094868,0.43783066,-0.30418345,7733000.12152926,0.17545141,0.29512385,0.18690757,-0.30891475,0.33847794,0.07259927,0.62453324,0.11424842,0.03321327,0.34236974,-0.11677056,-0.30461076,-0.22075914,-0.29995686,-0.3446162,-0.09937599,-0.23858823,-0.33874685,0.1215703,-0.42849556,-0.45879439,0.43083763,-0.3019678,7734000.11644994,0.16855758,0.28480801,0.17688893,-0.30208674,0.3294718,0.07543778,0.62530971,0.11705153,0.04353599,0.34779224,-0.1051553,-0.31171879,-0.21836816,-0.2991966,-0.34019515,-0.09855913,-0.22808659,-0.33675927,0.11403026,-0.42962682,-0.45736557,0.42165914,-0.30403346,7735000.11915273,0.16960764,0.28575465,0.17805344,-0.31008711,0.33170134,0.07918224,0.6280961,0.12021563,0.04119453,0.344569,-0.10986467,-0.31149745,-0.21700309,-0.29584399,-0.34343439,-0.1029809,-0.22492273,-0.33353141,0.11479187,-0.43568954,-0.46013466,0.41978601,-0.31032744,7736000.11814062,0.16974697,0.28597787,0.17957678,-0.30960956,0.33322361,0.07421275,0.62186766,0.11753326,0.03661909,0.33670613,-0.11130646,-0.31928045,-0.21753077,-0.29652163,-0.34019679,-0.09775852,-0.22919329,-0.33614844,0.11913683,-0.43459144,-0.46000624,0.41352272,-0.30931664,7737000.12035661,0.1712188,0.2865037,0.1781919,-0.31103933,0.33023179,0.07790878,0.62112385,0.11725768,0.03654744,0.33170283,-0.1086508,-0.32021013,-0.21540073,-0.29652661,-0.33936694,-0.10384049,-0.22648673,-0.33396211,0.12054528,-0.43595123,-0.45846516,0.41604295,-0.30417427,7738000.11761142,0.1716585,0.27699855,0.17961904,-0.31461754,0.32868633,0.07366546,0.61812741,0.11820611,0.03567553,0.33589724,-0.10970139,-0.30438495,-0.21191476,-0.29827282,-0.337235,-0.09888882,-0.22904676,-0.3322345,0.11407993,-0.42990533,-0.45701239,0.41455328,-0.30582836,7739000.12029667,0.17549168,0.27830201,0.17996423,-0.31125233,0.3297289,0.07525751,0.618339,0.1191078,0.03321536,0.34046704,-0.11235823,-0.3088831,-0.20791437,-0.29613185,-0.33777106,-0.09782574,-0.23613106,-0.33149469,0.11521319,-0.42429453,-0.45353714,0.40915513,-0.30214393,7740000.12060203,0.17508546,0.27720574,0.17629729,-0.31183901,0.33431306,0.07767161,0.62340295,0.11955487,0.03246223,0.33331165,-0.10311896,-0.31928346,-0.20434125,-0.29802841,-0.33425155,-0.09596803,-0.22651073,-0.33165291,0.11831321,-0.42024219,-0.45113757,0.40724349,-0.28965285,7741000.11188238,0.16752504,0.27173004,0.16708142,-0.29913458,0.32642177,0.07706829,0.61924905,0.12068921,0.04325632,0.33627686,-0.10202361,-0.31181976,-0.19729957,-0.29404175,-0.3306416,-0.10247656,-0.22855355,-0.32667664,0.11708255,-0.41518417,-0.45011672,0.40279475,-0.2903327,7742000.11202431,0.16858515,0.27380398,0.16716251,-0.29817826,0.32394192,0.07795674,0.61761391,0.12197732,0.04553046,0.3403303,-0.09890536,-0.30360711,-0.2075426,-0.2929281,-0.33006546,-0.09278985,-0.21747342,-0.3262496,0.11028029,-0.41757995,-0.45013157,0.39758167,-0.30001676,7743000.11413079,0.17295234,0.27050427,0.16942093,-0.30276179,0.32534149,0.07617099,0.62114406,0.12348455,0.04130823,0.32669252,-0.09992188,-0.29522818,-0.20881389,-0.29265597,-0.32946938,-0.09659499,-0.21373031,-0.32681343,0.11212134,-0.42323136,-0.45240551,0.40002289,-0.29826483,7744000.11373422,0.17629908,0.26892215,0.16927014,-0.30518478,0.32374862,0.07921392,0.61623323,0.12241366,0.0406152,0.33943617,-0.10035147,-0.3073425,-0.20128697,-0.29412189,-0.32675493,-0.09408888,-0.21580462,-0.33063576,0.11726006,-0.42285967,-0.45191747,0.40024346,-0.30542585,7745000.11209876,0.17363064,0.26899752,0.170498,-0.30820963,0.32500848,0.07642049,0.6187557,0.12364147,0.04032788,0.3280966,-0.09773999,-0.30251631,-0.20539258,-0.29868618,-0.32688856,-0.09840482,-0.22617853,-0.32642981,0.1146033,-0.42518634,-0.44969103,0.39384633,-0.29278478,7746000.11311351,0.17327332,0.26883537,0.17217687,-0.31114292,0.32772043,0.07795952,0.61846262,0.12370738,0.03753711,0.33707136,-0.09758747,-0.29723731,-0.19777948,-0.30085006,-0.32521534,-0.09884534,-0.22587119,-0.32694802,0.11413433,-0.41518608,-0.44763297,0.39150417,-0.28694159,7747000.11497759,0.17677057,0.27004203,0.17614055,-0.310985,0.32545811,0.07621691,0.61873269,0.12198342,0.0353757,0.33958694,-0.10232027,-0.30594018,-0.19907264,-0.2973744,-0.32269472,-0.09557286,-0.21871507,-0.32669741,0.11604524,-0.41470724,-0.44451764,0.3919701,-0.28901228,7748000.11299781,0.17755723,0.2622788,0.16736922,-0.29804215,0.32259506,0.07812271,0.61541414,0.12341906,0.04157669,0.3294594,-0.09233067,-0.30799252,-0.19731379,-0.29367191,-0.32174546,-0.09525373,-0.22049668,-0.32437211,0.11571784,-0.40675363,-0.4419848,0.39592177,-0.2907058,7749000.1099856,0.17185307,0.26074904,0.16205125,-0.29537654,0.32115805,0.07812324,0.61955184,0.12515692,0.05037492,0.33615479,-0.08931939,-0.3118374,-0.19009443,-0.2952874,-0.31969187,-0.09477285,-0.21323568,-0.32386568,0.11160546,-0.41257223,-0.44266251,0.38948783,-0.28438431,7750000.11029134,0.17189524,0.2657409,0.16691944,-0.29504749,0.32720658,0.07621268,0.61605299,0.12513927,0.04595848,0.32693186,-0.0939719,-0.29712605,-0.19284265,-0.29826009,-0.32073706,-0.09255739,-0.20848289,-0.32372662,0.11685023,-0.4131383,-0.44466707,0.39124745,-0.28953135,7751000.11261842,0.17469063,0.26591286,0.16703518,-0.29893771,0.32174543,0.07721511,0.61944848,0.12554146,0.04300498,0.33171624,-0.09104412,-0.30720183,-0.19636117,-0.29699743,-0.32008064,-0.09535587,-0.22096229,-0.32226774,0.11533727,-0.40979189,-0.44693547,0.39291564,-0.28419867,7752000.113028,0.17604452,0.26845318,0.16684991,-0.29920337,0.31981987,0.07784297,0.61879063,0.1269787,0.04169205,0.33056864,-0.09476344,-0.30900341,-0.18807958,-0.29712021,-0.31816155,-0.09286999,-0.21887226,-0.31956908,0.11369292,-0.41169199,-0.44435528,0.3909854,-0.28725901,7753000.11539916,0.17794186,0.26488006,0.17157198,-0.30697435,0.32664028,0.07303206,0.61794162,0.12650716,0.04063912,0.33300635,-0.09555657,-0.307459,-0.19556561,-0.29616275,-0.31859499,-0.09756528,-0.21708676,-0.31617248,0.1121008,-0.40740156,-0.44287825,0.39423168,-0.28510097,7754000.11162304,0.1805532,0.27158111,0.17290524,-0.30870208,0.32662767,0.07899193,0.62199777,0.12549019,0.03753424,0.33925468,-0.09233638,-0.31513083,-0.19272333,-0.29723808,-0.31695992,-0.09816767,-0.22317114,-0.32016167,0.11723688,-0.40440664,-0.44186929,0.38920766,-0.28634346,7755000.11404333,0.17972401,0.26851794,0.17259802,-0.303215,0.32219699,0.07892554,0.61845452,0.12495246,0.03755154,0.33323607,-0.09169833,-0.30280721,-0.18718819,-0.29426879,-0.31734872,-0.09200976,-0.22717202,-0.31946611,0.11245427,-0.40562126,-0.43874741,0.39281046,-0.27675265,7756000.10858012,0.17537905,0.26219267,0.16380842,-0.29178226,0.32021055,0.07976839,0.61834717,0.12444236,0.04830945,0.33500767,-0.08471153,-0.30351317,-0.18773814,-0.29389071,-0.31475145,-0.09125146,-0.21373574,-0.31791735,0.11450231,-0.40310031,-0.43734744,0.38655218,-0.27665222,7757000.11076996,0.17814055,0.26263702,0.16754363,-0.29843673,0.32439193,0.08367491,0.61948323,0.12622745,0.04721142,0.33620915,-0.08711378,-0.29988196,-0.18771185,-0.29405656,-0.31408519,-0.09237348,-0.21437621,-0.31711709,0.11254717,-0.40806913,-0.44026774,0.38117382,-0.27591422,7758000.11067925,0.17798567,0.26438501,0.16901281,-0.30229637,0.32694864,0.08334049,0.61737609,0.12765607,0.04368928,0.32845592,-0.08785582,-0.30252951,-0.18098463,-0.2921789,-0.31424847,-0.09496383,-0.22428067,-0.31936741,0.11356304,-0.40654832,-0.44311425,0.38381049,-0.28835279,7759000.11084263,0.17918633,0.2659547,0.16783237,-0.30348748,0.32431486,0.08209811,0.6180774,0.12795915,0.04270748,0.33599615,-0.08689322,-0.30217463,-0.18240666,-0.29107663,-0.31267506,-0.09220004,-0.22375536,-0.31922644,0.11392803,-0.40630937,-0.44038868,0.39868125,-0.28704712,7760000.11433012,0.17928819,0.26857471,0.17015862,-0.30165154,0.32297978,0.08455814,0.62042671,0.12816398,0.03977384,0.32268146,-0.0869217,-0.30420887,-0.18019879,-0.29672256,-0.31125858,-0.08903396,-0.20583358,-0.31559703,0.1147619,-0.40409306,-0.43925914,0.39055392,-0.28354359,7761000.11397288,0.18249461,0.26757357,0.17333019,-0.30205444,0.3217991,0.08042047,0.62097126,0.12818915,0.03842048,0.32674977,-0.08954521,-0.30095458,-0.17888917,-0.29880199,-0.31212786,-0.09153955,-0.21811658,-0.31433722,0.1110588,-0.40093839,-0.43729869,0.39522713,-0.27297691,7762000.11653471,0.18205345,0.26750821,0.17284036,-0.30572531,0.32550943,0.07723469,0.61742842,0.12663692,0.03763192,0.33686814,-0.08583031,-0.29522824,-0.17230202,-0.2929917,-0.31226292,-0.09210119,-0.2152335,-0.31577361,0.11861077,-0.40294912,-0.43570581,0.39327165,-0.26885253,7763000.11425917,0.17683245,0.26098332,0.16439763,-0.29368022,0.3247638,0.08228356,0.61617053,0.12676822,0.0473736,0.33727065,-0.07994398,-0.29600972,-0.1777536,-0.29061568,-0.30955487,-0.09212284,-0.2090019,-0.31651011,0.11217312,-0.40102506,-0.43254891,0.39209476,-0.27701166,7764000.11221933,0.18019852,0.2598528,0.1665027,-0.29268098,0.32507271,0.08301476,0.61916929,0.12827295,0.04819317,0.34215319,-0.07989758,-0.29572046,-0.17663355,-0.29236531,-0.30879843,-0.08798854,-0.20356932,-0.31330115,0.1125509,-0.40144566,-0.43332437,0.39606771,-0.27705294,7765000.11707606,0.18021812,0.26450694,0.16820364,-0.29801831,0.32823339,0.08609995,0.61801302,0.12812348,0.04259629,0.32799512,-0.08289181,-0.29677793,-0.17406127,-0.29415756,-0.30969384,-0.0887908,-0.21036221,-0.31727657,0.11081713,-0.40146562,-0.43574378,0.39055231,-0.272995,7766000.1160648,0.18082109,0.26164502,0.17102988,-0.30189922,0.33002123,0.07988247,0.6198647,0.12906887,0.0419544,0.33010566,-0.08495434,-0.29067734,-0.17188615,-0.29315296,-0.30883703,-0.08684903,-0.21859708,-0.31229258,0.11120354,-0.40256593,-0.43495223,0.38737187,-0.28197497,7767000.11750512,0.18151744,0.26333544,0.17292996,-0.30158931,0.32562518,0.08424111,0.61985582,0.12914522,0.04119694,0.32038718,-0.08514372,-0.30075577,-0.17532319,-0.29505998,-0.30803642,-0.08571857,-0.21065807,-0.31651342,0.11553983,-0.40399426,-0.43519822,0.39104974,-0.2751005,7768000.11522777,0.1830536,0.26633713,0.17501283,-0.30387709,0.32295352,0.08112563,0.62206084,0.13037494,0.03906533,0.33191869,-0.0844367,-0.29662415,-0.169697,-0.29577842,-0.30762991,-0.09275513,-0.20109579,-0.31449971,0.11325371,-0.39772043,-0.43285331,0.3973183,-0.27534315,7769000.11825101,0.18488528,0.26654026,0.17774802,-0.30426288,0.3298173,0.08343199,0.61752999,0.1297377,0.03600064,0.33018473,-0.08687733,-0.29384682,-0.16843443,-0.29236066,-0.30823889,-0.08813434,-0.20580146,-0.31429094,0.1178549,-0.38978115,-0.43122518,0.39989233,-0.27456614,7770000.11562625,0.18018781,0.26432097,0.1685009,-0.29156885,0.32412174,0.08585139,0.61564749,0.13133374,0.04249765,0.32783943,-0.07616328,-0.28840131,-0.1723332,-0.29058024,-0.30587071,-0.08295485,-0.20771563,-0.31534863,0.1133905,-0.39296722,-0.4284592,0.39626062,-0.26937103,7771000.1117596,0.17821363,0.2596671,0.16535752,-0.28834239,0.31974864,0.08804943,0.61662692,0.13186526,0.05073362,0.33754635,-0.07985335,-0.27982822,-0.15975982,-0.29096738,-0.30397752,-0.08703025,-0.19500716,-0.31093565,0.11587156,-0.39528549,-0.4304966,0.3914251,-0.27239648,7772000.11215629,0.18064018,0.26147243,0.16871424,-0.29310036,0.32710341,0.08025576,0.62231201,0.13068387,0.04797143,0.33242241,-0.0805651,-0.28663135,-0.16608454,-0.29337752,-0.30306417,-0.08616183,-0.19597714,-0.31388405,0.12159111,-0.39554927,-0.43270421,0.3890062,-0.27164477,7773000.11007708,0.18095511,0.26656473,0.16937347,-0.29402149,0.32646042,0.08120877,0.61800331,0.13110638,0.04449316,0.3266376,-0.08217169,-0.28488806,-0.1659718,-0.29129592,-0.30474535,-0.08204232,-0.20474175,-0.31151602,0.11711083,-0.39876384,-0.43356428,0.39235952,-0.27593154,7774000.11411549,0.18410306,0.26499453,0.1695132,-0.29575443,0.32526538,0.08022885,0.61757529,0.12907057,0.04202935,0.33076468,-0.08172502,-0.28608719,-0.16739455,-0.29278886,-0.30295286,-0.08290128,-0.1974145,-0.31083593,0.11713811,-0.39890555,-0.4318639,0.39045182,-0.27555007,7775000.11633057,0.18695664,0.26088965,0.16992919,-0.29884979,0.32405707,0.08188579,0.6233409,0.12910205,0.04174593,0.32977551,-0.08610959,-0.28263429,-0.16403747,-0.2940501,-0.30379933,-0.08648735,-0.20742849,-0.31289348,0.12244356,-0.39474538,-0.43227014,0.3944751,-0.27465668,7776000.11599369,0.18496588,0.26474306,0.17430525,-0.2984595,0.32683352,0.0755487,0.61980784,0.12987794,0.03921566,0.32786998,-0.08640096,-0.29953784,-0.16353047,-0.2962355,-0.30188698,-0.0803977,-0.20584202,-0.31379062,0.11962073,-0.38556692,-0.43184268,0.39696649,-0.2705794,7777000.11226094,0.18792765,0.27085203,0.17358269,-0.29703745,0.32905671,0.07776276,0.62080663,0.13128613,0.03936358,0.33183566,-0.08748711,-0.29746509,-0.16169345,-0.29297876,-0.30148277,-0.09096882,-0.20411265,-0.31264383,0.11957399,-0.39175868,-0.42945278,0.40108511,-0.27225384,7778000.10992872,0.1821204,0.26122662,0.16276886,-0.28575739,0.32105488,0.0847382,0.62196189,0.12926772,0.05116393,0.33326733,-0.07864241,-0.30013934,-0.16343677,-0.29171273,-0.29843712,-0.08337072,-0.196537,-0.31194228,0.11908911,-0.39051878,-0.42770806,0.39496112,-0.27325964,7779000.10954782,0.18498643,0.25881043,0.16376112,-0.28756282,0.32327354,0.08711258,0.62266463,0.12768038,0.05141747,0.33669358,-0.07970767,-0.29321206,-0.16081111,-0.29097453,-0.29917869,-0.08117384,-0.20066769,-0.31188318,0.11512244,-0.38694337,-0.43074271,0.39693144,-0.27677214,7780000.11002553,0.18388598,0.25950757,0.16578494,-0.29185018,0.32270855,0.07953668,0.62472022,0.12953125,0.04659774,0.3347913,-0.0842768,-0.28614053,-0.16629817,-0.28980207,-0.30104172,-0.08156537,-0.20200187,-0.31423268,0.11686452,-0.39496201,-0.43415216,0.3928073,-0.27453941,7781000.11187162,0.1828198,0.26361132,0.16585414,-0.29445851,0.3255094,0.0809183,0.62379545,0.12643227,0.04462944,0.32739189,-0.08608576,-0.28809726,-0.16552858,-0.29436767,-0.30011284,-0.08281711,-0.18335725,-0.31269237,0.12077466,-0.40288702,-0.43627021,0.39459461,-0.27215552,7782000.11349387,0.18310091,0.26285538,0.16961788,-0.29662317,0.32295164,0.0809,0.62406892,0.12695286,0.0443184,0.32821259,-0.09045131,-0.29372528,-0.16222158,-0.29359925,-0.3010757,-0.08611862,-0.20273431,-0.31175151,0.11280619,-0.39879414,-0.4344911,0.38907793,-0.2754595,7783000.11153559,0.1850666,0.26723203,0.17302488,-0.30006838,0.3255733,0.08516341,0.62249011,0.12515765,0.04144713,0.32725197,-0.09436421,-0.30538169,-0.16916311,-0.2927627,-0.30197084,-0.08462694,-0.21263178,-0.31414363,0.11454391,-0.39185107,-0.43393829,0.39575052,-0.27343932,7784000.11549351,0.18756185,0.26445708,0.1746939,-0.3056674,0.32775971,0.08155596,0.62137759,0.12463698,0.03899846,0.32604983,-0.09391943,-0.30643499,-0.16453238,-0.29740563,-0.30234212,-0.08597677,-0.1964785,-0.31400952,0.12101986,-0.39754224,-0.43218935,0.38762778,-0.27389577,7785000.11654502,0.18672846,0.26540977,0.17124838,-0.29939935,0.32647356,0.07960815,0.62240231,0.12719557,0.03954666,0.33613628,-0.09297733,-0.2958636,-0.16612266,-0.29604843,-0.30134782,-0.08916472,-0.20638032,-0.31418195,0.11601996,-0.38993496,-0.43011612,0.39217967,-0.27095261,7786000.11089402,0.18390566,0.25771746,0.16238546,-0.28699225,0.32505989,0.0834488,0.62153828,0.12869059,0.05155179,0.32392013,-0.08423333,-0.29398656,-0.16592284,-0.29390132,-0.29929498,-0.08715858,-0.20813663,-0.31091282,0.11246373,-0.39409652,-0.43178222,0.38930863,-0.2637803,7787000.10875212,0.18091127,0.26365051,0.16418706,-0.291913,0.32280976,0.08256398,0.62253356,0.12770113,0.05109066,0.32541478,-0.08642314,-0.28774774,-0.16436234,-0.29184854,-0.29927123,-0.08344603,-0.20221089,-0.31231394,0.11506414,-0.3975617,-0.43462494,0.3876777,-0.27456376,7788000.10955655,0.18116106,0.26169023,0.16652562,-0.29519156,0.32375997,0.07865555,0.62398016,0.12646233,0.04763981,0.32910228,-0.09086294,-0.28491724,-0.17257379,-0.28984901,-0.30110034,-0.0844325,-0.20868409,-0.31056473,0.11931774,-0.39766288,-0.43756667,0.38585931,-0.26910439,7789000.11071844,0.18066302,0.26099852,0.16660669,-0.29708651,0.32332307,0.07886626,0.62068808,0.12674797,0.04782361,0.33117339,-0.09552047,-0.2875843,-0.1696981,-0.29017478,-0.30202088,-0.08058747,-0.20550191,-0.30860505,0.11888148,-0.39854148,-0.43840072,0.38962114,-0.2756947,7790000.1126466,0.18050329,0.26739445,0.16724357,-0.29883245,0.32260197,0.07758931,0.62157309,0.12602872,0.04621527,0.32842857,-0.0976866,-0.29912925,-0.16830358,-0.29567936,-0.30232897,-0.0850218,-0.20903338,-0.31368768,0.11939554,-0.39204416,-0.43887094,0.39063174,-0.274829,7791000.11374859,0.18291619,0.26452163,0.16939726,-0.30193564,0.32408205,0.07662977,0.62239844,0.12268534,0.04351592,0.3215996,-0.09566837,-0.30419526,-0.17427032,-0.2923021,-0.29957896,-0.08575363,-0.20366499,-0.31448475,0.1186494,-0.39450476,-0.43734032,0.38873968,-0.27621782,7792000.11335128,0.18696529,0.26675171,0.17294046,-0.30625683,0.322373,0.07777234,0.62178302,0.12391604,0.04082819,0.32429442,-0.09573971,-0.29989567,-0.16938975,-0.2941497,-0.3023136,-0.08807516,-0.20420216,-0.31364518,0.117303,-0.39405289,-0.43722063,0.38765317,-0.27052543,7793000.11184326,0.18487154,0.26181716,0.16807503,-0.30002609,0.32463554,0.07638043,0.6217438,0.12403701,0.04426543,0.32982776,-0.09944715,-0.29355744,-0.16893969,-0.29164806,-0.30134517,-0.0873932,-0.20221163,-0.30988479,0.11847094,-0.38495651,-0.43595457,0.39386755,-0.27358648,7794000.10914298,0.18266718,0.26190665,0.16102271,-0.28941816,0.31703779,0.08641326,0.61976773,0.12368445,0.05499371,0.32909971,-0.09259444,-0.29468781,-0.16876259,-0.2877017,-0.29871267,-0.08159453,-0.20644732,-0.30986539,0.11938813,-0.39475563,-0.43612018,0.38513234,-0.2767432,7795000.10942709,0.18039702,0.26255444,0.16448908,-0.29354829,0.32141972,0.08373962,0.62340492,0.12533736,0.0521569,0.32758316,-0.09516189,-0.30257139,-0.16463725,-0.28501534,-0.30013135,-0.07749321,-0.20313033,-0.30828995,0.11380178,-0.40020859,-0.43803161,0.3901701,-0.27428761,7796000.11171993,0.1833676,0.26185623,0.16398022,-0.29677406,0.32392663,0.08158291,0.62356567,0.12492782,0.05001776,0.32615039,-0.09824115,-0.2955887,-0.16585191,-0.28974369,-0.30213964,-0.07606623,-0.19282414,-0.31043154,0.11315422,-0.40152535,-0.43847194,0.39157602,-0.27859363,7797000.11218894,0.17721957,0.26047382,0.16654907,-0.2965993,0.32264322,0.08004467,0.62280631,0.12344641,0.05038165,0.33106124,-0.09664053,-0.30239934,-0.16988291,-0.28807962,-0.30415094,-0.08168531,-0.1883955,-0.31198177,0.1164244,-0.39800867,-0.43835187,0.38290799,-0.27601022,7798000.11022242,0.18219474,0.26518115,0.16770653,-0.30262128,0.32314521,0.08094264,0.62126744,0.12499407,0.04766915,0.33053151,-0.10100248,-0.3027176,-0.16714332,-0.28537944,-0.3036938,-0.07908898,-0.2080079,-0.31138486,0.11433059,-0.38551444,-0.43974614,0.3918114,-0.28103623,7799000.11155661,0.18388696,0.26031369,0.1695354,-0.30278546,0.32574025,0.07466431,0.62182057,0.12315088,0.04476485,0.325333,-0.10516707,-0.30471832,-0.17279719,-0.29113874,-0.30221581,-0.07909316,-0.20048372,-0.31004634,0.11826278,-0.38935041,-0.4387283,0.38514933,-0.27589685,7800000.11277006,0.18556547,0.2615416,0.1696032,-0.30230218,0.32374862,0.08237772,0.6199218,0.12453091,0.04404825,0.31928357,-0.10021214,-0.30275598,-0.16716917,-0.28801832,-0.30243814,-0.08160453,-0.19469233,-0.30970731,0.12042335,-0.39356622,-0.4375191,0.38612264,-0.26942053,7801000.11005913,0.17999448,0.2585932,0.16010003,-0.28982651,0.31953949,0.08504288,0.62242681,0.12410709,0.05599349,0.32492986,-0.09503247,-0.29596651,-0.16984628,-0.28650242,-0.30014953,-0.07475132,-0.2080524,-0.31200019,0.11928092,-0.39756751,-0.43604761,0.39211446,-0.2758826,7802000.11011963,0.17975113,0.25845209,0.16284734,-0.29171973,0.32233483,0.08705185,0.61934012,0.12369104,0.0577877,0.33252811,-0.09218006,-0.30561295,-0.16944782,-0.28523669,-0.30069184,-0.07917913,-0.20210673,-0.30859354,0.11912832,-0.3966327,-0.43837863,0.38616997,-0.2797049,7803000.11181097,0.1830105,0.26237524,0.16363357,-0.29205921,0.32242489,0.08838627,0.61864841,0.12399048,0.05161339,0.32419595,-0.09484881,-0.3059254,-0.17188558,-0.28163037,-0.3014504,-0.07585648,-0.20535646,-0.30820638,0.11511295,-0.39587402,-0.44036403,0.38568214,-0.28098559,7804000.11067925,0.18415262,0.25984025,0.16564643,-0.29318419,0.32345358,0.08494406,0.61877906,0.12227675,0.05163655,0.32761586,-0.09963849,-0.30173397,-0.17224798,-0.28208342,-0.30215505,-0.07585276,-0.19779362,-0.30987686,0.12606733,-0.39658782,-0.440732,0.390688,-0.28037375,7805000.11126022,0.182162,0.26402688,0.16763692,-0.29639733,0.3257018,0.08294832,0.62184721,0.12372038,0.05081581,0.32411927,-0.09975536,-0.29642344,-0.16800664,-0.28543907,-0.30292454,-0.08009711,-0.18566467,-0.30851534,0.12501347,-0.39636302,-0.44049871,0.38721636,-0.28569216,7806000.11353391,0.18501459,0.26297009,0.16945444,-0.29844803,0.31818914,0.0877256,0.6211589,0.12215023,0.04733787,0.32518736,-0.10658312,-0.30164102,-0.16765171,-0.28782079,-0.30332768,-0.07784437,-0.19788474,-0.31211638,0.11318815,-0.39377847,-0.44044223,0.3944743,-0.27515954,7807000.11541183,0.18750748,0.26357186,0.17109723,-0.30102172,0.3220264,0.08473857,0.61858028,0.12259892,0.0455884,0.32727066,-0.1050385,-0.3075417,-0.17560305,-0.28565633,-0.30317485,-0.07792598,-0.20223671,-0.30839598,0.1188387,-0.39826486,-0.43886474,0.39369711,-0.27493006,7808000.10784046,0.18160386,0.26012123,0.16149819,-0.28679216,0.31470865,0.08361025,0.61575347,0.12265911,0.05424473,0.3316226,-0.09943621,-0.29980949,-0.16615577,-0.28244022,-0.3003566,-0.07604952,-0.20260915,-0.30670649,0.12089944,-0.38922933,-0.43641773,0.38195276,-0.27701008,7809000.10790073,0.1834214,0.25576752,0.1589319,-0.28472742,0.31638414,0.0892033,0.61980021,0.12345541,0.05929327,0.33055231,-0.09266724,-0.29795825,-0.16777889,-0.28244105,-0.29905981,-0.06754485,-0.19735938,-0.30796856,0.11829488,-0.39976981,-0.43821138,0.38468915,-0.27914333,7810000.10750097,0.18369924,0.25764546,0.16162167,-0.28799769,0.32110122,0.08582684,0.62111765,0.12571566,0.05615979,0.33421832,-0.1002156,-0.3128514,-0.174226,-0.28274488,-0.30334482,-0.07818126,-0.19577445,-0.30871394,0.11926015,-0.39997187,-0.44172496,0.38875276,-0.28700471,7811000.1113116,0.18586922,0.26249698,0.1637491,-0.29295933,0.32011411,0.0826871,0.62282938,0.12359519,0.05236378,0.32951173,-0.10480598,-0.31033877,-0.17733306,-0.28392738,-0.30376732,-0.07548752,-0.19417571,-0.30682942,0.12458285,-0.38643607,-0.44283217,0.38777626,-0.28400666,7812000.1096597,0.18446788,0.26021114,0.16351803,-0.29017928,0.32146156,0.08275917,0.62371546,0.12125148,0.05174252,0.33411187,-0.10254043,-0.30195689,-0.17876594,-0.2835333,-0.30327103,-0.07767201,-0.19349137,-0.31343487,0.1195647,-0.39346009,-0.44267827,0.38997871,-0.28544086,7813000.10868325,0.18347107,0.25978258,0.1654615,-0.29485458,0.32604894,0.08003107,0.62227678,0.12354429,0.04935329,0.32931837,-0.10474686,-0.31190613,-0.17852336,-0.28144461,-0.3047795,-0.08185186,-0.19939406,-0.31269825,0.11774014,-0.38999546,-0.44319221,0.39014444,-0.28468731,7814000.11029201,0.1835824,0.26046732,0.17017205,-0.29803538,0.31964958,0.08530992,0.62204629,0.12163781,0.04581192,0.32652992,-0.11127383,-0.31141463,-0.17656207,-0.28502107,-0.30315551,-0.07897022,-0.19292076,-0.31229857,0.11855202,-0.39752525,-0.44133848,0.3875252,-0.27960205,7815000.11165921,0.18000792,0.26061437,0.16677934,-0.29301929,0.32074437,0.08558905,0.62105823,0.12185904,0.04731682,0.32414696,-0.10972743,-0.31008419,-0.18358076,-0.28382516,-0.30259413,-0.07744557,-0.19062804,-0.30774873,0.11910776,-0.3895745,-0.44072244,0.39406165,-0.28405729,7816000.110437,0.17966665,0.25209567,0.15787348,-0.28139257,0.31436327,0.09043099,0.62388408,0.12432855,0.0569809,0.32566467,-0.10303219,-0.30666065,-0.1823732,-0.28385699,-0.30244461,-0.08028612,-0.1917654,-0.30780149,0.12079921,-0.39205122,-0.44102901,0.39441073,-0.29086667,7817000.10954782,0.17589089,0.25457585,0.15941444,-0.28656974,0.31592765,0.09139658,0.62386936,0.12292039,0.05549582,0.32663473,-0.10178319,-0.30662125,-0.17494862,-0.28255379,-0.30192149,-0.07415949,-0.19842768,-0.30712742,0.11671282,-0.40191489,-0.4447886,0.38699451,-0.29359233,7818000.10913923,0.17818806,0.26287544,0.1625919,-0.29138857,0.31919888,0.08979541,0.6256178,0.12124687,0.0507934,0.33167747,-0.11324075,-0.31309325,-0.17812632,-0.28093037,-0.30402473,-0.07757329,-0.20457573,-0.31101012,0.11980084,-0.40461624,-0.44714469,0.38582101,-0.2847181,7819000.1093844,0.17806938,0.25855899,0.16339041,-0.29031724,0.3185114,0.08207572,0.62617874,0.12160547,0.04915221,0.32523668,-0.11202854,-0.31618059,-0.17865597,-0.28393957,-0.3054297,-0.07973067,-0.20099206,-0.31770375,0.11132991,-0.39923871,-0.44907403,0.38623136,-0.28737971,7820000.10512879,0.17862605,0.26217705,0.16497537,-0.29695359,0.31906146,0.07940388,0.62591046,0.12024487,0.04767303,0.32899863,-0.12050585,-0.31438509,-0.18251023,-0.28003475,-0.30682501,-0.08234812,-0.19416076,-0.31307262,0.11296295,-0.40719706,-0.45116091,0.37880674,-0.28604212,7821000.10932411,0.17689754,0.26226676,0.16739395,-0.29891807,0.31612265,0.08035689,0.6249941,0.11883304,0.04483389,0.32915488,-0.12585962,-0.31332365,-0.17824762,-0.28050941,-0.3074964,-0.07624908,-0.19062668,-0.31437558,0.12478171,-0.40748429,-0.44915244,0.37862465,-0.28543878,7822000.11165676,0.17949326,0.26005766,0.16903684,-0.30194372,0.32242489,0.08058315,0.62271875,0.11851883,0.04170299,0.3236334,-0.12056419,-0.31074154,-0.19184355,-0.28295377,-0.30872002,-0.07643646,-0.19665647,-0.31434944,0.12177392,-0.40584326,-0.44787514,0.38883704,-0.28685188,7823000.11224971,0.18214795,0.26167709,0.16553032,-0.29428512,0.31808954,0.08213938,0.62332761,0.1184006,0.04334815,0.32129964,-0.12188136,-0.31049451,-0.19112736,-0.282693,-0.30785349,-0.07985369,-0.20355894,-0.311165,0.12704316,-0.40852568,-0.44606835,0.38720286,-0.2876386,7824000.10638395,0.17783204,0.25293818,0.15583222,-0.28518596,0.31109238,0.08526338,0.62457782,0.11909731,0.05559279,0.32460248,-0.1166584,-0.31416324,-0.1852451,-0.27915898,-0.30629477,-0.07554358,-0.20144996,-0.31286576,0.11960392,-0.39957622,-0.44604081,0.38577089,-0.29084742,7825000.10556722,0.17810397,0.26075527,0.16066435,-0.2932747,0.31830278,0.08684598,0.62613064,0.11971596,0.0532493,0.34052098,-0.11665937,-0.31219363,-0.18941441,-0.2785643,-0.3071577,-0.07986417,-0.19618791,-0.31579211,0.11459842,-0.40714148,-0.45023975,0.38328743,-0.29306951,7826000.10913056,0.17908835,0.26277927,0.16139087,-0.2950677,0.32101113,0.08267581,0.62494153,0.1181634,0.04845545,0.33866537,-0.12165646,-0.3101601,-0.19204307,-0.27913567,-0.31105909,-0.0807958,-0.20068689,-0.31478226,0.11481208,-0.40801731,-0.45263067,0.38585058,-0.29067028,7827000.10940579,0.17813864,0.26374698,0.16403873,-0.29738495,0.31788102,0.0846861,0.62584847,0.11772814,0.04719448,0.32926878,-0.12442643,-0.31176603,-0.1930279,-0.27613172,-0.31094033,-0.08639839,-0.20469558,-0.31564352,0.10992694,-0.41196302,-0.45354462,0.38047275,-0.29139975,7828000.10840809,0.17702104,0.26211295,0.16373852,-0.29654858,0.31718922,0.07872752,0.6269964,0.11652296,0.04573753,0.33361828,-0.12852763,-0.31452578,-0.19384898,-0.27580523,-0.31349987,-0.08790704,-0.19241457,-0.31668082,0.11745437,-0.40986001,-0.45392019,0.37767726,-0.29373252,7829000.10928504,0.17840344,0.26328504,0.16615556,-0.30122831,0.31793323,0.07321164,0.62973088,0.11629295,0.04281971,0.33243126,-0.12828979,-0.32454535,-0.1922458,-0.27628917,-0.31251815,-0.0795232,-0.20280552,-0.31758824,0.11953567,-0.40555412,-0.45469299,0.38112006,-0.28658396,7830000.11367782,0.17866567,0.26561165,0.16846846,-0.30328661,0.32070622,0.07744764,0.62455899,0.11626291,0.03986245,0.33033016,-0.13294627,-0.320553,-0.19184995,-0.27901056,-0.31161991,-0.08516189,-0.20423906,-0.31543881,0.11970903,-0.40551177,-0.45186716,0.38856015,-0.28849477,7831000.11101766,0.17629173,0.26028162,0.16313852,-0.29888818,0.31641272,0.07937934,0.62697119,0.11501641,0.04556159,0.32357371,-0.12398444,-0.31566849,-0.1917733,-0.28042731,-0.31218675,-0.08416964,-0.20081373,-0.31293881,0.12043856,-0.40870178,-0.44970286,0.38296124,-0.28246835,7832000.11076339,0.17589281,0.25643185,0.15720432,-0.29048598,0.3145895,0.08572225,0.62405092,0.11921361,0.05489517,0.3361524,-0.11979475,-0.31270021,-0.19462569,-0.27737549,-0.31173238,-0.07890228,-0.21089357,-0.31283823,0.11808772,-0.40424889,-0.4514291,0.38542467,-0.28956929,7833000.10883769,0.17516753,0.26292649,0.16001907,-0.29219833,0.31816542,0.07920454,0.62888503,0.11774718,0.05024682,0.34319952,-0.12239838,-0.317384,-0.19663718,-0.27938166,-0.31391165,-0.08473896,-0.22342885,-0.31968087,0.11627304,-0.4102731,-0.4563106,0.3879084,-0.30340108,7834000.10740221,0.17562638,0.25978866,0.16217873,-0.29983813,0.31953949,0.07836666,0.62647104,0.1154542,0.04692849,0.33392113,-0.12417378,-0.31535161,-0.19784467,-0.27764803,-0.31386343,-0.08387263,-0.21367808,-0.31742975,0.11919888,-0.41168547,-0.45519459,0.38057029,-0.29775622,7835000.10759559,0.1787962,0.25962913,0.16269895,-0.2988835,0.3204636,0.08013273,0.62724113,0.11704993,0.04609311,0.3345179,-0.12427873,-0.32127753,-0.19384818,-0.2797381,-0.31577808,-0.0851509,-0.21185179,-0.31369194,0.11600585,-0.41634235,-0.45663059,0.38881138,-0.28862512,7836000.10696394,0.17538463,0.26028818,0.1651146,-0.30195481,0.31735989,0.07492393,0.62653631,0.11733808,0.04483747,0.33803284,-0.12361833,-0.31326222,-0.1942717,-0.28411698,-0.31547403,-0.08651517,-0.20582047,-0.31647319,0.11749265,-0.41534898,-0.45634234,0.38892394,-0.29917049,7837000.11309661,0.17779852,0.25929022,0.16851434,-0.30532905,0.31693825,0.07466814,0.62859839,0.11711022,0.04263649,0.33851483,-0.12868463,-0.32140082,-0.1980848,-0.28513867,-0.31656972,-0.0844117,-0.21602699,-0.31974977,0.12278593,-0.41036823,-0.45585272,0.38496128,-0.29402462,7838000.11351456,0.18132727,0.25850365,0.16811834,-0.30271393,0.31954226,0.08273648,0.62562501,0.11644004,0.04111686,0.34036657,-0.12266051,-0.32026416,-0.202797,-0.28129822,-0.31719908,-0.08826436,-0.20923354,-0.32034999,0.12310971,-0.40522629,-0.45327133,0.38264093,-0.29797721,7839000.1086471,0.17474084,0.25984597,0.15994166,-0.28894886,0.31737751,0.08791575,0.62621415,0.11804163,0.05178869,0.33732122,-0.11548329,-0.30673224,-0.196247,-0.28246513,-0.31424451,-0.08719161,-0.20209044,-0.32113177,0.12247668,-0.41471282,-0.45321628,0.38754085,-0.29622218,7840000.10778897,0.17629015,0.25546163,0.1622144,-0.29197592,0.31706613,0.08377216,0.62619448,0.12023775,0.05380794,0.34374881,-0.11282943,-0.31619659,-0.19773927,-0.27722207,-0.3146877,-0.08812024,-0.20654868,-0.32069293,0.12106378,-0.42036638,-0.45626101,0.38071379,-0.29863641,7841000.10762569,0.17467222,0.26194578,0.16447884,-0.29603124,0.31469414,0.07990289,0.63008094,0.1213266,0.04937596,0.34395403,-0.11695828,-0.31889698,-0.19877066,-0.27958408,-0.31805274,-0.08824668,-0.21743339,-0.32117313,0.12342058,-0.4211131,-0.4584201,0.38091692,-0.30493632,7842000.10839935,0.1765587,0.25989792,0.16423607,-0.29326978,0.31829739,0.0845327,0.62796688,0.11933444,0.04861336,0.32243216,-0.11930498,-0.31176624,-0.19908501,-0.28018275,-0.31875932,-0.0844245,-0.22007304,-0.32053906,0.12429228,-0.42584085,-0.45849413,0.38518494,-0.30326143,7843000.10933647,0.1792631,0.26188838,0.16483717,-0.29773906,0.32109314,0.07879879,0.6297549,0.11979257,0.04755173,0.33915848,-0.11548989,-0.31570208,-0.20271526,-0.2793577,-0.31943563,-0.08446758,-0.21566319,-0.3237192,0.12337795,-0.42131031,-0.45851922,0.38955441,-0.29748207,7844000.11122066,0.17842066,0.26022413,0.16689509,-0.30095038,0.32047719,0.08094264,0.63063461,0.12044684,0.04554184,0.33788612,-0.1174003,-0.32461813,-0.19812377,-0.28165105,-0.31919715,-0.08544124,-0.21937093,-0.31947881,0.12241586,-0.41436911,-0.45746702,0.38887733,-0.29304498,7845000.1123218,0.17927244,0.26118359,0.17177522,-0.30407596,0.31943887,0.07943148,0.63027149,0.11831104,0.04282253,0.34360233,-0.11961474,-0.30961138,-0.19458464,-0.27988303,-0.31939453,-0.08649802,-0.20850614,-0.32266527,0.11895331,-0.41313487,-0.4553073,0.38822526,-0.29353651,7846000.1097865,0.17873025,0.2586697,0.16574699,-0.29328141,0.31766057,0.08044624,0.62766987,0.11984463,0.04654212,0.34109285,-0.11287132,-0.30654681,-0.20659432,-0.27821416,-0.31861261,-0.08932935,-0.21244352,-0.31944945,0.11679674,-0.40758687,-0.45460942,0.382615,-0.29177415,7847000.10446503,0.18004054,0.25776872,0.1594792,-0.28780279,0.31220835,0.08520294,0.62596041,0.12101402,0.05757154,0.33757332,-0.10099974,-0.30745655,-0.19658911,-0.28035536,-0.315626,-0.08715755,-0.21506959,-0.31507263,0.11442199,-0.40671745,-0.45512709,0.38303232,-0.29288951,7848000.1067105,0.17530027,0.25884238,0.16135879,-0.29004455,0.31968132,0.08735451,0.62916571,0.12234837,0.05517622,0.34912336,-0.10152633,-0.31010607,-0.19573595,-0.27722192,-0.31804258,-0.08494805,-0.20029327,-0.32205769,0.12050831,-0.42350167,-0.45920965,0.37514228,-0.3008773,7849000.10834784,0.17725828,0.25657928,0.16194786,-0.29605556,0.31660199,0.08745418,0.62892985,0.12177027,0.05007729,0.33451894,-0.10474249,-0.31689006,-0.20741034,-0.27904177,-0.32059053,-0.08528853,-0.2083223,-0.32603014,0.12244469,-0.42522115,-0.46156409,0.37844935,-0.30509764,7850000.10921225,0.18063471,0.25817123,0.16081639,-0.29383448,0.31433412,0.0781675,0.62899476,0.12231272,0.04923149,0.34390748,-0.10997813,-0.31767428,-0.20153618,-0.27904359,-0.32107666,-0.08558828,-0.20779701,-0.32941964,0.12131536,-0.42135358,-0.46229219,0.38198817,-0.29696718,7851000.10879507,0.1778128,0.26103666,0.16385473,-0.29724455,0.31886119,0.07882149,0.63264745,0.11929387,0.04637987,0.35379937,-0.10825542,-0.3132022,-0.19619237,-0.27882773,-0.32289872,-0.08658696,-0.2106916,-0.32332715,0.12660287,-0.41830486,-0.46146423,0.37977704,-0.30026519,7852000.11169896,0.17754871,0.26286602,0.16638616,-0.30153179,0.3161712,0.08292983,0.63324589,0.12135301,0.04425422,0.33964038,-0.10718057,-0.31325385,-0.203742,-0.28276256,-0.32324952,-0.08955579,-0.20713314,-0.32525292,0.12188873,-0.41919765,-0.46101105,0.38176635,-0.29696685,7853000.11462627,0.1832941,0.26033226,0.16559857,-0.30103058,0.32011744,0.075737,0.63031155,0.12244137,0.04361399,0.34540948,-0.10383745,-0.32637802,-0.20405242,-0.27984685,-0.32336861,-0.09291708,-0.20585747,-0.32548445,0.12671968,-0.40945467,-0.45838425,0.38867459,-0.2930052,7854000.10942996,0.17927645,0.26379281,0.16002244,-0.29449922,0.3182486,0.07398464,0.62681919,0.11772086,0.0478648,0.34213057,-0.09851393,-0.30984733,-0.20099963,-0.28007215,-0.32310098,-0.09255681,-0.21665615,-0.31992361,0.12407437,-0.40849087,-0.45763102,0.37929103,-0.2903336,7855000.1061822,0.17612275,0.26000643,0.15506129,-0.28535882,0.31821749,0.08623584,0.6274007,0.11890912,0.05807288,0.35161895,-0.09388847,-0.31287032,-0.19920474,-0.28077897,-0.32230052,-0.09315871,-0.21386312,-0.32213625,0.12312983,-0.41769183,-0.45842278,0.38588226,-0.29671049,7856000.10748385,0.17262259,0.26156205,0.15371129,-0.29389673,0.3213715,0.08267181,0.6305244,0.12163037,0.05362263,0.35192657,-0.09648994,-0.306207,-0.20221359,-0.27685821,-0.32278591,-0.09077452,-0.20832415,-0.32326862,0.11946236,-0.42013797,-0.46298423,0.37890118,-0.29769674,7857000.11030405,0.17134926,0.26174128,0.15668444,-0.29439202,0.31998599,0.08545226,0.63415843,0.1222023,0.04909398,0.35172534,-0.09649406,-0.31085849,-0.20714639,-0.27704588,-0.32446739,-0.09450631,-0.21434686,-0.32627439,0.11622944,-0.41949943,-0.46476677,0.37831694,-0.3040643,7858000.11063985,0.17703627,0.26092175,0.15820645,-0.29660991,0.3205781,0.08365054,0.63402086,0.12038799,0.04893649,0.33831042,-0.10497366,-0.30576283,-0.20728615,-0.27788129,-0.32648408,-0.09471573,-0.22805676,-0.32936573,0.1194941,-0.41996777,-0.4637475,0.38180211,-0.3035076,7859000.10970229,0.17858706,0.2606785,0.15952361,-0.30024263,0.32378829,0.07604382,0.63166356,0.1213266,0.04460283,0.35012126,-0.09883699,-0.30881208,-0.20570976,-0.27634421,-0.32556534,-0.09871755,-0.2166892,-0.32986301,0.12452216,-0.42055961,-0.46280521,0.38237748,-0.29975408,7860000.11332081,0.17909621,0.26128668,0.16314991,-0.30472085,0.32351843,0.07610425,0.63574612,0.11963397,0.04185269,0.34402409,-0.10325997,-0.30889851,-0.20377761,-0.27626616,-0.32778674,-0.09671262,-0.21325195,-0.32845151,0.12923191,-0.41881889,-0.46262306,0.38276666,-0.29430762,7861000.11122066,0.18117379,0.26111931,0.16430537,-0.30602276,0.32053995,0.07528716,0.63533837,0.11940207,0.04054851,0.34213755,-0.09955059,-0.30705956,-0.20426385,-0.27797526,-0.3291451,-0.09909664,-0.20713279,-0.33262104,0.1261217,-0.42562759,-0.45853209,0.37943253,-0.28879669,7862000.11131366,0.17863324,0.25957763,0.16088766,-0.29946554,0.31805155,0.07003917,0.63290995,0.12161084,0.04400199,0.348876,-0.1015662,-0.30855396,-0.20983994,-0.2786862,-0.32626528,-0.0993645,-0.22124062,-0.33040228,0.12467281,-0.41758269,-0.45694211,0.37734836,-0.28956151,7863000.10564551,0.17204688,0.25762174,0.15455458,-0.2904909,0.31840104,0.08068671,0.633394,0.12292039,0.05486598,0.34128827,-0.094964,-0.30002987,-0.20384786,-0.27409738,-0.32549849,-0.0961379,-0.21270823,-0.33347508,0.1257197,-0.41335133,-0.45645499,0.38151014,-0.29695085,7864000.10723894,0.17605986,0.26236835,0.15642871,-0.29551351,0.31917527,0.08089958,0.63434589,0.12377029,0.05166701,0.34898603,-0.09266912,-0.31049863,-0.20216693,-0.27523634,-0.32688895,-0.09752265,-0.21722762,-0.32764122,0.12117846,-0.42356721,-0.46142682,0.37989119,-0.30166021,7865000.10798236,0.17503545,0.26254746,0.15706386,-0.30071485,0.3165963,0.07861423,0.63574499,0.12160082,0.04750526,0.35580733,-0.09610005,-0.30896673,-0.21255456,-0.27653113,-0.32799903,-0.10113914,-0.21525316,-0.33041254,0.12417443,-0.42959139,-0.46355727,0.38018331,-0.29597956,7866000.10778897,0.17617822,0.26138282,0.15717897,-0.29940665,0.32077882,0.07358591,0.63278139,0.12257663,0.04741271,0.34292376,-0.09919968,-0.30663002,-0.20363952,-0.2780008,-0.32797438,-0.09811494,-0.21777637,-0.33085787,0.12053455,-0.421527,-0.46349302,0.38775572,-0.29447171,7867000.1096024,0.17484668,0.26461127,0.16161361,-0.30483046,0.3213715,0.07477876,0.63744813,0.12278625,0.04550777,0.34618556,-0.09827937,-0.30885395,-0.20933218,-0.27629915,-0.32873306,-0.09906963,-0.21488701,-0.33037594,0.12296113,-0.42239717,-0.46217173,0.38228017,-0.29849347,7868000.1088075,0.17527153,0.26508406,0.16209899,-0.3042219,0.32144773,0.07507049,0.63297975,0.11957322,0.04234123,0.33769146,-0.09806528,-0.31272656,-0.20935684,-0.2782138,-0.32902461,-0.09922679,-0.22185402,-0.32967392,0.12658267,-0.42417577,-0.46008414,0.38944942,-0.29338512,7869000.11457539,0.177058,0.2656458,0.16454794,-0.30777428,0.32101113,0.07239417,0.63208139,0.11977347,0.04118065,0.33868122,-0.09885037,-0.31380931,-0.21348536,-0.28137615,-0.32984638,-0.10291551,-0.22654712,-0.33242628,0.12352331,-0.42269838,-0.45891392,0.39079672,-0.29251778,7870000.11190514,0.17398831,0.26306969,0.16065696,-0.30418357,0.32229879,0.07122186,0.63503653,0.12074888,0.04457607,0.3461512,-0.0933519,-0.30642346,-0.20770356,-0.27667233,-0.33084285,-0.10599512,-0.20676634,-0.33450562,0.11906791,-0.41861629,-0.45825264,0.38382077,-0.29243436,7871000.10715213,0.16841559,0.25790897,0.15558082,-0.29375976,0.31959137,0.07591388,0.63291073,0.1206773,0.05478752,0.35261995,-0.08931894,-0.30656537,-0.2034944,-0.27634412,-0.32769215,-0.10251193,-0.21883322,-0.33562541,0.11833486,-0.42348531,-0.45744583,0.38433233,-0.2981163,7872000.10814562,0.17571853,0.26185623,0.16050231,-0.30103385,0.31922743,0.07684021,0.63721639,0.12258571,0.0522376,0.35218316,-0.08808914,-0.29503235,-0.20435898,-0.27476496,-0.32954577,-0.1010633,-0.22350034,-0.33480743,0.12221506,-0.43165803,-0.4599303,0.38775572,-0.29890296,7873000.11024346,0.17821959,0.26527071,0.16087298,-0.30223915,0.32280976,0.07385156,0.63490504,0.12161072,0.04823244,0.35848144,-0.08552793,-0.3005175,-0.20828986,-0.27787077,-0.32962108,-0.10092248,-0.22382116,-0.33798251,0.13255541,-0.4251546,-0.46074644,0.38466242,-0.29755098,7874000.10648713,0.17822537,0.26200324,0.15961672,-0.30310163,0.32227194,0.0759525,0.63519931,0.12137258,0.04858195,0.35572934,-0.08581454,-0.30703121,-0.21255706,-0.27864394,-0.32996902,-0.10601176,-0.21601944,-0.33777586,0.12579417,-0.42095494,-0.46003383,0.39321062,-0.29554471,7875000.10930624,0.17561033,0.26070392,0.1633926,-0.30156696,0.31881946,0.07662909,0.63818663,0.12298392,0.04652971,0.35305342,-0.09093845,-0.31900045,-0.20593418,-0.27680844,-0.33144194,-0.10271744,-0.21576273,-0.33406374,0.12579933,-0.42579505,-0.4594239,0.38689026,-0.29608253,7876000.11085442,0.1792478,0.2648896,0.16430537,-0.30578369,0.32145077,0.07346202,0.63333273,0.1213058,0.04455074,0.34482861,-0.0865274,-0.31471404,-0.21129899,-0.27789384,-0.33056629,-0.10434409,-0.2194456,-0.33635488,0.1294384,-0.42471969,-0.45674258,0.39108753,-0.29269442,7877000.11381054,0.17676707,0.26517427,0.16465133,-0.30880874,0.32269692,0.07205711,0.63189775,0.12197548,0.04276637,0.34389314,-0.08829626,-0.3167474,-0.20768709,-0.27839053,-0.33120999,-0.10671509,-0.21671182,-0.33273646,0.12959261,-0.4210611,-0.45482153,0.38736516,-0.28735504,7878000.10951152,0.17539002,0.26380926,0.15829259,-0.29819301,0.31937605,0.08103535,0.63192028,0.12220781,0.04921741,0.35585108,-0.08492708,-0.3008014,-0.2136734,-0.27576217,-0.32951486,-0.10409569,-0.20608921,-0.33431038,0.12701996,-0.40984362,-0.45363826,0.38994658,-0.28293926,7879000.10765944,0.17169578,0.25750032,0.15583222,-0.29215714,0.31820747,0.07696158,0.63334346,0.12308959,0.05838256,0.3533169,-0.07886857,-0.30361545,-0.21423715,-0.27539441,-0.3284004,-0.10204107,-0.21197751,-0.33637643,0.1322777,-0.42076692,-0.4547438,0.38770989,-0.28777984,7880000.10909156,0.17426772,0.26136953,0.15910645,-0.29899696,0.32026997,0.07983547,0.63722986,0.12266836,0.05293852,0.35336524,-0.07963081,-0.30156827,-0.21516766,-0.27740788,-0.32786226,-0.10582625,-0.21204674,-0.33474472,0.12890637,-0.42707184,-0.45671535,0.38716149,-0.29958481,7881000.1085413,0.17622747,0.25865075,0.15923412,-0.30198118,0.32086161,0.07730123,0.63535208,0.12359162,0.05034508,0.3525975,-0.08472216,-0.29441911,-0.21148971,-0.27262092,-0.32979047,-0.10063957,-0.2105781,-0.33814648,0.12457222,-0.42704532,-0.45847368,0.38306782,-0.29553127,7882000.10808133,0.17381625,0.25925824,0.15918742,-0.30163875,0.32287675,0.07426282,0.63424146,0.1232309,0.04965367,0.35969666,-0.0822901,-0.29433,-0.20836622,-0.27294227,-0.33107123,-0.10643712,-0.20605482,-0.33522078,0.128539,-0.41948244,-0.45791879,0.38646024,-0.29799804,7883000.10718737,0.17106763,0.26163107,0.16027412,-0.30820429,0.32237673,0.07431437,0.63448459,0.12369653,0.04769552,0.35699746,-0.08298385,-0.30669057,-0.21374129,-0.27258098,-0.33064133,-0.10882974,-0.20523137,-0.33763772,0.13017684,-0.42288905,-0.45581785,0.38979942,-0.29176921,7884000.11453458,0.17590274,0.262225,0.16245703,-0.30618855,0.32480249,0.07173693,0.63480794,0.1224855,0.04421313,0.34778994,-0.08530048,-0.29711515,-0.21400994,-0.27310318,-0.33130124,-0.10873214,-0.21025339,-0.33806413,0.12911578,-0.42381853,-0.45466855,0.39298087,-0.29014295,7885000.11245459,0.17741765,0.26227444,0.16437414,-0.30991513,0.32155585,0.0754113,0.63480973,0.1205436,0.04376835,0.34511325,-0.08559754,-0.30573189,-0.21330607,-0.2734946,-0.32973778,-0.10906699,-0.20645499,-0.3398422,0.13240489,-0.4152523,-0.45256945,0.38676059,-0.2975384,7886000.10894284,0.17337762,0.25932071,0.15776117,-0.29400572,0.31707266,0.08022445,0.63510948,0.12190887,0.05262944,0.35309258,-0.07626066,-0.29250973,-0.21219501,-0.2735258,-0.32714379,-0.1049215,-0.20511279,-0.33352098,0.1319304,-0.42314747,-0.44921857,0.3857286,-0.29051188,7887000.1070796,0.17110634,0.25726378,0.15468535,-0.29554096,0.31469956,0.07572078,0.63588297,0.12206748,0.0558522,0.36620852,-0.07190725,-0.29393268,-0.20786926,-0.27104244,-0.32612902,-0.10450648,-0.20688698,-0.333839,0.12562428,-0.42347601,-0.45350337,0.38002375,-0.29362091,7888000.1091732,0.17269842,0.25902152,0.15847984,-0.29788783,0.32002747,0.07653748,0.63880074,0.12325858,0.0512058,0.35449111,-0.07527702,-0.29672173,-0.20363849,-0.26808599,-0.32848129,-0.10078631,-0.21188267,-0.33779058,0.12124062,-0.42723888,-0.45709795,0.37900192,-0.29578462,7889000.10953896,0.17127033,0.26173458,0.15754566,-0.29946098,0.31764373,0.07225531,0.63832909,0.12217242,0.04923149,0.34672356,-0.08109055,-0.29808992,-0.21454263,-0.26823595,-0.33026543,-0.10439819,-0.2000498,-0.33901224,0.13026381,-0.42565748,-0.45676464,0.3855758,-0.29811886,7890000.10741082,0.17140639,0.26345724,0.15902179,-0.3046222,0.3202455,0.07275452,0.63858598,0.12234837,0.04816987,0.35362738,-0.07883864,-0.28697821,-0.21271892,-0.27487916,-0.32916024,-0.10866518,-0.20978732,-0.33795118,0.13246112,-0.42236638,-0.45726284,0.38495502,-0.30114067,7891000.11092432,0.17443611,0.2673541,0.16057092,-0.30542031,0.32449472,0.07378572,0.63472748,0.12092926,0.04588493,0.35591653,-0.08532461,-0.29297641,-0.20597218,-0.27596778,-0.32772011,-0.10814897,-0.21517141,-0.33768573,0.13100789,-0.42424574,-0.45671016,0.38860053,-0.29726362,7892000.1114025,0.17370313,0.26467824,0.16272154,-0.31047004,0.32128626,0.07180328,0.63080013,0.11928506,0.0429148,0.35340708,-0.08403169,-0.29229009,-0.21200313,-0.27501816,-0.32918835,-0.10635265,-0.21635662,-0.3392812,0.12980865,-0.42209682,-0.45485187,0.39272395,-0.2997604,7893000.11335128,0.18064485,0.26198155,0.16502219,-0.30775937,0.3250854,0.06896392,0.63154435,0.1198775,0.04188569,0.35434249,-0.08084778,-0.29033738,-0.21943885,-0.27452689,-0.33121851,-0.10484079,-0.20624971,-0.33762825,0.13476631,-0.42356837,-0.45318621,0.3864145,-0.29813331,7894000.10963268,0.17220454,0.26194924,0.1567654,-0.29724425,0.31791642,0.07711788,0.63129538,0.12060163,0.0514871,0.35734785,-0.07359283,-0.28865391,-0.21641596,-0.27421707,-0.32842579,-0.10394623,-0.21457599,-0.33689189,0.13227811,-0.41612083,-0.4521381,0.37668794,-0.28831163,7895000.10768589,0.16526353,0.25893798,0.15472648,-0.29501489,0.31563163,0.07418381,0.63486439,0.11838099,0.05518165,0.3476156,-0.07597367,-0.27612948,-0.20733881,-0.26925284,-0.32500166,-0.1020134,-0.20028208,-0.33232671,0.12835786,-0.41744286,-0.45453843,0.3772442,-0.29383853,7896000.11021031,0.16752073,0.25985244,0.15714823,-0.30570418,0.3210007,0.0734622,0.63865733,0.1194922,0.05084107,0.35931057,-0.08173822,-0.28919175,-0.2123483,-0.27056551,-0.32645115,-0.10803,-0.20819749,-0.33695826,0.13233885,-0.42787912,-0.4569504,0.38415504,-0.30084956,7897000.10756103,0.17010492,0.26156855,0.15651232,-0.30353931,0.32109073,0.07762024,0.63734138,0.11798063,0.04779924,0.35799721,-0.08369103,-0.28982401,-0.21192588,-0.27199328,-0.32773003,-0.10320102,-0.20592326,-0.34005961,0.12526482,-0.4195902,-0.45832381,0.38752708,-0.29869002,7898000.10782773,0.16785195,0.26253578,0.15737848,-0.3043564,0.32019022,0.07392115,0.63382673,0.11839053,0.04540822,0.35142264,-0.08349928,-0.28989589,-0.21821705,-0.27428111,-0.32814425,-0.10632304,-0.20618579,-0.3361606,0.12799342,-0.42194203,-0.45787045,0.38603589,-0.29261106,7899000.10744087,0.17142351,0.26298404,0.16075484,-0.30917031,0.32269505,0.06483613,0.63508433,0.11698255,0.04439571,0.3486799,-0.08971097,-0.29460838,-0.20893592,-0.27878955,-0.32749858,-0.1107499,-0.20537639,-0.33496791,0.13826913,-0.41770914,-0.45798579,0.39283925,-0.2929545,7900000.11302464,0.17227787,0.2656042,0.16244204,-0.3130303,0.32344162,0.0705314,0.63574612,0.11772804,0.04168899,0.3490563,-0.09020249,-0.30037785,-0.2163727,-0.27760795,-0.32672361,-0.11786714,-0.20663112,-0.33591565,0.13969716,-0.41676652,-0.45706683,0.39916006,-0.29012582,7901000.11013156,0.16792727,0.26505166,0.16331096,-0.31114894,0.3243278,0.07188272,0.63544184,0.11739554,0.03987926,0.36276919,-0.08399959,-0.29385066,-0.21961769,-0.27590358,-0.32834977,-0.10919821,-0.20396781,-0.33585331,0.12916218,-0.41501185,-0.45421576,0.39592177,-0.29372519,7902000.10817892,0.16986808,0.25999966,0.15655661,-0.29687116,0.31970856,0.06952727,0.63363016,0.1170119,0.04786293,0.36006019,-0.08581986,-0.28649366,-0.22253819,-0.27224246,-0.32897651,-0.10963185,-0.2162578,-0.33347484,0.1248946,-0.41544816,-0.4520174,0.38434368,-0.29584506,7903000.10760807,0.16754751,0.25818327,0.15240824,-0.29897314,0.31807947,0.07874899,0.6379922,0.11833109,0.05372344,0.35859096,-0.08111137,-0.28586316,-0.21151069,-0.27177292,-0.32470748,-0.10828736,-0.19615811,-0.3318353,0.13000344,-0.41107482,-0.45328557,0.38006946,-0.29073486,7904000.10906135,0.16848563,0.26115212,0.15780507,-0.30359739,0.31902343,0.06805193,0.63762307,0.11685317,0.05101402,0.35012436,-0.0842676,-0.28990218,-0.20680311,-0.27158952,-0.32540852,-0.10306269,-0.2069461,-0.33582431,0.12954226,-0.42549697,-0.45764494,0.38168919,-0.29683799,7905000.10900991,0.1690321,0.26056975,0.15463187,-0.3057189,0.31803745,0.07188388,0.63791847,0.11640362,0.04694292,0.34510258,-0.08706956,-0.30272785,-0.20484921,-0.2692481,-0.32612544,-0.10285364,-0.20799731,-0.3326427,0.12476454,-0.42274892,-0.45864937,0.38781175,-0.2900731,7906000.10944832,0.17012438,0.25897571,0.15676893,-0.30733109,0.32060245,0.0725379,0.63799655,0.11504254,0.04522838,0.34845009,-0.09009823,-0.29992151,-0.21254572,-0.26680231,-0.32531178,-0.10810154,-0.19561483,-0.33055693,0.13424188,-0.41614684,-0.4592863,0.38562849,-0.29715019,7907000.11235221,0.17203912,0.26205531,0.15914974,-0.30988011,0.32390353,0.07199717,0.63521236,0.11347874,0.04418185,0.35375124,-0.09006333,-0.30419192,-0.21684711,-0.27414787,-0.32594439,-0.10671517,-0.18919273,-0.33131066,0.13590722,-0.41658974,-0.45885405,0.39028788,-0.29712844,7908000.11149593,0.16923834,0.26221445,0.16040882,-0.31298283,0.32011744,0.06627455,0.63453317,0.11597895,0.04140291,0.35581473,-0.09148113,-0.29997513,-0.2137578,-0.27534673,-0.32723284,-0.10762575,-0.19447064,-0.33480629,0.12879382,-0.41673738,-0.45748818,0.38797018,-0.28878123,7909000.11248504,0.1683716,0.26358926,0.16197026,-0.31392172,0.32186237,0.0648204,0.63443553,0.11588161,0.04086689,0.34811994,-0.08657432,-0.29909924,-0.20510389,-0.27400589,-0.3262617,-0.10593025,-0.19974245,-0.33482668,0.13199803,-0.41859284,-0.4556573,0.38479534,-0.28583401,7910000.10835119,0.16742815,0.25656134,0.15412386,-0.30078217,0.31545639,0.06817148,0.63530183,0.11584418,0.04918488,0.35422397,-0.08616146,-0.28928021,-0.20491512,-0.27047443,-0.32337147,-0.10787778,-0.19383152,-0.33328652,0.13456607,-0.40631819,-0.4539994,0.38573536,-0.28573579,7911000.10623375,0.16645326,0.26049936,0.15116563,-0.29951179,0.31735989,0.07370616,0.63490874,0.11517825,0.05479887,0.35545096,-0.08024351,-0.29208469,-0.20506191,-0.2669856,-0.3242276,-0.10174922,-0.19187014,-0.33196226,0.13058007,-0.41150448,-0.45570195,0.38170195,-0.29425701,7912000.1064656,0.16695784,0.26069751,0.15710105,-0.30848181,0.31705201,0.0694824,0.63490099,0.11383643,0.05123034,0.3504886,-0.08000802,-0.29894677,-0.20823936,-0.26657256,-0.32615408,-0.10379606,-0.19045785,-0.33558065,0.13222739,-0.41517121,-0.45709097,0.37458187,-0.3039431,7913000.10754405,0.16976038,0.25728682,0.15649162,-0.30655864,0.31753981,0.07198766,0.63734508,0.11630161,0.04903591,0.35464251,-0.08143175,-0.29193595,-0.20382148,-0.26838034,-0.32753161,-0.10012694,-0.19045703,-0.33399245,0.12578084,-0.41856462,-0.45629665,0.39173925,-0.2948696,7914000.11049761,0.17023399,0.26186955,0.15856089,-0.30691865,0.31706613,0.06882695,0.63512182,0.1162966,0.04871869,0.34927514,-0.08240757,-0.29868671,-0.2054726,-0.26854733,-0.32530007,-0.10163384,-0.19176698,-0.33219597,0.12680024,-0.40994829,-0.45651942,0.38935712,-0.29390541,7915000.10956916,0.17233084,0.26113296,0.16022494,-0.30715048,0.32100323,0.06637868,0.63278854,0.11543497,0.04688051,0.35232174,-0.08466116,-0.29032576,-0.19960946,-0.27227271,-0.32599002,-0.10022414,-0.19432865,-0.33141869,0.13495903,-0.4094319,-0.45744473,0.38705698,-0.29013234,7916000.10959935,0.17324492,0.26275876,0.16220112,-0.31237218,0.3189235,0.06907598,0.6317271,0.11467561,0.04398205,0.35246029,-0.08565576,-0.29248095,-0.20322214,-0.27021831,-0.32667297,-0.10224839,-0.20114107,-0.32921904,0.12994674,-0.4087407,-0.45616233,0.39257637,-0.28577071,7917000.1105279,0.17302713,0.26267961,0.16130191,-0.3119469,0.32322335,0.06968222,0.63060254,0.11380167,0.04394139,0.34964713,-0.082592,-0.29513022,-0.20559521,-0.26892173,-0.32407743,-0.09927235,-0.20272799,-0.33071819,0.13541074,-0.40513793,-0.45256478,0.38821691,-0.28472841,7918000.10915497,0.16495889,0.26041469,0.15379225,-0.29749551,0.31385782,0.07547072,0.63202208,0.11581941,0.05653917,0.35292292,-0.074899,-0.28654742,-0.20561673,-0.26817068,-0.32075328,-0.09983047,-0.18709612,-0.3274844,0.13914856,-0.40143383,-0.45175239,0.37962231,-0.28844246,7919000.10538758,0.16820675,0.25838837,0.15321921,-0.29549694,0.31539956,0.07692728,0.63840348,0.11695334,0.05807514,0.34958482,-0.07260176,-0.29156521,-0.19554329,-0.26613739,-0.32057211,-0.09782205,-0.18112564,-0.32722139,0.13236369,-0.40129593,-0.45386961,0.38168919,-0.28950408,7920000.10895842,0.16787459,0.25992987,0.15647079,-0.30299866,0.31750184,0.07021484,0.63562965,0.11370403,0.05385982,0.35123894,-0.07545779,-0.29869336,-0.19340493,-0.26130509,-0.32314473,-0.09646782,-0.18615566,-0.32700783,0.13352233,-0.40599301,-0.45813525,0.38420537,-0.29600951,7921000.11169896,0.16630408,0.26215708,0.15671399,-0.30464268,0.31587288,0.06626436,0.6381762,0.11350501,0.05241323,0.35427913,-0.07636651,-0.29583666,-0.1966812,-0.26203412,-0.32205388,-0.09507568,-0.18561539,-0.32729262,0.13634698,-0.40710846,-0.458289,0.38498783,-0.29289097,7922000.10926376,0.1697157,0.26052484,0.15770774,-0.30538508,0.3160907,0.07627653,0.63636154,0.11451169,0.05136147,0.36303419,-0.07875898,-0.29662061,-0.1951158,-0.2660408,-0.32192266,-0.09522662,-0.1855213,-0.32783306,0.12945458,-0.4143315,-0.45675862,0.38790944,-0.28981355,7923000.1098656,0.17382939,0.26013458,0.1598323,-0.30976501,0.31728399,0.07409552,0.63420403,0.11542039,0.04995737,0.35138074,-0.07713433,-0.29279429,-0.19764858,-0.26741761,-0.32242897,-0.09300958,-0.18906039,-0.33283195,0.13597704,-0.40379968,-0.45541361,0.39075965,-0.29503801,7924000.11042514,0.17369044,0.26124784,0.16113807,-0.31089297,0.31920719,0.0697179,0.63715404,0.11664126,0.04753837,0.35481843,-0.07384361,-0.30024102,-0.19584557,-0.26682344,-0.32269585,-0.09136477,-0.18723609,-0.32855219,0.13594888,-0.40678141,-0.45531902,0.3815262,-0.28178254,7925000.11255684,0.17272206,0.26020372,0.1600091,-0.30827051,0.3200298,0.06500862,0.63332641,0.11705566,0.04748842,0.3566685,-0.07245995,-0.29902536,-0.20177421,-0.26538992,-0.32230574,-0.08682878,-0.18107881,-0.32740477,0.13197467,-0.40141383,-0.45235956,0.38629147,-0.28126243,7926000.10737556,0.1708793,0.254538,0.15439275,-0.2960113,0.31070185,0.0751551,0.6319949,0.11691573,0.05877037,0.35689172,-0.06418952,-0.28675491,-0.201115,-0.26555428,-0.31820714,-0.09139264,-0.18431269,-0.31939149,0.13290021,-0.39390016,-0.4510701,0.38424623,-0.29076755,7927000.10695536,0.16811548,0.25498748,0.15212491,-0.29366899,0.31467089,0.07910299,0.63201499,0.11961053,0.06161551,0.35371161,-0.06060724,-0.29520026,-0.20009857,-0.26218823,-0.31859362,-0.09368532,-0.18200691,-0.32271287,0.13316737,-0.39700517,-0.45401004,0.38345546,-0.29310948,7928000.10578234,0.16833574,0.25894389,0.15434781,-0.30162764,0.31089014,0.07827835,0.63118672,0.11731841,0.05608505,0.35076264,-0.06450351,-0.29366556,-0.19990958,-0.26547959,-0.32006159,-0.08789364,-0.18271233,-0.32253841,0.12745501,-0.40234903,-0.45693231,0.37843606,-0.29030225,7929000.10962063,0.16975732,0.25715992,0.15609162,-0.30088308,0.31242779,0.07145147,0.63475722,0.11642191,0.05445615,0.36156958,-0.06314402,-0.28720891,-0.19572985,-0.26666391,-0.31991422,-0.08718169,-0.18191022,-0.32482538,0.13120469,-0.39227635,-0.45687246,0.3870028,-0.28487846,7930000.10952996,0.16999662,0.2568537,0.15718736,-0.30712545,0.31414562,0.07218986,0.6325509,0.11855587,0.05486801,0.35661566,-0.0653185,-0.29058117,-0.19824244,-0.26847571,-0.32034492,-0.08626518,-0.18755843,-0.32273331,0.13567472,-0.40153176,-0.45526892,0.38835317,-0.28963178,7931000.10853244,0.17151427,0.25537753,0.16023736,-0.30476183,0.31556511,0.06832423,0.63147438,0.11714724,0.05180234,0.3583363,-0.06798082,-0.30415812,-0.19464751,-0.26550195,-0.3202849,-0.08887485,-0.18350478,-0.32035729,0.13005768,-0.3949151,-0.45495471,0.38866428,-0.29138124,7932000.11144462,0.17266056,0.25802404,0.16175149,-0.30962572,0.3167485,0.07193064,0.63308012,0.11530273,0.04970607,0.34760511,-0.06461465,-0.3056055,-0.19617094,-0.26762593,-0.32112849,-0.08723839,-0.18331876,-0.32307857,0.13368723,-0.39900747,-0.45367771,0.39408201,-0.29568112,7933000.11301497,0.17430124,0.25500277,0.16182178,-0.30970705,0.31891301,0.07325196,0.63439465,0.11670729,0.04741315,0.34950969,-0.06442516,-0.29446122,-0.19697928,-0.26797003,-0.32000431,-0.08918386,-0.17825538,-0.32531989,0.13654706,-0.39442721,-0.45123726,0.3975035,-0.28643277,7934000.10719131,0.17136858,0.25261739,0.15414172,-0.29619458,0.31210405,0.0803601,0.63521194,0.11730134,0.05756159,0.35295489,-0.06109463,-0.29485747,-0.19703361,-0.26824054,-0.31847546,-0.08685245,-0.18145202,-0.32236141,0.13616249,-0.39185578,-0.44959462,0.38536277,-0.28716701,7935000.10937867,0.16924226,0.25422338,0.15278666,-0.28996542,0.31250975,0.07700025,0.63241184,0.12052477,0.06338889,0.35971159,-0.05424757,-0.29171532,-0.19482228,-0.26304629,-0.31608063,-0.08199866,-0.17153862,-0.3214412,0.13275045,-0.38689315,-0.45045802,0.38053012,-0.28986871,7936000.10759559,0.16884544,0.25818327,0.15610465,-0.29530963,0.31255534,0.07684068,0.63404977,0.12132093,0.05728522,0.35194409,-0.0601648,-0.28682122,-0.19693254,-0.26147684,-0.31917128,-0.08317739,-0.17765199,-0.31958956,0.13414194,-0.39340851,-0.45286945,0.38563681,-0.29575437,7937000.10808528,0.16988565,0.25772938,0.15559751,-0.29936522,0.3128629,0.07439919,0.63583231,0.11856184,0.05576432,0.34662065,-0.0607569,-0.29833987,-0.19881043,-0.26660129,-0.3195734,-0.0845895,-0.18656375,-0.32020801,0.13208289,-0.40231001,-0.45433843,0.39068127,-0.29249901,7938000.10567556,0.17029679,0.25673795,0.15367167,-0.30370653,0.31400338,0.07143348,0.63523299,0.1183258,0.05589557,0.36598724,-0.06255247,-0.29819247,-0.19919635,-0.26210418,-0.31949484,-0.0830031,-0.18591112,-0.32038572,0.1269761,-0.40148127,-0.45401955,0.38678208,-0.29464391,7939000.10554243,0.17279603,0.2621249,0.15832163,-0.30480403,0.31461868,0.0742771,0.63818938,0.11702033,0.05301322,0.35685271,-0.05991712,-0.29822049,-0.20366986,-0.26219359,-0.31896162,-0.08837586,-0.19148229,-0.31967932,0.12938669,-0.39649436,-0.45324317,0.38530982,-0.29473162,7940000.10887999,0.17182535,0.26061437,0.16085078,-0.3039161,0.31533825,0.07303318,0.63234174,0.12087416,0.05108077,0.35266799,-0.05912727,-0.30710465,-0.19933079,-0.26808631,-0.32037535,-0.08824882,-0.18219559,-0.32097232,0.13237065,-0.39737895,-0.45091605,0.38362592,-0.28132653,7941000.1108658,0.17910615,0.2586123,0.16393565,-0.30754343,0.31837344,0.0794255,0.63344061,0.11893177,0.04863631,0.35386726,-0.05863282,-0.29569656,-0.19696528,-0.26715565,-0.32007051,-0.08601514,-0.18643849,-0.32418799,0.13624696,-0.39863172,-0.44886121,0.39384237,-0.2832315,7942000.1100726,0.17774488,0.25638247,0.15742797,-0.30006897,0.31374431,0.07262044,0.63064671,0.12078433,0.05374151,0.35414281,-0.06051025,-0.29117021,-0.20470257,-0.26714513,-0.32015601,-0.08411328,-0.19292569,-0.31980595,0.13571744,-0.39191622,-0.44741198,0.38904655,-0.28267467,7943000.10620733,0.1719611,0.25714841,0.15349455,-0.29286167,0.31166932,0.08225397,0.6288197,0.12096999,0.06410959,0.35209787,-0.05587445,-0.28834179,-0.19391154,-0.26302156,-0.31824145,-0.08470982,-0.18520965,-0.32324058,0.13509728,-0.39418125,-0.44592014,0.38652459,-0.28630489,7944000.10668417,0.17591317,0.257819,0.15843685,-0.29375845,0.31586355,0.07798335,0.63301915,0.12158123,0.06197791,0.35270059,-0.05251881,-0.28693497,-0.19210851,-0.26323837,-0.31896842,-0.08279219,-0.17307301,-0.31990227,0.1310713,-0.38820696,-0.44771871,0.38521227,-0.29507816,7945000.10750836,0.17338985,0.25705886,0.16001907,-0.2990804,0.31331876,0.0764626,0.63438028,0.12128949,0.05709922,0.36332479,-0.05483033,-0.29759589,-0.20193845,-0.26988417,-0.31849867,-0.08006109,-0.18385948,-0.32085562,0.13273783,-0.3942115,-0.44864297,0.3853983,-0.2926921,7946000.10651215,0.17559068,0.25748071,0.15692732,-0.29949036,0.31496921,0.08158683,0.63293844,0.12157116,0.05749245,0.36434156,-0.05882147,-0.30354172,-0.20032161,-0.2636421,-0.31929576,-0.08135013,-0.19585487,-0.3191593,0.12680024,-0.39709017,-0.44917318,0.38274813,-0.28955248,7947000.10883101,0.17445663,0.25659934,0.15942055,-0.29954255,0.31371596,0.07830663,0.63130885,0.12109993,0.05582426,0.35324025,-0.06130834,-0.29732788,-0.19780922,-0.26770049,-0.32043597,-0.07849853,-0.17516309,-0.3192912,0.12867707,-0.39218158,-0.44771701,0.38444999,-0.28664955,7948000.10912469,0.17500585,0.25812647,0.16245703,-0.30106398,0.31708366,0.07634193,0.63370395,0.12194037,0.05373333,0.3490563,-0.0646707,-0.30154392,-0.20339258,-0.26677164,-0.32187137,-0.0809387,-0.17914213,-0.31713378,0.13770741,-0.38812646,-0.44601002,0.39266273,-0.27926466,7949000.11038765,0.17834175,0.25950652,0.16425857,-0.3018721,0.31724963,0.08037564,0.63015747,0.12079809,0.05092538,0.35281011,-0.05948757,-0.30076388,-0.19558562,-0.26537734,-0.32075417,-0.08072396,-0.18757677,-0.31949642,0.14104918,-0.38848439,-0.44418103,0.39507064,-0.28267801,7950000.10865851,0.17751335,0.25865597,0.15624277,-0.29537535,0.31552523,0.08092984,0.63064671,0.12194861,0.05553385,0.35690185,-0.06008019,-0.30362102,-0.19990826,-0.26673257,-0.31891614,-0.08608495,-0.18072656,-0.31584749,0.13615482,-0.38376501,-0.44197851,0.38499701,-0.27734011,7951000.10672637,0.17402633,0.25092891,0.15177231,-0.28386241,0.31437266,0.08277611,0.63301188,0.12224647,0.06537282,0.35695693,-0.05174553,-0.30060989,-0.19710389,-0.2639848,-0.31769255,-0.08280437,-0.17741993,-0.32100958,0.13003317,-0.39039353,-0.44129768,0.38444114,-0.28308323,7952000.10886134,0.17070663,0.25620356,0.15600678,-0.29392946,0.31599537,0.07999398,0.63393342,0.1223039,0.06268832,0.35866576,-0.05232484,-0.30165184,-0.1918184,-0.27040994,-0.31909117,-0.07955013,-0.18327427,-0.32038593,0.1248895,-0.39920852,-0.44359556,0.38700241,-0.28409991,7953000.10734536,0.17628194,0.25462738,0.15637708,-0.29543471,0.31347492,0.08282911,0.63279992,0.12303757,0.05854998,0.36175057,-0.06174944,-0.29634747,-0.19486396,-0.27152112,-0.32069269,-0.08017879,-0.18817323,-0.31852341,0.12804918,-0.40489462,-0.44532302,0.38694069,-0.28404272,7954000.10784046,0.17825076,0.2562612,0.15833701,-0.29600927,0.31680039,0.0797525,0.63617033,0.12290121,0.05698955,0.35984355,-0.06156338,-0.29617667,-0.19745801,-0.27137426,-0.31950533,-0.08104865,-0.18859191,-0.31815919,0.12555704,-0.39653397,-0.44344506,0.37888193,-0.28744152,7955000.10935761,0.17923164,0.25838792,0.16214529,-0.30182785,0.31468993,0.0814568,0.63781434,0.12161441,0.05505276,0.36086333,-0.06322691,-0.2989822,-0.19995804,-0.27132693,-0.32177886,-0.08416704,-0.19627278,-0.32100651,0.12494379,-0.38816029,-0.44355619,0.3873044,-0.28141713,7956000.11241429,0.17798086,0.26017153,0.16388926,-0.30083573,0.3163408,0.07614271,0.63289845,0.12043113,0.05110531,0.35788345,-0.06309396,-0.3024179,-0.1947256,-0.27366233,-0.32183892,-0.08527008,-0.1824618,-0.32418185,0.13887638,-0.38729343,-0.44089854,0.39609182,-0.27928591,7957000.11391217,0.18063098,0.25455749,0.16612898,-0.29915527,0.31923643,0.07782077,0.63298577,0.12141664,0.04943183,0.35721096,-0.06248368,-0.29115188,-0.19417295,-0.27319297,-0.32257435,-0.08306313,-0.1850365,-0.32110718,0.1386041,-0.39487407,-0.43954515,0.39256817,-0.27333593,7958000.10853775,0.17409249,0.25697401,0.15784496,-0.28761625,0.31394112,0.07575183,0.6323384,0.12167297,0.0568315,0.35644096,-0.05675079,-0.29524672,-0.19449915,-0.26925656,-0.31790987,-0.0849837,-0.18250231,-0.31872723,0.13550277,-0.3981283,-0.43554807,0.38529369,-0.27092952,7959000.10538664,0.17556618,0.25001949,0.15282281,-0.2839016,0.3128227,0.07988109,0.63193852,0.12324328,0.06599674,0.36227664,-0.05393478,-0.30237174,-0.19621219,-0.26673228,-0.31640342,-0.08259194,-0.19748197,-0.31940463,0.13165291,-0.39059135,-0.43609962,0.3798123,-0.2731356,7960000.1058724,0.17400914,0.25559103,0.15603194,-0.29185954,0.31629899,0.08360745,0.62977737,0.12513621,0.06174468,0.36025935,-0.05645572,-0.29028752,-0.19968948,-0.26828104,-0.31655532,-0.08367278,-0.19441742,-0.31771711,0.13017115,-0.39759049,-0.43977529,0.38587609,-0.28224778,7961000.10555529,0.17532602,0.25468493,0.15860172,-0.29520983,0.31749165,0.07603943,0.6303184,0.12270225,0.05649213,0.35853541,-0.06414605,-0.28797719,-0.19908397,-0.27207604,-0.31969962,-0.08143492,-0.19447744,-0.31915796,0.13260047,-0.39511362,-0.43946272,0.39555559,-0.28407148,7962000.10828142,0.17928453,0.25628045,0.15629621,-0.29416111,0.31845281,0.07797965,0.63507098,0.12394142,0.05512763,0.35886651,-0.06811991,-0.29450133,-0.19659472,-0.2690548,-0.31954458,-0.08360928,-0.19059345,-0.32019562,0.13646325,-0.39408547,-0.43926966,0.39019564,-0.27383178,7963000.11016469,0.18191966,0.25629923,0.15897176,-0.29510844,0.31733945,0.07911815,0.63407671,0.12373246,0.0551294,0.35518903,-0.06493461,-0.30134416,-0.19896424,-0.26920265,-0.31870535,-0.08572116,-0.17869367,-0.32083523,0.13331787,-0.39358565,-0.43794569,0.39589727,-0.27717671,7964000.10892354,0.17869303,0.25385606,0.16072607,-0.29591835,0.31709728,0.07491571,0.63459629,0.1235192,0.05157337,0.36092722,-0.06635571,-0.30108619,-0.19336163,-0.26924476,-0.31905028,-0.08758869,-0.17506418,-0.32286561,0.14151752,-0.39157826,-0.43516517,0.39542294,-0.27260342,7965000.11105005,0.18393655,0.25993857,0.16373795,-0.30019081,0.31659931,0.07343934,0.63323396,0.12185892,0.04881382,0.3646386,-0.07189612,-0.29648435,-0.19676143,-0.27557158,-0.31843826,-0.09050503,-0.18829185,-0.31881315,0.13464561,-0.38826603,-0.43277743,0.39009306,-0.26894534,7966000.10837509,0.17979996,0.25779149,0.15983836,-0.28968537,0.31580773,0.07451557,0.63296133,0.12425626,0.05279316,0.35118383,-0.07087702,-0.30628142,-0.19318631,-0.27449444,-0.31704178,-0.08643203,-0.18998332,-0.31984168,0.13471666,-0.38744527,-0.43052983,0.39542124,-0.26734728,7967000.10509115,0.17605676,0.25587133,0.15289091,-0.27998105,0.30872482,0.07893126,0.63023871,0.12459037,0.06190629,0.35616916,-0.0627514,-0.29097712,-0.19702631,-0.2684916,-0.31535056,-0.08288975,-0.18618526,-0.31887934,0.13829312,-0.38859236,-0.43081948,0.38586643,-0.27075499,7968000.10738736,0.18029714,0.25752592,0.15463549,-0.28724417,0.31413671,0.08227885,0.6326077,0.12477467,0.05962048,0.36022618,-0.06675339,-0.2875604,-0.19605392,-0.26578584,-0.31844223,-0.08530023,-0.17634085,-0.31342363,0.13720451,-0.39144886,-0.4332279,0.38161561,-0.27468055,7969000.10344459,0.18070328,0.25520161,0.15860172,-0.28895605,0.31486511,0.07990884,0.63617843,0.12391675,0.05476201,0.35385433,-0.07109512,-0.29132017,-0.19691612,-0.27055681,-0.31988162,-0.08516304,-0.18784216,-0.31900412,0.13072699,-0.39204136,-0.43495104,0.38647002,-0.27269861,7970000.10728491,0.17882349,0.25665081,0.15722935,-0.29043138,0.31747782,0.07590754,0.64019865,0.12245014,0.05318171,0.35871622,-0.07244875,-0.28878507,-0.19590585,-0.2703222,-0.32041264,-0.0843458,-0.19948484,-0.32053906,0.13368608,-0.39818129,-0.43373036,0.38010219,-0.27633661,7971000.10791581,0.18259408,0.25728315,0.16202986,-0.29313025,0.31496921,0.07672931,0.63498241,0.12241516,0.05120457,0.36710143,-0.07906986,-0.30505806,-0.19401577,-0.26594415,-0.31915215,-0.08632356,-0.19947074,-0.32249561,0.13283217,-0.39427063,-0.43170387,0.38712576,-0.27405962,7972000.10849558,0.18319133,0.26149482,0.16546071,-0.29602841,0.3177368,0.07844511,0.63322151,0.12383071,0.04804932,0.36463693,-0.08133864,-0.29950497,-0.20203292,-0.27190185,-0.31896004,-0.09071993,-0.18953736,-0.31707406,0.13426356,-0.39044708,-0.43055591,0.39816067,-0.27073279,7973000.11299505,0.18294504,0.26203865,0.16482399,-0.29877514,0.3188639,0.07972401,0.63392699,0.12321015,0.04536115,0.36018184,-0.08005464,-0.29194593,-0.20062777,-0.27215993,-0.3192127,-0.09121989,-0.19508281,-0.3198134,0.13559482,-0.39262772,-0.42827106,0.38866103,-0.26372665,7974000.10976802,0.18320423,0.25928849,0.16040333,-0.28968287,0.31372043,0.080662,0.63052016,0.12354429,0.05001459,0.35009038,-0.08182711,-0.29783565,-0.19684838,-0.27208573,-0.31778949,-0.08725775,-0.19488619,-0.32067505,0.14650889,-0.38992172,-0.42450759,0.38672122,-0.26150924,7975000.10759184,0.1806962,0.25715527,0.15534185,-0.28148764,0.31426895,0.0771033,0.63427383,0.12564765,0.05800851,0.36181015,-0.07800921,-0.29584637,-0.19153367,-0.27236554,-0.31512552,-0.09048957,-0.18556096,-0.31950134,0.13236947,-0.39011207,-0.42382288,0.3881709,-0.26795983,7976000.10703124,0.18031177,0.25659934,0.15816294,-0.29046619,0.31914461,0.0846677,0.63498807,0.12612933,0.05558161,0.35792327,-0.07648406,-0.2944684,-0.1952322,-0.27021,-0.31639987,-0.08364195,-0.20303412,-0.31886539,0.13523698,-0.39760551,-0.42684412,0.38753495,-0.26449987,7977000.10780405,0.1809331,0.25737894,0.16075955,-0.29273883,0.31918275,0.08038256,0.63503021,0.12638094,0.05045543,0.35994288,-0.08240444,-0.29766482,-0.19950125,-0.27368367,-0.31800973,-0.08608935,-0.1989527,-0.3195588,0.13833913,-0.39573452,-0.42755148,0.39068255,-0.26408657,7978000.11001175,0.18121156,0.25640815,0.16175273,-0.28825209,0.31710798,0.07850769,0.63368917,0.12813424,0.05005752,0.35305473,-0.08429153,-0.28899387,-0.20166634,-0.27059326,-0.31788504,-0.08875331,-0.18808584,-0.31925985,0.13502885,-0.39178771,-0.42557034,0.39190882,-0.27331051,7979000.10798777,0.1792881,0.259424,0.16054082,-0.29557914,0.31659651,0.08035851,0.63380802,0.1254807,0.04805425,0.35086095,-0.08385041,-0.28969538,-0.19277394,-0.27124888,-0.31766731,-0.08835045,-0.17873827,-0.31977844,0.13419546,-0.39587653,-0.42503995,0.38684955,-0.2768681,7980000.10924918,0.18523668,0.25604421,0.16413172,-0.29622245,0.31760889,0.07782277,0.63227826,0.12420912,0.04604938,0.34943286,-0.08542556,-0.2910701,-0.19841188,-0.27322572,-0.31684664,-0.09204544,-0.18722245,-0.31788048,0.13610514,-0.39300266,-0.42275402,0.39117175,-0.26619115,7981000.10950335,0.18498266,0.25805569,0.16699554,-0.30047479,0.31226042,0.0789222,0.62961483,0.12500596,0.04368687,0.34880561,-0.09204526,-0.29181451,-0.18973465,-0.27262896,-0.31613418,-0.08716024,-0.19308205,-0.31559429,0.14062436,-0.39067256,-0.42045137,0.38881919,-0.26316479,7982000.10689117,0.17612857,0.25239566,0.15844351,-0.28698587,0.31353083,0.07993103,0.63013655,0.12705943,0.05217076,0.35295489,-0.0855824,-0.30482575,-0.18989831,-0.27207997,-0.31506273,-0.0896455,-0.18760721,-0.31841117,0.13780329,-0.38952705,-0.418237,0.38251784,-0.26215121,7983000.105254,0.18158379,0.25505459,0.15831488,-0.28347316,0.31698009,0.08107313,0.62951601,0.12671325,0.05707256,0.35757241,-0.07808934,-0.30387643,-0.18735756,-0.27168107,-0.31293848,-0.08731654,-0.19658919,-0.31507289,0.12933931,-0.39225385,-0.41739067,0.38751519,-0.26277083,7984000.10579094,0.18525319,0.25701481,0.15904047,-0.29132441,0.31841469,0.08069284,0.63137668,0.12687618,0.05251226,0.35523745,-0.08323617,-0.30126116,-0.18898451,-0.27370843,-0.31494215,-0.08608821,-0.19224782,-0.32105151,0.12650262,-0.39520419,-0.41898364,0.39438841,-0.26234221,7985000.10561899,0.18195932,0.25854823,0.16116396,-0.29100305,0.31854486,0.08163773,0.63223368,0.12953565,0.05077715,0.35590482,-0.08892529,-0.29786366,-0.19427757,-0.27526966,-0.31373459,-0.08688142,-0.19812559,-0.31420597,0.13498257,-0.3999809,-0.41849574,0.39289367,-0.25919062,7986000.10688929,0.18497303,0.25853449,0.16014847,-0.29361698,0.31778848,0.09060533,0.6316129,0.12828863,0.04939549,0.34980351,-0.09108949,-0.29775649,-0.19015431,-0.27376047,-0.3146171,-0.09045705,-0.19856282,-0.3167924,0.13380317,-0.39268848,-0.41911873,0.3827228,-0.26506466,7987000.10819051,0.18774809,0.25666985,0.16267659,-0.29093671,0.32167166,0.07787986,0.62961626,0.12885918,0.04704035,0.34952506,-0.08931839,-0.29619467,-0.18769026,-0.27831066,-0.31338599,-0.09016176,-0.18979029,-0.31609753,0.13368553,-0.38655567,-0.41718149,0.38948244,-0.26578,7988000.10852589,0.1864478,0.25952432,0.16769017,-0.30016986,0.32049212,0.07895172,0.62858617,0.12874033,0.04543494,0.35871261,-0.09032341,-0.3045105,-0.18969552,-0.27359337,-0.31450784,-0.08757935,-0.19485816,-0.31662092,0.13667819,-0.38752705,-0.41544899,0.39065099,-0.26184827,7989000.10797814,0.18252671,0.25819519,0.16264133,-0.2895354,0.31752124,0.07866177,0.62996024,0.12674487,0.04824108,0.35056865,-0.08586226,-0.29045337,-0.18996765,-0.27695468,-0.3128311,-0.09287637,-0.18984637,-0.31590787,0.13391382,-0.38971221,-0.41365796,0.39176649,-0.25471592,7990000.1063309,0.17996237,0.25528479,0.15684023,-0.27792791,0.31342286,0.08584701,0.63128233,0.13033557,0.05947842,0.35397306,-0.07985335,-0.29423255,-0.18995406,-0.27579397,-0.31065145,-0.08874331,-0.19614625,-0.31822875,0.13451907,-0.39151701,-0.41226345,0.39225864,-0.25615749,7991000.10233344,0.18048643,0.25677833,0.15883215,-0.28343469,0.31544229,0.09158824,0.62993121,0.13238871,0.0569535,0.35788244,-0.08374703,-0.29141054,-0.18593471,-0.27249101,-0.31080616,-0.08609749,-0.19296907,-0.31559834,0.1304674,-0.39650983,-0.41536883,0.38758954,-0.26803043,7992000.10555529,0.18098272,0.2580435,0.16161361,-0.28877631,0.31625098,0.08694544,0.63189459,0.12860872,0.05286862,0.35902202,-0.08363891,-0.30075297,-0.19329195,-0.27571654,-0.31326509,-0.08760066,-0.19722688,-0.31675249,0.12940933,-0.39787024,-0.41692439,0.38818425,-0.26202744,7993000.10611343,0.18071695,0.25644621,0.16142921,-0.2896792,0.31393346,0.08614405,0.63343018,0.12978508,0.05226294,0.35159963,-0.0900614,-0.30950081,-0.19360816,-0.27281389,-0.312489,-0.09125146,-0.19009246,-0.31904966,0.13075131,-0.3955304,-0.41650638,0.389631,-0.26346081,7994000.10966511,0.18403348,0.25840136,0.16323081,-0.29574585,0.31629899,0.07896966,0.63517272,0.13018571,0.05079735,0.35046917,-0.08799101,-0.30166379,-0.19675037,-0.27413467,-0.31231371,-0.09193218,-0.19484064,-0.32154658,0.12419979,-0.3979868,-0.41552281,0.38707376,-0.2655291,7995000.11100922,0.18085478,0.25831193,0.16549551,-0.29641464,0.31668633,0.08524311,0.63065994,0.12990077,0.04795153,0.3605257,-0.09076515,-0.30043936,-0.1917555,-0.27655521,-0.31504023,-0.09124294,-0.20601493,-0.3149462,0.1253358,-0.40111923,-0.4151006,0.38911852,-0.27036786,7996000.1097271,0.18625861,0.26028588,0.16897503,-0.28950882,0.31716236,0.0777059,0.63192028,0.12814637,0.04568994,0.34968793,-0.09346282,-0.30010015,-0.18756244,-0.27818567,-0.31299525,-0.09557337,-0.19571403,-0.31571221,0.13312979,-0.38897792,-0.41368547,0.39588487,-0.26236036,7997000.10505188,0.18232207,0.25633791,0.15739363,-0.28251126,0.31125471,0.08323397,0.62990117,0.12928845,0.05408981,0.34291488,-0.08805252,-0.30274683,-0.19143954,-0.27604774,-0.30989218,-0.0944545,-0.1930079,-0.31316024,0.13128462,-0.38839737,-0.41161561,0.39129171,-0.25636539,7998000.1055766,0.1829689,0.25427562,0.15687157,-0.28111666,0.31147489,0.08617813,0.63367605,0.13127902,0.05923364,0.35592231,-0.08453252,-0.29660451,-0.19289981,-0.275754,-0.30888325,-0.0940299,-0.19450559,-0.31300476,0.12674215,-0.39868471,-0.41481081,0.38729683,-0.26395693,7999000.10492443,0.18162486,0.25248539,0.15835586,-0.28408983,0.31056044,0.08150697,0.63465267,0.13085487,0.05363618,0.35539314,-0.08972777,-0.29940039,-0.19334805,-0.27376589,-0.31014031,-0.09132212,-0.19233216,-0.31332442,0.13136515,-0.40450197,-0.41783378,0.3923153,-0.25905982,8000000.10807629,0.18250783,0.25288004,0.16008773,-0.28846103,0.3149029,0.07789786,0.63072717,0.13056149,0.05191774,0.35387462,-0.08822775,-0.30686238,-0.18811895,-0.27339041,-0.31169733,-0.09230901,-0.19093262,-0.31624949,0.129677,-0.40669847,-0.41910484,0.38580635,-0.26788756,8001000.10796452,0.18320791,0.25838837,0.15812548,-0.29200226,0.31720808,0.08473185,0.63295931,0.1295508,0.05060763,0.35106233,-0.08980652,-0.30474919,-0.19190514,-0.274784,-0.31259343,-0.09349939,-0.19234478,-0.31424901,0.13398461,-0.40402257,-0.41936004,0.38298661,-0.26649004,8002000.10600179,0.1844081,0.25608826,0.16001907,-0.29404968,0.31523401,0.08162469,0.63103092,0.12921932,0.0477291,0.35638982,-0.09312306,-0.30810085,-0.19385171,-0.27787822,-0.31385228,-0.09826202,-0.19153443,-0.31614599,0.12751612,-0.40521985,-0.42007062,0.38372341,-0.26421103,8003000.10882865,0.18219641,0.25659934,0.16341554,-0.30179501,0.31664461,0.077675,0.63657898,0.12782791,0.04523344,0.35106725,-0.09406595,-0.30930516,-0.20055169,-0.27989513,-0.31532338,-0.10056946,-0.20128354,-0.32004631,0.13107733,-0.4019469,-0.42002082,0.38960087,-0.26549414,8004000.11016382,0.1858615,0.26228955,0.16368143,-0.29579732,0.31782663,0.07577189,0.63260972,0.12715319,0.04290982,0.34153077,-0.09665352,-0.31286606,-0.20244315,-0.27967751,-0.31449029,-0.09903193,-0.2066765,-0.31608075,0.13031593,-0.39644319,-0.41717166,0.39379439,-0.26053324,8005000.10498851,0.17562963,0.2576088,0.15587021,-0.28407469,0.31291249,0.07877445,0.63075536,0.12935707,0.05451107,0.34440711,-0.09195786,-0.30761945,-0.19927254,-0.2769424,-0.31174543,-0.10429075,-0.20292941,-0.31474122,0.13151021,-0.39378643,-0.41527694,0.38383853,-0.26422459,8006000.10704944,0.18044154,0.25221664,0.15646277,-0.28849357,0.31016302,0.07996143,0.63102561,0.12855186,0.05548229,0.34747043,-0.09019481,-0.3077752,-0.19766766,-0.27347445,-0.31233993,-0.10063834,-0.19893339,-0.31618434,0.1308939,-0.40061802,-0.42041615,0.38695943,-0.27145445,8007000.10569698,0.18036772,0.25664833,0.1573025,-0.29172647,0.31627065,0.08129769,0.63041282,0.12771253,0.05160889,0.33862007,-0.09044198,-0.30562696,-0.20075673,-0.27590796,-0.31313828,-0.10148542,-0.18859974,-0.31814677,0.13006426,-0.4005132,-0.42327312,0.38256091,-0.26749122,8008000.10676569,0.17759199,0.2547451,0.15612561,-0.29393512,0.31650266,0.08189823,0.63241738,0.12890437,0.04847856,0.34333867,-0.09946561,-0.31686953,-0.19997877,-0.27603576,-0.31427088,-0.10587697,-0.19396675,-0.31883898,0.13379523,-0.40770248,-0.42512122,0.38506949,-0.27177992,8009000.1064396,0.18066601,0.25393361,0.15743051,-0.29527709,0.317298,0.08227172,0.63105828,0.12854391,0.04711912,0.35310158,-0.10079879,-0.32068679,-0.19685248,-0.27755094,-0.31518158,-0.10498644,-0.20373499,-0.31617063,0.12570266,-0.40483347,-0.42456549,0.38977399,-0.27254689,8010000.10544367,0.17870475,0.25791439,0.16039935,-0.30471063,0.31810355,0.07883752,0.63313454,0.12660165,0.04326239,0.33974814,-0.10168101,-0.31749463,-0.20562491,-0.27728289,-0.31720638,-0.10796686,-0.21025157,-0.31507909,0.12920143,-0.39880002,-0.42466497,0.38590389,-0.26716852,8011000.10710079,0.18419139,0.2573334,0.16175149,-0.30453199,0.31642684,0.07430229,0.63583821,0.12718394,0.04107547,0.34445113,-0.10982114,-0.3169502,-0.20654765,-0.27702993,-0.31675178,-0.11128328,-0.20657241,-0.3197383,0.13572158,-0.40629336,-0.42311856,0.38468865,-0.26786637,8012000.10957398,0.18294382,0.2573016,0.16141728,-0.30253023,0.31563607,0.07507778,0.62869829,0.12579526,0.04131773,0.34709227,-0.10440472,-0.32150483,-0.20721732,-0.27416581,-0.31667972,-0.11224192,-0.19646567,-0.32080221,0.13170025,-0.40343487,-0.42112032,0.38560599,-0.27118123,8013000.10415632,0.17606775,0.25389159,0.1537452,-0.29217145,0.31479371,0.07826961,0.6268906,0.12790097,0.05121233,0.34320349,-0.09586653,-0.31767043,-0.20255952,-0.2761763,-0.31383032,-0.10670425,-0.20451333,-0.32036018,0.12377063,-0.39821434,-0.42010203,0.3831566,-0.26944864,8014000.10207264,0.17495474,0.25071993,0.15388811,-0.29233399,0.31641272,0.07819891,0.63051182,0.12814918,0.05123452,0.35184735,-0.09352904,-0.30953401,-0.2083075,-0.27787739,-0.31420124,-0.11016767,-0.21045221,-0.3157652,0.13272791,-0.40386531,-0.42388967,0.38103062,-0.26857764,8015000.10100503,0.17870498,0.25544599,0.15607852,-0.29695228,0.31465641,0.07952802,0.63418943,0.12678963,0.04724428,0.3522836,-0.09770416,-0.30665001,-0.20164177,-0.27719945,-0.31658435,-0.11403444,-0.20349869,-0.31674752,0.12741426,-0.41035095,-0.42684501,0.38100332,-0.27371624,8016000.1031869,0.17914139,0.25339103,0.15601055,-0.29633251,0.31373939,0.0771264,0.63347596,0.12549008,0.0447926,0.33841538,-0.09761888,-0.31516653,-0.20588355,-0.27877319,-0.31629354,-0.11313172,-0.20320018,-0.31666499,0.1207234,-0.4133434,-0.42692357,0.38067555,-0.27328795,8017000.10646082,0.17561255,0.25694895,0.15942711,-0.29921472,0.31619915,0.07565109,0.63358754,0.12348426,0.04486827,0.34765929,-0.10078554,-0.30983332,-0.19905086,-0.28151515,-0.31744599,-0.11410491,-0.20533085,-0.31736636,0.12792297,-0.40572387,-0.42688885,0.38129595,-0.27486241,8018000.10387746,0.17562617,0.25653237,0.16073298,-0.30475453,0.32054228,0.07569087,0.63183761,0.12314239,0.04262836,0.34390715,-0.10683409,-0.31758541,-0.20405112,-0.27972418,-0.31810871,-0.11289638,-0.19353764,-0.31906044,0.12666751,-0.40643039,-0.4270387,0.38522056,-0.26816773,8019000.10599299,0.18057247,0.2575762,0.16449013,-0.30663788,0.31988832,0.07183103,0.63278854,0.1221258,0.03976169,0.34565127,-0.11153419,-0.31822917,-0.19992371,-0.27983832,-0.31907624,-0.11320031,-0.20509568,-0.317458,0.12904766,-0.40006956,-0.42426568,0.38123596,-0.2744531,8020000.10542593,0.18037333,0.25434455,0.15976638,-0.29730451,0.31205738,0.08175116,0.62957031,0.12437036,0.04408919,0.33595976,-0.10668021,-0.31361505,-0.20955792,-0.27695751,-0.31714946,-0.1143738,-0.1958095,-0.31973639,0.12256621,-0.40429953,-0.42365718,0.38854492,-0.27218637,8021000.09722492,0.17429838,0.25634229,0.15507737,-0.29150999,0.31026077,0.07680729,0.6310755,0.12446788,0.05283149,0.34846583,-0.09663337,-0.3135277,-0.20111965,-0.27636835,-0.31548819,-0.11224303,-0.18576281,-0.31799963,0.12294744,-0.40103954,-0.42440361,0.38687092,-0.27673203,8022000.10101283,0.175658,0.25529319,0.15534863,-0.29472923,0.31111524,0.0800815,0.63188648,0.12413207,0.0501332,0.34901598,-0.10197213,-0.31944743,-0.20487453,-0.28098506,-0.31807086,-0.11288553,-0.19834252,-0.31552845,0.12149909,-0.4042784,-0.42753261,0.37972727,-0.28469777,8023000.10282263,0.17417255,0.25698608,0.15653875,-0.29565051,0.31350738,0.07689228,0.63406992,0.12463938,0.04583354,0.33535475,-0.10566507,-0.31811628,-0.2034912,-0.2772572,-0.32017469,-0.10969231,-0.20895964,-0.32098055,0.12741426,-0.40736371,-0.42839196,0.3751556,-0.27697641,8024000.10346144,0.18049169,0.25312692,0.15552413,-0.30180264,0.31825933,0.07875381,0.63555813,0.12481596,0.04532167,0.35015637,-0.10596195,-0.31342924,-0.20193975,-0.27964023,-0.31951347,-0.11580264,-0.20245019,-0.31966871,0.12894347,-0.40148509,-0.42867172,0.3879084,-0.27241579,8025000.10307544,0.17829847,0.25329646,0.15782289,-0.30176845,0.31613326,0.07798653,0.63278139,0.12312004,0.04378797,0.34795818,-0.1037221,-0.32071251,-0.20325081,-0.2808798,-0.32041675,-0.11759297,-0.20849606,-0.32023707,0.12500447,-0.40209448,-0.42923599,0.38102257,-0.27440846,8026000.10603187,0.18010753,0.25806186,0.16385408,-0.30837131,0.31592959,0.07110965,0.63046747,0.12182652,0.04071729,0.34974092,-0.10968986,-0.31812873,-0.20698394,-0.2804386,-0.32033372,-0.11415054,-0.21672487,-0.31985077,0.1242274,-0.40239918,-0.42834723,0.38584995,-0.27613059,8027000.10800663,0.17780127,0.25959083,0.16358843,-0.30745876,0.31718403,0.07599492,0.6301896,0.12170746,0.0393973,0.33877039,-0.10437816,-0.31194362,-0.20820676,-0.28329253,-0.32092199,-0.11744739,-0.20604627,-0.31789684,0.1287474,-0.40982798,-0.42613,0.38138646,-0.2777451,8028000.10218403,0.16978428,0.25484982,0.15429886,-0.29401115,0.3107771,0.08121267,0.62796211,0.1228108,0.05104673,0.33811834,-0.09870202,-0.31661952,-0.2054355,-0.27790335,-0.31680068,-0.11162639,-0.206205,-0.31964031,0.12693147,-0.40460351,-0.42354581,0.37960699,-0.27263415,8029000.10283883,0.17150246,0.24975687,0.15409099,-0.29256019,0.31074041,0.07898267,0.63054568,0.12240487,0.05194034,0.33552337,-0.09911839,-0.31826437,-0.2021901,-0.27100971,-0.31647831,-0.1171339,-0.20422135,-0.32102704,0.12469791,-0.40862536,-0.4281444,0.38365865,-0.27751076,8030000.10072375,0.17492762,0.25918689,0.15392871,-0.29872197,0.31290054,0.07867639,0.63377601,0.12105665,0.04867004,0.33492026,-0.10550597,-0.31500977,-0.20721698,-0.27715304,-0.31901878,-0.11340239,-0.20059308,-0.31976894,0.12867336,-0.40483114,-0.43215561,0.38115117,-0.27863696,8031000.10416857,0.17127223,0.26120356,0.1551729,-0.30370137,0.31126526,0.08317587,0.6332444,0.11995868,0.0474702,0.33980525,-0.10337475,-0.31741634,-0.20489809,-0.2785964,-0.31950137,-0.11769659,-0.21452634,-0.32560095,0.12793784,-0.4028438,-0.43247452,0.38092086,-0.27369115,8032000.10540925,0.17133054,0.26032653,0.1582448,-0.3046923,0.31435701,0.07806942,0.63532692,0.12103267,0.04504196,0.34063223,-0.11041709,-0.32292184,-0.20656656,-0.2748301,-0.31857958,-0.12330563,-0.21666771,-0.32169795,0.1243408,-0.4101454,-0.43290243,0.38717264,-0.27902484,8033000.10491127,0.17895521,0.2591491,0.15941444,-0.3086862,0.31425875,0.07819007,0.63650101,0.11915693,0.04161869,0.3472777,-0.11282335,-0.32829428,-0.20025383,-0.27923858,-0.31969139,-0.11665908,-0.20828368,-0.32405025,0.1254838,-0.40965086,-0.43154457,0.38561127,-0.27479112,8034000.10824847,0.17660414,0.26113296,0.16261639,-0.30494067,0.32034904,0.07400064,0.6316666,0.11904751,0.03925584,0.3348729,-0.11484633,-0.32068583,-0.204354,-0.28130388,-0.32028103,-0.11366748,-0.2001548,-0.32329786,0.12990023,-0.4092434,-0.43006012,0.38486645,-0.27240729,8035000.10552519,0.17664523,0.25623539,0.1578825,-0.30550152,0.31406111,0.07664822,0.6314103,0.12015471,0.04259788,0.33179432,-0.11130521,-0.31626108,-0.20479268,-0.27863768,-0.31923732,-0.12204227,-0.21346375,-0.32084334,0.12373714,-0.40729299,-0.42922658,0.38689524,-0.27700254,8036000.10046397,0.17021786,0.25301754,0.15031527,-0.29474875,0.31006598,0.07915156,0.63379192,0.1176146,0.05237709,0.34222901,-0.10361187,-0.30759326,-0.2017256,-0.27469674,-0.31689858,-0.11744899,-0.19972436,-0.32223672,0.12843393,-0.403375,-0.42953351,0.38852194,-0.28848192,8037000.10543083,0.17035095,0.25683302,0.1528874,-0.29956269,0.31519046,0.07769541,0.63570154,0.11816102,0.04989079,0.34087488,-0.10866718,-0.31196263,-0.204712,-0.27155289,-0.31960374,-0.11541607,-0.20048679,-0.32285053,0.12674066,-0.40668073,-0.43286872,0.38525382,-0.28191996,8038000.1058257,0.174843,0.2598145,0.15605921,-0.30331144,0.31799954,0.07436719,0.63609666,0.11753374,0.04596588,0.33358523,-0.11303149,-0.31560224,-0.20633358,-0.27741244,-0.32048839,-0.1212039,-0.20258108,-0.32290167,0.12912986,-0.41408107,-0.43543565,0.38353348,-0.27878019,8039000.10353745,0.17236327,0.26120988,0.15672916,-0.30747572,0.31699991,0.07959729,0.63453686,0.11627288,0.0438583,0.3387337,-0.114839,-0.31271723,-0.20296291,-0.27825621,-0.32075995,-0.12150534,-0.20731042,-0.32523048,0.12161759,-0.41082728,-0.43545121,0.38129815,-0.27411273,8040000.10532763,0.1726243,0.26214498,0.15984997,-0.30814922,0.31925559,0.075238,0.63771045,0.11433299,0.04131813,0.33296496,-0.11846707,-0.31048727,-0.20833459,-0.27910328,-0.32191744,-0.12330563,-0.20067409,-0.32281613,0.12956172,-0.4031494,-0.43450183,0.38282651,-0.278137,8041000.10552085,0.171634,0.26192716,0.16128488,-0.31474566,0.3166163,0.07022244,0.63917464,0.11670169,0.0393832,0.33497813,-0.12043357,-0.31450605,-0.20725419,-0.27668321,-0.3205719,-0.12025544,-0.20797634,-0.3266103,0.13398696,-0.40939793,-0.43430141,0.37918967,-0.27639693,8042000.1075265,0.17595558,0.26091504,0.16295062,-0.31554163,0.31622317,0.06752884,0.63471407,0.11509065,0.0379182,0.33624774,-0.12041061,-0.31655195,-0.19999975,-0.27603516,-0.32393742,-0.11766935,-0.20285304,-0.32981512,0.13653176,-0.4141219,-0.43419319,0.38888308,-0.2820814,8043000.10533207,0.17336014,0.26043531,0.15665884,-0.30257174,0.31757078,0.07007102,0.63380802,0.11534627,0.04270389,0.33889389,-0.11711357,-0.3140673,-0.20599659,-0.27349427,-0.31943297,-0.12564753,-0.18486209,-0.32853296,0.13664871,-0.39622688,-0.43179023,0.38256329,-0.277812,8044000.10348307,0.1688159,0.25383893,0.15234084,-0.30337232,0.31512058,0.07773131,0.63437361,0.11678404,0.05183668,0.34053552,-0.11306189,-0.301249,-0.20139846,-0.2726247,-0.31649724,-0.12031908,-0.19072542,-0.32247597,0.1300564,-0.40723136,-0.4325358,0.38098347,-0.28134766,8045000.10249653,0.16898707,0.25577292,0.15350921,-0.30624858,0.31369576,0.07508992,0.63814104,0.11806479,0.04876589,0.34294325,-0.11462719,-0.31481835,-0.20340127,-0.27241236,-0.31943357,-0.12197991,-0.19257365,-0.32447413,0.12436962,-0.40545681,-0.43583626,0.38270143,-0.27520695,8046000.10158361,0.1686943,0.25803003,0.15453714,-0.30916813,0.31821749,0.07223728,0.63717437,0.1165386,0.04502692,0.33811092,-0.11548329,-0.31115559,-0.2022431,-0.27548316,-0.320676,-0.11820149,-0.20152992,-0.32570973,0.13196173,-0.40129969,-0.43812972,0.38404131,-0.2832976,8047000.10444817,0.1713098,0.25923872,0.15757476,-0.30752498,0.31829739,0.07858272,0.63420498,0.11547718,0.04484032,0.33601204,-0.12098594,-0.30102319,-0.20234931,-0.27310738,-0.32114789,-0.12220877,-0.19574796,-0.32723209,0.12710111,-0.41096571,-0.43703061,0.38822904,-0.27942497,8048000.10525055,0.17359957,0.2598145,0.15814264,-0.31050631,0.31405568,0.07350314,0.63964623,0.11583723,0.04295461,0.33634609,-0.12078241,-0.30769911,-0.20101738,-0.27377936,-0.32081178,-0.12089732,-0.19876646,-0.32230544,0.13060771,-0.40778086,-0.43579632,0.38589483,-0.27966893,8049000.10485566,0.17251533,0.25926453,0.16072056,-0.31622201,0.31847721,0.07247932,0.63541621,0.11567161,0.04011712,0.33673429,-0.12127794,-0.29828814,-0.20263548,-0.27553606,-0.32169893,-0.12175799,-0.19520736,-0.32836989,0.14116473,-0.40395108,-0.43482944,0.39071861,-0.28371939,8050000.10586331,0.17312664,0.25729561,0.16172726,-0.31516966,0.31863254,0.07088034,0.63393593,0.11480467,0.0390288,0.34082624,-0.12001516,-0.3022393,-0.20466051,-0.2741093,-0.319729,-0.11940873,-0.19552648,-0.32576776,0.13096224,-0.39780781,-0.43443048,0.38427076,-0.2825641,8051000.10326436,0.17013383,0.25036606,0.15322548,-0.30468529,0.31313413,0.07151447,0.63116074,0.1154712,0.04625062,0.33830929,-0.1118634,-0.29605427,-0.1991062,-0.27096969,-0.31828198,-0.12212063,-0.20245233,-0.32386795,0.12927145,-0.39672363,-0.43236077,0.38441333,-0.27858099,8052000.10198291,0.16488937,0.25464478,0.15274629,-0.30231395,0.31403747,0.0729256,0.633726,0.11685278,0.05242588,0.34563842,-0.11213569,-0.29481873,-0.19505657,-0.27327353,-0.31822881,-0.11830234,-0.19927713,-0.32751468,0.12575972,-0.40235153,-0.43456113,0.38303238,-0.28453207,8053000.10055981,0.16595891,0.25546715,0.15539585,-0.30780357,0.31856716,0.07219788,0.63715386,0.11476438,0.04886878,0.34890258,-0.11380675,-0.29469842,-0.19561261,-0.2712456,-0.31919816,-0.1176626,-0.19161658,-0.32463861,0.12835406,-0.40315384,-0.43683478,0.38136625,-0.28936714,8054000.10147225,0.16825536,0.25923261,0.15653875,-0.30732021,0.32077357,0.06980644,0.63680035,0.11377006,0.04667009,0.34328407,-0.11378273,-0.30093035,-0.19655509,-0.26989618,-0.3188965,-0.11287575,-0.19595154,-0.32863805,0.13500069,-0.41142032,-0.43669134,0.38774905,-0.28098339,8055000.10329008,0.17029679,0.26052484,0.15537521,-0.30848581,0.3199017,0.07754167,0.63470674,0.11547329,0.04664886,0.33492893,-0.11374293,-0.29615751,-0.19618757,-0.2725305,-0.32012933,-0.1114179,-0.18927369,-0.32804438,0.12591816,-0.40433013,-0.43634489,0.38020751,-0.27522299,8056000.10386907,0.17141505,0.2576021,0.15834323,-0.30737272,0.31910646,0.07422227,0.63373035,0.11721037,0.04454244,0.34422651,-0.11404631,-0.29982874,-0.19670269,-0.27355844,-0.32043046,-0.11539143,-0.19729276,-0.33178923,0.12707812,-0.40296397,-0.43609494,0.38287318,-0.27403331,8057000.10718232,0.17313386,0.26148427,0.1625475,-0.31415349,0.31710798,0.07513281,0.62962937,0.11645042,0.04256909,0.34547538,-0.11613157,-0.29757157,-0.19209899,-0.27324992,-0.31970474,-0.11106851,-0.19233632,-0.32563126,0.13301709,-0.39702535,-0.4340964,0.38750499,-0.27074477,8058000.10716391,0.17193618,0.25746197,0.16168256,-0.31003967,0.31769869,0.07824735,0.63350195,0.11594487,0.04497789,0.33391413,-0.11106256,-0.29506749,-0.19543862,-0.27346253,-0.31838429,-0.11464285,-0.18247715,-0.32436234,0.13424195,-0.39110604,-0.43281469,0.3913278,-0.27091721,8059000.10186316,0.16668904,0.25481218,0.15319158,-0.29995203,0.31178805,0.07553395,0.63184929,0.1168205,0.0559171,0.3423546,-0.10335431,-0.28993735,-0.20035549,-0.26972714,-0.31655279,-0.11057176,-0.18488921,-0.32830331,0.13455895,-0.39752448,-0.43245301,0.37825453,-0.27805594,8060000.10092351,0.1714333,0.2610434,0.15572023,-0.30464092,0.31114477,0.08081841,0.63392341,0.11864659,0.05526588,0.34764364,-0.1039691,-0.30315247,-0.19141756,-0.26635122,-0.3189595,-0.110065,-0.18238755,-0.32639593,0.13371651,-0.40098193,-0.43374109,0.3811633,-0.27774864,8061000.10564551,0.16896349,0.26013458,0.15735759,-0.30492654,0.31682444,0.06916306,0.63509566,0.11716725,0.05094846,0.34377819,-0.10724115,-0.29384744,-0.18802497,-0.26891688,-0.31853551,-0.10828546,-0.18243945,-0.32955658,0.13439579,-0.39453647,-0.43624976,0.38308421,-0.28054264,8062000.10383403,0.17212406,0.25832459,0.15980715,-0.30689457,0.31637484,0.07506558,0.63426602,0.11588985,0.0513783,0.3450892,-0.10318266,-0.29345316,-0.19663557,-0.26787543,-0.32105434,-0.10778464,-0.18034737,-0.3320142,0.13386543,-0.39911032,-0.43625686,0.38756311,-0.28226912,8063000.10495444,0.17370877,0.2610113,0.15998185,-0.30441138,0.31873319,0.07470029,0.63827813,0.11627827,0.05003976,0.35564995,-0.11099195,-0.28891271,-0.19304828,-0.26911858,-0.3205809,-0.10547411,-0.18798579,-0.33000702,0.13056016,-0.40243888,-0.43524313,0.38676432,-0.28169036,8064000.10721251,0.17288679,0.26094031,0.16294049,-0.31075439,0.32155585,0.0792269,0.63392299,0.11622287,0.04722227,0.34270683,-0.10962877,-0.29642159,-0.19249475,-0.27318588,-0.31987885,-0.10586829,-0.18442599,-0.3285096,0.13211471,-0.39824557,-0.43323639,0.39256173,-0.26934394,8065000.10618614,0.17672762,0.25741085,0.16492964,-0.30864495,0.32259485,0.07641392,0.63245624,0.11690015,0.04566796,0.33429778,-0.10606125,-0.29626602,-0.18997616,-0.27383983,-0.3190625,-0.10665242,-0.18543237,-0.33025599,0.13831036,-0.39495385,-0.43132541,0.39026061,-0.27226427,8066000.10579094,0.17259766,0.25676575,0.15767741,-0.30094564,0.31483164,0.0793336,0.63250566,0.11668684,0.05313976,0.34649971,-0.09909047,-0.29094633,-0.19164196,-0.27109474,-0.3179709,-0.10612395,-0.19223778,-0.3249121,0.13671832,-0.3937262,-0.42949137,0.38954374,-0.27383113,8067000.10439666,0.17443366,0.25163341,0.15503024,-0.2938374,0.31294474,0.08052573,0.63112533,0.11794856,0.06174387,0.3397122,-0.09982342,-0.27602258,-0.18731572,-0.26600656,-0.31707433,-0.10344664,-0.19241019,-0.3249009,0.13329926,-0.39796451,-0.43016496,0.3873679,-0.28349155,8068000.10432354,0.17300847,0.2554144,0.15600486,-0.2994509,0.31438643,0.07818961,0.63347816,0.11927813,0.05654412,0.3484394,-0.09623902,-0.30057645,-0.1888168,-0.2701841,-0.31804836,-0.10199922,-0.18202212,-0.32607868,0.13773084,-0.39984784,-0.43251172,0.38702148,-0.2838946,8069000.10509604,0.17148179,0.26092175,0.15812963,-0.29837647,0.31766775,0.0768577,0.63109189,0.11824752,0.05265734,0.34873912,-0.10004167,-0.29271057,-0.19112961,-0.27064598,-0.31907538,-0.10527465,-0.18002149,-0.32558051,0.13281485,-0.40119117,-0.43463764,0.39262825,-0.28346872,8070000.10433179,0.17324299,0.2557413,0.15590313,-0.3031387,0.3181935,0.07692643,0.631984,0.119124,0.05291981,0.34240884,-0.10322215,-0.29818091,-0.1933355,-0.26965085,-0.3186613,-0.10477803,-0.18677811,-0.32752693,0.13587868,-0.39869377,-0.43455058,0.38685295,-0.27039355,8071000.10443507,0.17511117,0.25498748,0.15965764,-0.30522257,0.31906536,0.07715593,0.63490099,0.11849721,0.05009887,0.34523082,-0.10266519,-0.30283204,-0.19010818,-0.26795408,-0.32014111,-0.1036725,-0.19261196,-0.32628974,0.13752848,-0.3931044,-0.43303567,0.38480356,-0.26817173,8072000.10470976,0.17551534,0.25838837,0.16399223,-0.30781934,0.32127294,0.07466935,0.63477844,0.11828807,0.04766421,0.34726843,-0.10648028,-0.29268318,-0.20094357,-0.27291259,-0.32036522,-0.10451905,-0.1894169,-0.32966638,0.13975286,-0.38877475,-0.43057522,0.38866231,-0.27310023,8073000.10649987,0.17940094,0.25584567,0.1624441,-0.30647251,0.31841469,0.07828276,0.63560355,0.11842372,0.04589969,0.34031117,-0.10546125,-0.28844276,-0.20087858,-0.27375045,-0.3187485,-0.10334564,-0.19015981,-0.33113435,0.13172385,-0.38573611,-0.42918488,0.38771999,-0.26842561,8074000.10563681,0.17545785,0.25282788,0.15549549,-0.296965,0.31002086,0.07838262,0.63101619,0.11866925,0.05478932,0.34893563,-0.09926347,-0.2805526,-0.19973195,-0.27064341,-0.31772071,-0.10202907,-0.19839139,-0.32241777,0.13099647,-0.38767016,-0.42754334,0.39140669,-0.27664196,8075000.10332827,0.17559722,0.25643185,0.15582201,-0.29641506,0.31326056,0.08099844,0.63294804,0.11994249,0.05973006,0.35493067,-0.09717512,-0.28900504,-0.19353296,-0.26651302,-0.31792718,-0.099996,-0.18554047,-0.32320362,0.13672647,-0.38738093,-0.42789376,0.38887748,-0.27890751,8076000.10364892,0.17330968,0.25761929,0.15917955,-0.29764971,0.31585845,0.08130679,0.63601536,0.11755061,0.05454179,0.34874135,-0.1009047,-0.2996628,-0.19710946,-0.26954725,-0.32054877,-0.10361141,-0.17655094,-0.32560486,0.13926187,-0.39985904,-0.43037966,0.39162463,-0.27431941,8077000.10280897,0.17355709,0.25351211,0.15952535,-0.29906243,0.31681991,0.07855663,0.63395774,0.11934362,0.05114282,0.35088015,-0.0999597,-0.28816786,-0.20039754,-0.2677938,-0.32032546,-0.10130866,-0.17966923,-0.32640994,0.13431327,-0.3981317,-0.43119597,0.39094806,-0.27564815,8078000.10382585,0.17491029,0.26020497,0.1590984,-0.30061272,0.31660199,0.07850948,0.63382322,0.11844404,0.05051804,0.33686355,-0.10524285,-0.29398003,-0.19881886,-0.26962927,-0.31993115,-0.10295594,-0.19423592,-0.32675052,0.13540865,-0.4006446,-0.43060634,0.39194423,-0.27684268,8079000.10553388,0.1772619,0.25673795,0.16187441,-0.30704013,0.31780967,0.0734719,0.63680607,0.11766864,0.04885345,0.34279367,-0.10200716,-0.29097766,-0.1975729,-0.27402574,-0.3216477,-0.10486128,-0.19547713,-0.32730895,0.13748087,-0.39592403,-0.42813465,0.38891232,-0.26563865,8080000.10572706,0.17524301,0.2598083,0.16445453,-0.30633214,0.31909284,0.07289402,0.63354039,0.11699601,0.04557674,0.33624774,-0.1093927,-0.29917157,-0.20289077,-0.27233794,-0.3224338,-0.10811915,-0.18652306,-0.32600853,0.13671832,-0.38785636,-0.42516068,0.39119086,-0.26648062,8081000.10765034,0.17955387,0.25916868,0.16630602,-0.30532914,0.32151744,0.07849434,0.62937516,0.11709813,0.0445642,0.34245118,-0.10577208,-0.30104512,-0.20185989,-0.26967591,-0.32262087,-0.10192781,-0.18826467,-0.32495826,0.13080055,-0.39303878,-0.42443541,0.38745362,-0.26832321,8082000.10500971,0.1758391,0.25190693,0.15742192,-0.29517698,0.31483164,0.07912869,0.63109583,0.11989278,0.0533552,0.34417534,-0.09782516,-0.28789747,-0.20019099,-0.27098611,-0.31983393,-0.10429363,-0.18531762,-0.32509357,0.13023672,-0.38855249,-0.42333582,0.39604285,-0.26392916,8083000.10461118,0.17593968,0.25487143,0.15653875,-0.29483372,0.31669658,0.0787148,0.63226783,0.11894587,0.05714937,0.35206419,-0.10578615,-0.28221777,-0.20098914,-0.27188194,-0.31890696,-0.10193542,-0.17682534,-0.32742998,0.13480788,-0.38944301,-0.422654,0.38675523,-0.26563802,8084000.10574842,0.17751916,0.26063365,0.15821077,-0.29892078,0.31632274,0.0836398,0.63281268,0.11759976,0.05223213,0.35215902,-0.10219827,-0.29416889,-0.19483405,-0.26952592,-0.31985149,-0.10337745,-0.19058514,-0.32652292,0.13859238,-0.39822906,-0.42490578,0.38356858,-0.27261469,8085000.10542227,0.17678015,0.2575762,0.15876566,-0.29614118,0.31759179,0.07828662,0.63176835,0.11769734,0.05072001,0.34459671,-0.10340954,-0.29333133,-0.19941071,-0.26957792,-0.32092121,-0.11021659,-0.19340907,-0.32722342,0.14530587,-0.39018008,-0.42641601,0.38774076,-0.27872437,8086000.10663281,0.17679799,0.25829878,0.15858223,-0.30356517,0.31641683,0.07908566,0.6344614,0.11722844,0.05047109,0.34428421,-0.10236444,-0.29685083,-0.20346373,-0.27190727,-0.32285798,-0.10235766,-0.19686151,-0.32433322,0.13852441,-0.38634226,-0.42547807,0.38855752,-0.26958999,8087000.10677465,0.18019295,0.25697508,0.163068,-0.30243689,0.31384361,0.07607843,0.63568401,0.11802369,0.04829288,0.34520137,-0.1067169,-0.29387447,-0.20058019,-0.27341866,-0.32297063,-0.10837217,-0.1998951,-0.32533565,0.13512093,-0.39088148,-0.42464402,0.38402456,-0.26739401,8088000.10613476,0.18086094,0.25799215,0.16555412,-0.30592608,0.31830031,0.07583263,0.63489228,0.11619084,0.04509482,0.34374252,-0.10728003,-0.29580599,-0.20342602,-0.27561039,-0.32428184,-0.10588576,-0.19373561,-0.32734227,0.13796818,-0.39261672,-0.42219001,0.39175007,-0.26290715,8089000.11047996,0.1787041,0.25716811,0.16200626,-0.30372867,0.31991503,0.07539681,0.62750411,0.11740658,0.04617338,0.3513687,-0.10595495,-0.29640242,-0.20236652,-0.27597046,-0.32212868,-0.10514479,-0.18422282,-0.32160637,0.14236693,-0.38778853,-0.41934553,0.39288241,-0.26069486,8090000.10772258,0.17599574,0.25358048,0.15500154,-0.29079476,0.31513891,0.08227956,0.63169885,0.11824501,0.0577172,0.35336524,-0.09779439,-0.29649785,-0.19964297,-0.27441373,-0.32018712,-0.10442768,-0.18904448,-0.32575026,0.14051966,-0.38242707,-0.41709548,0.39002115,-0.2670958,8091000.10492443,0.18032271,0.2534225,0.15573342,-0.29553437,0.31388137,0.08059569,0.63191837,0.11861251,0.056381,0.34934247,-0.10026171,-0.28594092,-0.19615151,-0.27133015,-0.32158491,-0.09965986,-0.18607859,-0.32669079,0.12902308,-0.39339858,-0.42012379,0.39153421,-0.27395439,8092000.1030238,0.17764685,0.25932217,0.15895346,-0.29905868,0.31731188,0.07995143,0.62989694,0.11991495,0.05295061,0.34139499,-0.10206895,-0.2933051,-0.20061794,-0.2721976,-0.32036775,-0.10119344,-0.18103229,-0.32793158,0.1290676,-0.39853752,-0.42050263,0.39189881,-0.26900205,8093000.10569698,0.17464703,0.26091504,0.15841155,-0.29849765,0.31800339,0.07706356,0.62997782,0.11921361,0.05289071,0.34827247,-0.10506018,-0.29647833,-0.19969045,-0.27467984,-0.32189479,-0.10518526,-0.20229469,-0.32571131,0.1356719,-0.39664459,-0.42088267,0.39133886,-0.26716721,8094000.10574842,0.17994811,0.26172766,0.15799767,-0.30025104,0.32088843,0.07253802,0.63162154,0.11827069,0.05103581,0.33921498,-0.1079086,-0.30093974,-0.19793047,-0.27270156,-0.32274753,-0.10333341,-0.19553788,-0.32290971,0.13238835,-0.39731747,-0.41981205,0.39270568,-0.26884681,8095000.10728491,0.17654836,0.26120877,0.16358843,-0.30718639,0.32233834,0.07441203,0.6316157,0.11592457,0.0468972,0.34537697,-0.10734572,-0.30339631,-0.20044103,-0.27545038,-0.32316065,-0.10328023,-0.18582986,-0.32276663,0.1313763,-0.39707759,-0.41727763,0.38981611,-0.26676181,8096000.11081579,0.18203004,0.25957763,0.16665243,-0.30794063,0.32123575,0.07586116,0.62993366,0.11628155,0.04604011,0.35004282,-0.10887018,-0.30103785,-0.20108514,-0.27329326,-0.32057166,-0.10673382,-0.19607762,-0.32309309,0.13828461,-0.38203517,-0.41574201,0.39000493,-0.26398265,8097000.10964566,0.18125741,0.2552653,0.15960647,-0.29414597,0.31708604,0.07745662,0.63068616,0.11748856,0.05174394,0.33674234,-0.10490967,-0.29371539,-0.20252723,-0.27316791,-0.32036504,-0.09956694,-0.18414123,-0.3213585,0.14284991,-0.38415137,-0.41309097,0.39689475,-0.26515219,8098000.10595387,0.17349678,0.25734064,0.15692732,-0.28623176,0.31209514,0.08226122,0.63262773,0.11894408,0.06157081,0.35595527,-0.09826295,-0.27951735,-0.20356055,-0.27495363,-0.31934837,-0.09815915,-0.18435502,-0.32326522,0.13286594,-0.3854304,-0.41417131,0.39397356,-0.2626546,8099000.10662383,0.17772906,0.25732747,0.15842424,-0.29173875,0.31687638,0.08259094,0.63367277,0.1197056,0.05726295,0.34030426,-0.09580594,-0.28065664,-0.20040247,-0.27162567,-0.31858277,-0.09934404,-0.17983809,-0.32527691,0.13332801,-0.38460103,-0.418504,0.39074326,-0.2637431,8100000.10564551,0.17549442,0.25573024,0.15685494,-0.29999676,0.31773365,0.08030463,0.63102114,0.11964857,0.05341367,0.35176066,-0.10266258,-0.29579839,-0.20230651,-0.26871455,-0.31901523,-0.10420912,-0.1812506,-0.32436132,0.1393588,-0.39248136,-0.41825816,0.39038816,-0.26493365,8101000.10520763,0.17347184,0.25982744,0.15886347,-0.30066693,0.31485078,0.08066475,0.63088584,0.1180359,0.05400372,0.3449896,-0.10479771,-0.29316038,-0.20574678,-0.27283913,-0.31788692,-0.09968172,-0.19302166,-0.32215559,0.13713349,-0.39011356,-0.41818619,0.38937408,-0.25969625,8102000.10759903,0.17836918,0.25440785,0.16045821,-0.30064639,0.31956691,0.08405457,0.62899476,0.11869654,0.05165835,0.35842025,-0.10667825,-0.29605108,-0.19795434,-0.27438843,-0.32152575,-0.09822643,-0.19854787,-0.32435963,0.13667199,-0.38498306,-0.41924626,0.38372341,-0.26918036,8103000.10467127,0.18094559,0.26072919,0.16356567,-0.30169094,0.32408383,0.07933188,0.63085163,0.1188755,0.04938036,0.34560254,-0.11019746,-0.29661566,-0.19710293,-0.27516353,-0.32026973,-0.1035537,-0.19954012,-0.32397008,0.13567638,-0.38104814,-0.41658276,0.39068255,-0.26358593,8104000.10874952,0.18310091,0.26150221,0.16492951,-0.30287609,0.32428876,0.08365138,0.63088745,0.11885317,0.0473964,0.35181785,-0.11020725,-0.29749396,-0.20237865,-0.27650133,-0.32087106,-0.1057945,-0.20100722,-0.32101282,0.14277834,-0.37964216,-0.4134374,0.3935751,-0.25764123,8105000.10405351,0.1798224,0.25877747,0.15779546,-0.29287991,0.31290293,0.07899914,0.62709033,0.12015471,0.05518468,0.34702766,-0.10331678,-0.29371446,-0.20098135,-0.27425009,-0.31831339,-0.10675658,-0.19192217,-0.3226271,0.13653293,-0.38104987,-0.41290912,0.38947779,-0.26481888,8106000.10219217,0.17885195,0.25795403,0.15454963,-0.28866112,0.31241125,0.08361745,0.63145542,0.11882884,0.06160441,0.34706679,-0.10046289,-0.29029769,-0.19811106,-0.26984316,-0.31467628,-0.10484178,-0.19088434,-0.3199636,0.13490096,-0.38153198,-0.41534972,0.38582379,-0.26321459,8107000.10710975,0.17920741,0.25820923,0.15849258,-0.29325652,0.3142356,0.07905912,0.63152122,0.11821309,0.0559324,0.35082185,-0.10310176,-0.29093081,-0.20452723,-0.27290782,-0.3192175,-0.10115594,-0.20129198,-0.32146588,0.13355605,-0.38913059,-0.41719532,0.39194423,-0.26710582,8108000.10727286,0.17853118,0.25811359,0.16158733,-0.29504332,0.31405568,0.0777984,0.63191473,0.11888918,0.05262817,0.34708539,-0.10769749,-0.29269406,-0.19887492,-0.27319434,-0.31839082,-0.10285592,-0.18899848,-0.32161546,0.14082055,-0.39397091,-0.41933215,0.38590282,-0.27816564,8109000.10528061,0.17623262,0.26016006,0.16034026,-0.30090043,0.31646475,0.0730885,0.63363194,0.11850084,0.0526688,0.35562894,-0.10780829,-0.28786272,-0.19985248,-0.27004942,-0.32045898,-0.10727392,-0.19452959,-0.32238925,0.13471995,-0.39583492,-0.41941041,0.38718998,-0.26887032,8110000.1054008,0.17632949,0.25934777,0.16192368,-0.29876965,0.31801715,0.07558081,0.63085818,0.11509141,0.05026092,0.34774292,-0.11221545,-0.28978062,-0.20513844,-0.27582088,-0.3192322,-0.10181689,-0.19099179,-0.32265532,0.13908157,-0.3881571,-0.41869915,0.39038542,-0.26636299,8111000.1099704,0.17957604,0.25843978,0.16566978,-0.30484772,0.32303116,0.07691782,0.63164157,0.11631371,0.04743654,0.34120998,-0.11946192,-0.29721054,-0.20523882,-0.27391902,-0.31919205,-0.10583176,-0.2014813,-0.32490471,0.14056253,-0.38151661,-0.41776323,0.39173922,-0.2668972,8112000.11073431,0.17947488,0.26111931,0.16708055,-0.30345115,0.32083818,0.07740405,0.6299848,0.11813076,0.04439152,0.34739918,-0.11588923,-0.29559067,-0.19944079,-0.2785674,-0.31956726,-0.10643652,-0.20033377,-0.32089987,0.13754812,-0.38612458,-0.41582343,0.39565423,-0.26496702,8113000.106524,0.17200699,0.25254843,0.15809438,-0.29333606,0.31512502,0.07931436,0.63227558,0.11645459,0.05588721,0.34775022,-0.10861348,-0.29970521,-0.20108202,-0.27431491,-0.31581861,-0.10528649,-0.20017013,-0.32321817,0.13745876,-0.3773737,-0.41282758,0.38243902,-0.25908086,8114000.10530199,0.17491761,0.25277546,0.15572552,-0.29088476,0.31600544,0.08286257,0.62908942,0.11650531,0.05936965,0.35843486,-0.10796241,-0.2941274,-0.19487086,-0.27289447,-0.3159,-0.10275156,-0.19411586,-0.32528967,0.1392162,-0.387541,-0.41442832,0.38557434,-0.266996,8115000.1048343,0.17791155,0.25847793,0.15990081,-0.29592997,0.31800339,0.08167192,0.63008088,0.11514411,0.05429008,0.35857859,-0.11090058,-0.29011941,-0.19717288,-0.27190924,-0.31725174,-0.10239179,-0.1828918,-0.32160437,0.13849796,-0.38729736,-0.41923678,0.38869077,-0.27232867,8116000.10624641,0.17799285,0.26184934,0.16124116,-0.29974934,0.32058051,0.07991631,0.62983137,0.11610287,0.05235505,0.34814453,-0.11462393,-0.2927199,-0.19475216,-0.27188933,-0.31870443,-0.10200352,-0.18064882,-0.32182279,0.13128467,-0.38564706,-0.42042291,0.38884199,-0.27040064,8117000.10455971,0.17771704,0.25682199,0.15985399,-0.30215117,0.32028601,0.07490487,0.63217574,0.11816722,0.04971728,0.34165886,-0.1166634,-0.28495839,-0.19295062,-0.27044994,-0.31970233,-0.10536636,-0.1865944,-0.32467785,0.13108337,-0.39059135,-0.41978291,0.3912054,-0.2714031,8118000.10646082,0.18017201,0.25976992,0.16208568,-0.30554923,0.3205173,0.07462211,0.62923938,0.11583152,0.04750787,0.34492004,-0.12117294,-0.29142758,-0.19725707,-0.27424887,-0.31799793,-0.10408796,-0.18467456,-0.32543251,0.13873389,-0.38744459,-0.4194271,0.38881472,-0.26529646,8119000.10987923,0.18110453,0.26128,0.16555412,-0.31123671,0.31797907,0.07013067,0.62973088,0.11730383,0.04424923,0.34899637,-0.11808594,-0.29702953,-0.20441695,-0.27534139,-0.3195709,-0.10241055,-0.18765262,-0.32616049,0.13419627,-0.39422777,-0.41811168,0.39353654,-0.25501931,8120000.10934049,0.1769242,0.25744277,0.16243349,-0.30150911,0.31732842,0.07329355,0.63008791,0.11696873,0.0451378,0.34792727,-0.11780924,-0.29620954,-0.19931938,-0.27505088,-0.31862578,-0.10453447,-0.18933888,-0.3228592,0.13179287,-0.3905347,-0.41777638,0.38975969,-0.25859216,8121000.10630067,0.17194174,0.25202286,0.1542179,-0.28983998,0.30888963,0.07813908,0.62968147,0.11714805,0.05549966,0.3458479,-0.11211273,-0.29030788,-0.19920349,-0.27348611,-0.31549221,-0.1001748,-0.18216015,-0.31986177,0.13791694,-0.38091058,-0.41659287,0.39222258,-0.26695305,8122000.10551636,0.17632404,0.25543544,0.15754566,-0.2976853,0.31545639,0.07794118,0.62725407,0.11663709,0.05486511,0.34385806,-0.11540551,-0.28883165,-0.19831049,-0.27182391,-0.31487781,-0.09766106,-0.18751264,-0.32398286,0.13492052,-0.38843864,-0.42033049,0.38723475,-0.26199564,8123000.10649098,0.17658828,0.25540915,0.16068627,-0.29832518,0.3189919,0.07704858,0.62963152,0.11805437,0.05034779,0.34092513,-0.11769063,-0.29564381,-0.19561368,-0.27367681,-0.31603125,-0.1001602,-0.19373432,-0.32242998,0.14216737,-0.38973129,-0.42064273,0.38882405,-0.2673499,8124000.10522914,0.17279847,0.25619477,0.15981977,-0.30337647,0.31821045,0.07726109,0.62918508,0.11823464,0.04881126,0.33944705,-0.12374318,-0.28715125,-0.19598636,-0.27350467,-0.31667778,-0.10089695,-0.19516569,-0.32316113,0.13618027,-0.39203358,-0.41873682,0.38511294,-0.26599133,8125000.10673551,0.17543659,0.25721201,0.16192368,-0.30604285,0.31790286,0.07953473,0.62908036,0.11797041,0.04803283,0.34215593,-0.12207874,-0.29330486,-0.20308311,-0.27369297,-0.31834126,-0.10489548,-0.18471664,-0.32462767,0.13370445,-0.39031419,-0.41958395,0.38996917,-0.26386985,8126000.10623749,0.17867602,0.26143375,0.16433996,-0.30680355,0.31938943,0.08047416,0.62879938,0.11936165,0.04551025,0.34002653,-0.12491848,-0.29165474,-0.19253173,-0.27677691,-0.31672773,-0.10353122,-0.18728204,-0.32311323,0.13299029,-0.39090732,-0.41920933,0.39209962,-0.26574486,8127000.10556769,0.17807269,0.26091504,0.16695356,-0.30763105,0.32071003,0.07849018,0.62742925,0.1204344,0.04364588,0.33987129,-0.12393676,-0.29655501,-0.19895992,-0.27660304,-0.31739774,-0.10542966,-0.18442221,-0.3239367,0.13803634,-0.38588482,-0.41784704,0.39194489,-0.26550671,8128000.10489814,0.17294392,0.2538861,0.15924647,-0.29514331,0.32009539,0.07877777,0.62586057,0.11987918,0.0525554,0.34080681,-0.11642757,-0.28876141,-0.19631682,-0.27328384,-0.31522796,-0.1038013,-0.18758498,-0.32375407,0.14000905,-0.38060373,-0.41592187,0.39962307,-0.26267472,8129000.10620733,0.17555702,0.25239584,0.15573342,-0.29663002,0.31906828,0.08160185,0.62627888,0.11887725,0.05704026,0.33781132,-0.1154164,-0.28597304,-0.18913266,-0.27500173,-0.31430477,-0.10212168,-0.18168607,-0.31981128,0.1419301,-0.38943085,-0.41786876,0.39349151,-0.27262828,8130000.10760807,0.17297922,0.25712818,0.15728953,-0.29818407,0.31771973,0.07683842,0.62951869,0.11911906,0.05216419,0.33970225,-0.11781202,-0.28368685,-0.19779201,-0.27493075,-0.3154293,-0.10378647,-0.19035852,-0.31775841,0.1343168,-0.39537004,-0.41997913,0.39238054,-0.27080616,8131000.10520763,0.17672539,0.25890613,0.16204901,-0.30263937,0.31477517,0.07814004,0.63034344,0.11880076,0.05040585,0.34537253,-0.11819073,-0.28532058,-0.19402684,-0.27474585,-0.31431237,-0.0983604,-0.19381402,-0.32093835,0.13958685,-0.38965538,-0.42076701,0.39463249,-0.2752327,8132000.10636684,0.17564867,0.25622097,0.16191149,-0.3001644,0.3165687,0.07514422,0.62920052,0.11937035,0.04928824,0.34918135,-0.11736748,-0.29601365,-0.19478816,-0.27468568,-0.31449017,-0.10019504,-0.18902811,-0.32423744,0.13636428,-0.38907778,-0.41999719,0.39246869,-0.26880041,8133000.10619498,0.17470603,0.25934777,0.16431633,-0.3052136,0.31874695,0.07636245,0.63003057,0.11805562,0.0468993,0.34763965,-0.11935384,-0.29268262,-0.1933088,-0.27672803,-0.31527856,-0.10593002,-0.19240277,-0.32276681,0.1449552,-0.38058257,-0.41819406,0.3919248,-0.26194254,8134000.11094736,0.17922577,0.26357186,0.16511457,-0.30521262,0.32061875,0.07453332,0.62778401,0.11730926,0.04413561,0.34474757,-0.12273285,-0.30171216,-0.19107911,-0.28182173,-0.3157078,-0.10173491,-0.19339694,-0.31878084,0.1344723,-0.38278285,-0.41715643,0.39430222,-0.26944417,8135000.10640947,0.17579497,0.25617775,0.16179799,-0.3016974,0.31808251,0.07967104,0.62733436,0.12016252,0.04832418,0.33915138,-0.11750997,-0.28432462,-0.18608247,-0.27676421,-0.31341052,-0.10068266,-0.19231172,-0.31951502,0.13261732,-0.36920428,-0.41540426,0.38662207,-0.26150608,8136000.10225189,0.17213741,0.25040689,0.15530732,-0.29096979,0.31333303,0.08412026,0.6283946,0.12000703,0.0588509,0.35066268,-0.10833818,-0.28349587,-0.18963571,-0.27060854,-0.31052107,-0.10174218,-0.19636768,-0.31956673,0.13395861,-0.37451777,-0.41550562,0.38819298,-0.26280826,8137000.10428009,0.17479916,0.25135174,0.15827887,-0.29287332,0.31525734,0.07822407,0.62562972,0.12063976,0.05548901,0.34690264,-0.11637307,-0.30092105,-0.19564036,-0.27195355,-0.31392482,-0.10320864,-0.18535322,-0.31908035,0.13613731,-0.38947278,-0.41895735,0.39316469,-0.26295003,8138000.10723894,0.1736422,0.254697,0.15839405,-0.29758838,0.31787154,0.07687531,0.62898982,0.11866067,0.05198075,0.35769206,-0.11695945,-0.29281479,-0.18599668,-0.27817845,-0.31313396,-0.09913236,-0.18242858,-0.32030705,0.13223915,-0.38093665,-0.42123067,0.38222727,-0.27011314,8139000.10713574,0.17288801,0.26015332,0.16002505,-0.29899517,0.31569287,0.07375941,0.63057882,0.11922246,0.05150217,0.34846058,-0.12233615,-0.29035249,-0.18472673,-0.27240035,-0.31331566,-0.10047279,-0.18686335,-0.31892034,0.13692881,-0.38505706,-0.42283282,0.38391897,-0.26755178,8140000.10853244,0.18131116,0.25604716,0.16107579,-0.30406824,0.31474638,0.07232521,0.62864172,0.11939368,0.04893312,0.34225875,-0.12087925,-0.2970674,-0.18850654,-0.27374938,-0.31325543,-0.10346501,-0.19092952,-0.31691051,0.12692697,-0.38865939,-0.42116678,0.39453468,-0.26847655,8141000.10670186,0.17751071,0.25800404,0.16274177,-0.30557689,0.32042542,0.06908719,0.62846911,0.11878715,0.0453618,0.34946606,-0.12518075,-0.29934707,-0.19643696,-0.275608,-0.31435028,-0.104072,-0.19221838,-0.32099012,0.12976302,-0.3856588,-0.41877222,0.38997871,-0.26768476,8142000.10854454,0.1836815,0.26161963,0.16413027,-0.30572703,0.32142603,0.077571,0.62609929,0.11610214,0.04197945,0.34349793,-0.12341733,-0.29511043,-0.19810557,-0.27796027,-0.31320709,-0.10214788,-0.21667819,-0.32382387,0.13810806,-0.38382503,-0.41727757,0.38760635,-0.25999334,8143000.10404055,0.17671286,0.25675249,0.15667996,-0.29484779,0.31202871,0.07973379,0.62314421,0.11558474,0.04991498,0.34629422,-0.11697069,-0.29590026,-0.19573665,-0.27662534,-0.31115165,-0.10111473,-0.19269393,-0.32227781,0.13627128,-0.37878898,-0.41554978,0.38727027,-0.2639479,8144000.10115391,0.17130795,0.25136974,0.15352297,-0.29362658,0.30955651,0.07960152,0.62525707,0.11842957,0.05556443,0.34263936,-0.11524785,-0.29447365,-0.19083411,-0.27401149,-0.31001362,-0.10186279,-0.18163262,-0.31544244,0.13386734,-0.38520268,-0.41658667,0.38638842,-0.27374259,8145000.10629385,0.17725086,0.25822636,0.15674964,-0.30135968,0.31588167,0.07846077,0.63087207,0.11761595,0.05090059,0.344345,-0.12077443,-0.29362521,-0.20152214,-0.27168244,-0.31111085,-0.10231766,-0.18710291,-0.3159658,0.13056713,-0.38490877,-0.41942757,0.39314696,-0.27645844,8146000.10409495,0.17324512,0.25701773,0.15724392,-0.30071026,0.3114,0.07328273,0.62825561,0.11829808,0.04828954,0.34191343,-0.12316027,-0.28486875,-0.19453789,-0.27219439,-0.31073275,-0.10218952,-0.19079708,-0.317527,0.1399329,-0.38541806,-0.42014027,0.3878803,-0.27117649,8147000.10398343,0.17392272,0.25496608,0.15733863,-0.30041993,0.31347111,0.07488281,0.62463397,0.11746784,0.04741591,0.33980942,-0.12906817,-0.29862207,-0.19706643,-0.27787739,-0.31098506,-0.10582192,-0.17691588,-0.31714967,0.13796708,-0.38944581,-0.42020872,0.38173804,-0.26538983,8148000.10519435,0.17330708,0.25903934,0.15939708,-0.30515817,0.31254044,0.07343337,0.62380075,0.11686441,0.04563049,0.3377634,-0.12943488,-0.29679909,-0.20048419,-0.27658781,-0.31456792,-0.11219043,-0.18476646,-0.31769463,0.1329634,-0.38742712,-0.41930786,0.38472196,-0.26924548,8149000.11044626,0.17685907,0.25656402,0.16330686,-0.30970502,0.31632274,0.07046791,0.62688917,0.1152264,0.04230165,0.34222993,-0.12896673,-0.30483413,-0.19700186,-0.27780974,-0.31395546,-0.10851273,-0.20500314,-0.31372753,0.13756947,-0.39051235,-0.41709483,0.39331186,-0.26517263,8150000.1101734,0.18088309,0.26020497,0.16336598,-0.30657893,0.31587288,0.07161224,0.62447506,0.11667553,0.04056047,0.34102875,-0.13112667,-0.30276585,-0.20057997,-0.27559242,-0.31482503,-0.11051516,-0.19179998,-0.31716368,0.13727379,-0.38094527,-0.41381839,0.39399517,-0.26146269,8151000.10389905,0.17284407,0.25390202,0.15501699,-0.29912782,0.31451979,0.07701381,0.62662613,0.11649802,0.0470969,0.32676959,-0.12215678,-0.30073458,-0.20653224,-0.27456915,-0.31136233,-0.11130391,-0.18907399,-0.31840146,0.13320617,-0.38469625,-0.41136029,0.38117114,-0.25626493,8152000.10306172,0.16984011,0.25165203,0.15346169,-0.29945219,0.31076267,0.07750537,0.62798649,0.11776379,0.05355479,0.34727946,-0.12019413,-0.29876858,-0.19951682,-0.26985326,-0.31043127,-0.10840632,-0.18784691,-0.32045048,0.13212331,-0.38179237,-0.41215268,0.37903541,-0.25275895,8153000.10422837,0.17545177,0.25588262,0.15559207,-0.29873711,0.31449947,0.07485126,0.62730676,0.11630385,0.05027965,0.33905169,-0.12173149,-0.29905528,-0.19493322,-0.26843286,-0.31229022,-0.11160756,-0.19036107,-0.31536418,0.13194238,-0.38068318,-0.41515762,0.38737497,-0.26893169,8154000.10176247,0.17186834,0.2563048,0.15578836,-0.30260187,0.31201518,0.0715877,0.62504327,0.1167374,0.04646657,0.33151948,-0.12533213,-0.30074283,-0.1992695,-0.27388775,-0.31134278,-0.11246903,-0.18174066,-0.31278285,0.13643137,-0.38087493,-0.41600186,0.38289118,-0.26486138,8155000.10410049,0.17410548,0.25163293,0.15580201,-0.30631343,0.31310323,0.06950931,0.62726367,0.11416722,0.04473256,0.33502597,-0.12559247,-0.30197445,-0.20559597,-0.27200258,-0.31126153,-0.11420785,-0.18689558,-0.31562623,0.13289937,-0.37822735,-0.41602227,0.38321254,-0.25493908,8156000.10520763,0.17959979,0.25735539,0.15735197,-0.30851594,0.31959137,0.07225952,0.62657487,0.11365345,0.04176604,0.3307896,-0.12881584,-0.30207112,-0.20974799,-0.27154174,-0.31394958,-0.1133616,-0.18421796,-0.31516957,0.13152929,-0.37608072,-0.41415632,0.38609827,-0.26604122,8157000.10520763,0.17899057,0.26058191,0.15921366,-0.31073791,0.3168104,0.06936103,0.62472773,0.11471747,0.04022371,0.33649707,-0.13044591,-0.31340626,-0.20789889,-0.2696037,-0.31281447,-0.11447842,-0.19414583,-0.31459561,0.132818,-0.38353899,-0.41266736,0.39043111,-0.26622725,8158000.10365447,0.17887893,0.25620005,0.15892789,-0.31259751,0.31877127,0.06839947,0.62464333,0.11295144,0.03908465,0.33448732,-0.12922709,-0.30790964,-0.21577476,-0.27499899,-0.31467345,-0.1140637,-0.18711185,-0.31281769,0.13417011,-0.38306317,-0.41059843,0.38960087,-0.26085442,8159000.10006297,0.17277947,0.25290665,0.15366516,-0.29796654,0.30968386,0.07446086,0.6232217,0.11289262,0.04752237,0.33754614,-0.12378067,-0.30198669,-0.20492747,-0.27157515,-0.31188905,-0.11396944,-0.19506098,-0.31065667,0.1273599,-0.37965253,-0.40800121,0.38792706,-0.25575072,8160000.10208877,0.1729328,0.25448614,0.15498331,-0.30126476,0.31074041,0.08074556,0.62364739,0.11573699,0.05105544,0.33882657,-0.12599,-0.30091432,-0.20584632,-0.27094376,-0.31021705,-0.11180349,-0.18990386,-0.3123385,0.12906878,-0.37596169,-0.40914702,0.38228294,-0.26052687,8161000.10397543,0.17053026,0.25718087,0.15429971,-0.3060945,0.31607628,0.07467078,0.62419939,0.11249175,0.04566257,0.33246526,-0.12790754,-0.30527601,-0.20543396,-0.27053353,-0.31214324,-0.10769965,-0.20195553,-0.31329814,0.13255835,-0.37914756,-0.4104031,0.38435045,-0.25870681,8162000.10306172,0.17381467,0.25373241,0.15426601,-0.30419695,0.31080011,0.06851455,0.62299621,0.11047303,0.04427325,0.32861033,-0.13261862,-0.3090755,-0.2080425,-0.27450591,-0.31370243,-0.11602135,-0.18243568,-0.3147963,0.13413621,-0.37952027,-0.40921593,0.38330293,-0.25728703,8163000.10171065,0.17293218,0.25225705,0.15643825,-0.30884993,0.31338814,0.0730418,0.62581265,0.11156848,0.04273629,0.32746148,-0.13770659,-0.3015224,-0.20970675,-0.27206993,-0.31406838,-0.11519655,-0.19563124,-0.31183705,0.13598061,-0.37851739,-0.40851885,0.3813189,-0.25876752,8164000.10435349,0.17190668,0.25397468,0.15901725,-0.31388739,0.31660199,0.06579503,0.62771678,0.10832922,0.0419928,0.33315858,-0.13578954,-0.30570039,-0.20869386,-0.27054092,-0.31212062,-0.11593629,-0.20495589,-0.31344801,0.13279238,-0.37561306,-0.40771505,0.38789147,-0.25651565,8165000.10473976,0.17572461,0.25656402,0.16052052,-0.31336492,0.31636062,0.06371563,0.62582999,0.10963938,0.03898381,0.33107519,-0.13620347,-0.30252424,-0.20333484,-0.2711201,-0.31421849,-0.11365297,-0.19943948,-0.31227991,0.12919351,-0.37757298,-0.40588897,0.39245361,-0.25525886,8166000.10683492,0.1759339,0.25517192,0.16107579,-0.30828857,0.31604338,0.06870775,0.62403327,0.11236544,0.03942382,0.33417681,-0.13168807,-0.30879527,-0.20608412,-0.27305108,-0.31305084,-0.11597666,-0.19567382,-0.31672037,0.13597339,-0.37497142,-0.40349972,0.39109343,-0.2516672,8167000.10224382,0.17230949,0.24998608,0.15186794,-0.30201712,0.31301644,0.07586076,0.61974198,0.11182489,0.04970724,0.33684272,-0.12891501,-0.31605339,-0.20870455,-0.26650184,-0.30833974,-0.11801969,-0.19632752,-0.31265894,0.13523012,-0.37613475,-0.40165871,0.38014507,-0.25230074,8168000.10145817,0.17655602,0.25376388,0.15207535,-0.30206522,0.31640291,0.07279001,0.62388015,0.11226728,0.05033154,0.32883954,-0.12925561,-0.29636633,-0.21208814,-0.26686519,-0.31094933,-0.11373518,-0.19274215,-0.30828449,0.12566671,-0.3766205,-0.40459031,0.38157684,-0.2536743,8169000.10394553,0.17292784,0.25346333,0.15517953,-0.30658397,0.3136434,0.07056745,0.62708038,0.10957528,0.04447156,0.33315104,-0.1296737,-0.29957962,-0.21360053,-0.26476303,-0.31133416,-0.1186228,-0.19162896,-0.3086797,0.12844938,-0.37659842,-0.40509573,0.39177501,-0.25794354,8170000.10427191,0.17071308,0.25222132,0.15416491,-0.30643833,0.31633192,0.06526306,0.62805891,0.1101237,0.04348086,0.33027592,-0.13176112,-0.30322522,-0.21065271,-0.26711586,-0.31313396,-0.11532149,-0.20907497,-0.3096841,0.13260758,-0.37605071,-0.40458575,0.38254115,-0.25042662,8171000.10467977,0.17072934,0.25318971,0.15589681,-0.3131848,0.31411639,0.07264392,0.62477303,0.10996423,0.04146934,0.32151249,-0.13777784,-0.2987293,-0.21321113,-0.26925412,-0.31300148,-0.11384936,-0.20145874,-0.31077999,0.13069957,-0.37492412,-0.40293208,0.38242021,-0.25130805,8172000.10364094,0.17272575,0.25288475,0.15865852,-0.31319585,0.31546059,0.06429603,0.62236881,0.11068822,0.03985451,0.33337358,-0.13709538,-0.30340981,-0.21209738,-0.26913166,-0.31373706,-0.11592769,-0.18708628,-0.31059653,0.12939107,-0.38277194,-0.39955774,0.38705698,-0.25718185,8173000.10303185,0.17628953,0.25538284,0.15943584,-0.31787783,0.31500188,0.06845389,0.62462473,0.10698414,0.03558613,0.32314366,-0.13600226,-0.31077677,-0.21893522,-0.27295494,-0.31580159,-0.12199888,-0.19674931,-0.31200218,0.12958999,-0.37292534,-0.39917868,0.39104676,-0.24902655,8174000.10467127,0.17034291,0.25203276,0.15313813,-0.30834883,0.30821592,0.06843621,0.62175888,0.10976619,0.0417181,0.32457313,-0.13381669,-0.31099561,-0.21817815,-0.27152294,-0.31178993,-0.11753416,-0.1882527,-0.31369755,0.13838354,-0.36669344,-0.39652783,0.38615167,-0.25440812,8175000.10416039,0.16712973,0.25095326,0.15023044,-0.30127031,0.30763912,0.07167075,0.6226387,0.11099961,0.05036476,0.32886267,-0.12724172,-0.29190058,-0.21363072,-0.27098978,-0.30998698,-0.11671638,-0.19534062,-0.30718267,0.13368584,-0.36923942,-0.39705873,0.3814716,-0.2527639,8176000.10050849,0.1704452,0.25322554,0.15090416,-0.30649045,0.30775696,0.06749213,0.62516159,0.10889345,0.04579503,0.32976216,-0.13192725,-0.29461706,-0.21434225,-0.27237368,-0.31246489,-0.11517703,-0.19271387,-0.30994874,0.12960145,-0.3754127,-0.39946938,0.38273653,-0.25028914,8177000.10061979,0.16969547,0.25373241,0.15315643,-0.30797303,0.31060466,0.06495288,0.62685984,0.10961528,0.04288829,0.32519412,-0.13984798,-0.3045927,-0.21549465,-0.27531508,-0.31224272,-0.10954012,-0.19558534,-0.30831125,0.12788156,-0.37724185,-0.40029812,0.38083729,-0.25017405,8178000.1025797,0.16862106,0.25472364,0.1529603,-0.31370863,0.31158009,0.06543193,0.62577105,0.10813037,0.04158178,0.33016843,-0.14105122,-0.3027254,-0.21255283,-0.27340159,-0.31358692,-0.11770766,-0.18939085,-0.30723888,0.13526508,-0.37592974,-0.39966613,0.38294691,-0.25460935,8179000.10651719,0.16962326,0.25809938,0.15506454,-0.31541076,0.31357616,0.06651641,0.62283802,0.10878804,0.03887352,0.32263932,-0.14410257,-0.30790716,-0.21859762,-0.27369517,-0.31409383,-0.12016457,-0.19914776,-0.30980787,0.13502929,-0.36846754,-0.39990404,0.38562849,-0.25512359,8180000.10848099,0.16873193,0.25683302,0.15723686,-0.31882364,0.31777167,0.06444459,0.6287573,0.10710794,0.03548427,0.32213226,-0.14101121,-0.30795294,-0.22232234,-0.27440846,-0.31319886,-0.11832807,-0.19414385,-0.30847752,0.13821886,-0.37528515,-0.39952642,0.39190456,-0.24965639,8181000.10533588,0.17093357,0.25966102,0.15873969,-0.32245848,0.31811753,0.06264643,0.62403327,0.10659134,0.03300451,0.32791188,-0.14498402,-0.30431283,-0.21277048,-0.27657872,-0.31436244,-0.11938918,-0.20674509,-0.31049359,0.13242927,-0.37339884,-0.39526403,0.3889547,-0.24561986,8182000.10454661,0.16841088,0.25359666,0.15453041,-0.3146219,0.31145197,0.06415501,0.62424862,0.10766791,0.03937479,0.33258536,-0.14096071,-0.29963464,-0.21825707,-0.27195567,-0.31326655,-0.11928779,-0.19763647,-0.30850148,0.13540865,-0.36162663,-0.3925373,0.38590389,-0.24529789,8183000.10286867,0.16929241,0.2528486,0.15108112,-0.30767027,0.3091968,0.06938385,0.623492,0.10850304,0.04486396,0.33380648,-0.13719274,-0.30858451,-0.22145057,-0.27558947,-0.31253684,-0.12085861,-0.19916603,-0.3090862,0.13272849,-0.37225643,-0.3933768,0.37953916,-0.24973191,8184000.10306172,0.16596447,0.25554559,0.1526545,-0.30858514,0.31435701,0.06516843,0.62622035,0.1073603,0.04229109,0.34156641,-0.13968782,-0.30915406,-0.22065897,-0.27556777,-0.31429216,-0.11990342,-0.20752534,-0.30758518,0.13284981,-0.37336549,-0.39627886,0.38280669,-0.25115484,8185000.10312141,0.16549323,0.25424841,0.15289843,-0.31360099,0.3098776,0.0636201,0.62712276,0.10641589,0.03900791,0.32409039,-0.13872723,-0.30357414,-0.21776925,-0.27392244,-0.31428596,-0.11592048,-0.19954194,-0.3063519,0.13207963,-0.377379,-0.39861116,0.38235298,-0.24595441,8186000.10260181,0.16665813,0.25421232,0.15320943,-0.31891561,0.31265292,0.06323098,0.62714142,0.10524812,0.03684879,0.31919208,-0.14111553,-0.31571355,-0.22482698,-0.27350658,-0.31428823,-0.11747399,-0.19960944,-0.30963859,0.13650256,-0.37199107,-0.39746153,0.39049509,-0.24434125,8187000.1047181,0.16854958,0.25384885,0.15567333,-0.32697979,0.31315571,0.06277853,0.62642413,0.10501961,0.03486293,0.32230419,-0.14639437,-0.30202127,-0.22549644,-0.27914104,-0.31436998,-0.12045432,-0.19202529,-0.30802444,0.13623789,-0.36994272,-0.39538461,0.39004067,-0.24975228,8188000.10560247,0.1703781,0.25385356,0.15805618,-0.3266784,0.31677243,0.05858823,0.62695658,0.10493081,0.03204154,0.33277813,-0.15003625,-0.32147911,-0.22185116,-0.27846852,-0.31574276,-0.12195095,-0.19635636,-0.30826497,0.13638701,-0.37826487,-0.39416307,0.38623202,-0.24479422,8189000.10719131,0.17167892,0.25418079,0.15867156,-0.32877144,0.31179017,0.05885795,0.62404901,0.10520826,0.02961396,0.33376828,-0.14787672,-0.30712011,-0.21530172,-0.27894291,-0.31487542,-0.12071612,-0.20273064,-0.31114599,0.1349095,-0.37431136,-0.39236581,0.39249304,-0.24177974,8190000.10135286,0.16475637,0.25480303,0.1537125,-0.31946731,0.31658265,0.06081116,0.62312782,0.10554107,0.03409719,0.33498266,-0.14164962,-0.30098352,-0.2167787,-0.27671954,-0.31416804,-0.12402844,-0.19264384,-0.30912516,0.13342361,-0.36533323,-0.38900688,0.38491899,-0.24143796,8191000.10043425,0.16451193,0.25040689,0.15177865,-0.31371218,0.31051561,0.06188536,0.62598503,0.10648032,0.04245183,0.33387449,-0.13362163,-0.30378339,-0.21611179,-0.27664664,-0.31202051,-0.12461582,-0.20054235,-0.30967164,0.13142085,-0.36514595,-0.38785771,0.38558453,-0.24466693,8192000.10258612,0.16644868,0.25412264,0.15279777,-0.31772977,0.31210521,0.0643459,0.62636429,0.10833894,0.03973566,0.32565027,-0.13462856,-0.29865348,-0.2139412,-0.27504787,-0.31370652,-0.11827295,-0.19758131,-0.30960456,0.13299815,-0.37635073,-0.39193004,0.38655132,-0.24292079,8193000.1033799,0.16742922,0.25318971,0.1519464,-0.32017645,0.31077787,0.0655124,0.62815726,0.10616247,0.03537497,0.32950822,-0.13851808,-0.30802292,-0.21138103,-0.28081623,-0.31395513,-0.11918594,-0.19597866,-0.30999875,0.13453646,-0.38107267,-0.39245445,0.38279134,-0.24353004,8194000.10266768,0.16351709,0.25309545,0.15305561,-0.31993905,0.31206006,0.06115273,0.62622327,0.10289607,0.03528177,0.32922485,-0.14239196,-0.3108108,-0.20676826,-0.27870861,-0.31423745,-0.11957473,-0.18713474,-0.31205982,0.13391407,-0.37983584,-0.39332622,0.38898367,-0.25057796,8195000.10269754,0.16451886,0.25655323,0.15602535,-0.32838795,0.31468529,0.05754411,0.62784904,0.10565185,0.03265078,0.32187986,-0.14496212,-0.31042647,-0.21882448,-0.28247187,-0.3140153,-0.11914175,-0.18826814,-0.31098604,0.13320617,-0.36977133,-0.39254117,0.38666677,-0.24255358,8196000.1054008,0.17246182,0.25243193,0.15883385,-0.33074293,0.3123675,0.05894096,0.6235894,0.10247717,0.03043343,0.32435992,-0.14295083,-0.3008219,-0.20958143,-0.27912909,-0.31447291,-0.11778073,-0.20178343,-0.31057337,0.13305441,-0.36418045,-0.3912923,0.38664833,-0.23925355,8197000.1041736,0.16957927,0.2570329,0.15941444,-0.32891172,0.31684831,0.059111,0.62113237,0.10497331,0.02761933,0.32560509,-0.1424145,-0.30594942,-0.21833025,-0.28293651,-0.31445944,-0.11861354,-0.20288087,-0.31224367,0.13141933,-0.36781499,-0.38786623,0.38997972,-0.24163768,8198000.10116003,0.16996951,0.25289115,0.1513416,-0.31992963,0.31222269,0.06169681,0.62126482,0.10671198,0.03492788,0.33008346,-0.13699147,-0.29686281,-0.21197392,-0.28541514,-0.31178343,-0.12175679,-0.19824843,-0.31075051,0.13979961,-0.36966822,-0.38660029,0.39438987,-0.2410154,8199000.10197739,0.16973381,0.24692114,0.15066488,-0.31257266,0.31136209,0.05997439,0.62383944,0.10771471,0.04141362,0.32109448,-0.13129736,-0.29389918,-0.20348212,-0.2816909,-0.31010196,-0.11801887,-0.19898914,-0.31193721,0.13341597,-0.36859414,-0.38775665,0.38917887,-0.24452573,8200000.10399722,0.16957402,0.25550404,0.15269136,-0.32139066,0.31354505,0.06117531,0.62526357,0.10558952,0.03766343,0.32537422,-0.129261,-0.29095837,-0.20432539,-0.27856678,-0.31165153,-0.11527839,-0.19654626,-0.30950284,0.13323881,-0.38270658,-0.39137015,0.3926183,-0.24528438,8201000.10630665,0.16620937,0.25598383,0.1524142,-0.32212406,0.31089789,0.05749582,0.62526822,0.10700241,0.03611861,0.32826853,-0.13032731,-0.29352108,-0.20384188,-0.28280571,-0.31094301,-0.11289073,-0.19175653,-0.31143597,0.13648827,-0.37288079,-0.39091158,0.38745642,-0.24271534,8202000.10578717,0.16728978,0.25408122,0.15580867,-0.32299334,0.31738791,0.05687053,0.62728697,0.10827858,0.03530991,0.32680082,-0.1342912,-0.29913503,-0.20916612,-0.28091002,-0.31206003,-0.11749364,-0.19889739,-0.31629384,0.13053538,-0.37152502,-0.39070961,0.38756311,-0.24597003,8203000.10543083,0.16997911,0.25551942,0.15815555,-0.3267602,0.31714198,0.05658092,0.62660861,0.10888953,0.03334711,0.3307651,-0.133533,-0.3003746,-0.20766065,-0.28193769,-0.31231818,-0.11645886,-0.2001849,-0.31040773,0.13009013,-0.36928731,-0.3899897,0.39294091,-0.24621284,8204000.10632794,0.17304857,0.25575617,0.16060522,-0.33087963,0.31825933,0.05927679,0.62472022,0.10755874,0.03041002,0.31679371,-0.13131668,-0.29800251,-0.20224257,-0.2802982,-0.31216159,-0.11947341,-0.19740464,-0.31283417,0.13523591,-0.37387237,-0.38999173,0.4006083,-0.24475683,8205000.10789487,0.17133743,0.25873375,0.16006568,-0.32867211,0.31750545,0.05667542,0.62146777,0.10915555,0.02962627,0.33041045,-0.12954584,-0.30137762,-0.20536952,-0.28228876,-0.31106758,-0.11520755,-0.20081183,-0.31085506,0.14060801,-0.37064573,-0.3868295,0.40335906,-0.24090953,8206000.10651215,0.17007785,0.25029808,0.152064,-0.3140302,0.31540823,0.06355482,0.62105089,0.11165046,0.0390624,0.33375606,-0.12035748,-0.29253379,-0.20531608,-0.27719897,-0.30867872,-0.11558797,-0.20146255,-0.30922341,0.13402128,-0.37174332,-0.38518676,0.39001572,-0.23908326,8207000.10823019,0.16845003,0.250765,0.15123287,-0.31574047,0.31458604,0.06230293,0.62268519,0.11132897,0.04316309,0.33246323,-0.11965346,-0.28489015,-0.19999528,-0.2773571,-0.3079215,-0.11809655,-0.20595869,-0.30992422,0.13400735,-0.36175048,-0.38743699,0.39433458,-0.24173781,8208000.10973527,0.17115904,0.25296962,0.15512554,-0.32056257,0.31503958,0.06097475,0.62389445,0.10823811,0.03992063,0.33941257,-0.12151367,-0.28882343,-0.2051342,-0.27993965,-0.31010491,-0.11745556,-0.19594018,-0.31101403,0.13521925,-0.36338976,-0.39120165,0.38832667,-0.24964762,8209000.10783157,0.17125595,0.2530278,0.15396248,-0.32180229,0.31506845,0.06225723,0.62493807,0.11088907,0.03666642,0.32988378,-0.11971071,-0.29178825,-0.20123155,-0.28179961,-0.31085736,-0.11368866,-0.19049202,-0.31533909,0.13521199,-0.36999449,-0.39233574,0.38852194,-0.24076712,8210000.10717003,0.17109418,0.25380206,0.15585591,-0.32456812,0.31275016,0.06226854,0.62286055,0.11087407,0.03596868,0.33121333,-0.11871548,-0.29838333,-0.19372238,-0.27899539,-0.30972984,-0.1166407,-0.18750778,-0.31321022,0.13104562,-0.36673874,-0.39225131,0.3919248,-0.24294655,8211000.10785276,0.17182501,0.25662515,0.15964498,-0.32420427,0.31374806,0.05934397,0.62578291,0.10852551,0.03377464,0.32943383,-0.12166499,-0.29596758,-0.20069578,-0.28164631,-0.31079185,-0.11824118,-0.19668747,-0.3111355,0.13873118,-0.37066066,-0.39113182,0.38649815,-0.24442117,8212000.10833261,0.17433074,0.25918099,0.16068627,-0.32755777,0.31669658,0.06144021,0.62630028,0.1076709,0.03124155,0.32606661,-0.12311774,-0.29901859,-0.19749925,-0.28352627,-0.31200168,-0.11689488,-0.19844733,-0.30911741,0.13551399,-0.37317899,-0.39033854,0.38792467,-0.23898019,8213000.1100726,0.17586342,0.25601235,0.16224766,-0.32843059,0.31762242,0.05819216,0.62300742,0.10769545,0.02925088,0.32504797,-0.12089989,-0.29348895,-0.19533186,-0.28321055,-0.31073612,-0.11583529,-0.2014022,-0.31285751,0.13160793,-0.37606758,-0.38970119,0.385519,-0.23860244,8214000.11012366,0.17057021,0.25444257,0.15470356,-0.31469896,0.31267154,0.06240381,0.61966884,0.11144222,0.03692713,0.31726527,-0.11589375,-0.29852554,-0.1972747,-0.28084621,-0.30907118,-0.12196489,-0.19504097,-0.3097398,0.13945262,-0.36201873,-0.38725528,0.39313802,-0.23797125,8215000.10351302,0.17161609,0.24790566,0.15446272,-0.31040025,0.31085229,0.06798556,0.62328374,0.11247438,0.04466937,0.33468756,-0.10804784,-0.29128593,-0.18693741,-0.27870494,-0.30668449,-0.11582336,-0.18508847,-0.3106907,0.12835234,-0.36367914,-0.38877904,0.3967483,-0.23886576,8216000.10438345,0.17216432,0.24969035,0.15603875,-0.31717664,0.31030566,0.06334275,0.6282596,0.11250903,0.04026027,0.33163676,-0.1114968,-0.2977058,-0.1898879,-0.27812681,-0.30744237,-0.11491001,-0.18859702,-0.31282946,0.13028945,-0.37390921,-0.39247096,0.39675701,-0.23444231,8217000.10573564,0.1715567,0.25166979,0.15539585,-0.31577626,0.30874702,0.06311519,0.62406397,0.11481389,0.03822802,0.32277095,-0.11369838,-0.28746423,-0.19180913,-0.27777728,-0.30952349,-0.11742057,-0.1856368,-0.31406432,0.13240367,-0.371975,-0.39383239,0.39401594,-0.24358888,8218000.1047997,0.17412578,0.25479764,0.15722935,-0.31806478,0.31287771,0.06163248,0.6269564,0.11641957,0.03736145,0.32502297,-0.11666186,-0.29517478,-0.18249615,-0.28097892,-0.31028205,-0.11452799,-0.18048094,-0.31906372,0.13191982,-0.37082455,-0.39444605,0.38921455,-0.24430344,8219000.10788295,0.17552149,0.25672072,0.15932058,-0.32193714,0.3168104,0.06416823,0.62964678,0.11381121,0.03594097,0.32986706,-0.11551166,-0.28673077,-0.19084325,-0.28150609,-0.31004488,-0.11730366,-0.1834133,-0.31517655,0.13008274,-0.37470928,-0.3947553,0.38844121,-0.24455692,8220000.10788295,0.17219631,0.25515568,0.16400258,-0.32628047,0.31952876,0.05949552,0.62529504,0.11367068,0.03195729,0.32682675,-0.1174004,-0.28635791,-0.1871037,-0.27959883,-0.31030476,-0.11516597,-0.1834251,-0.31679183,0.1337973,-0.36686131,-0.39311522,0.39419356,-0.24287054,8221000.11243482,0.17489594,0.26062575,0.1642126,-0.32719958,0.32009465,0.06065919,0.62105268,0.11211868,0.03047152,0.32777384,-0.11931004,-0.28775364,-0.19049913,-0.27820593,-0.30957732,-0.11271545,-0.18256877,-0.31553432,0.13234656,-0.36751825,-0.39173147,0.3926515,-0.2329322,8222000.10981839,0.17640604,0.25823441,0.16169451,-0.32004896,0.3184551,0.06409717,0.62198222,0.11456271,0.03217665,0.32576773,-0.11480331,-0.29055959,-0.19162481,-0.27958176,-0.30998585,-0.11880047,-0.18353546,-0.31414431,0.13331787,-0.36646727,-0.38905454,0.39370963,-0.23319919,8223000.10868886,0.1713971,0.24969372,0.15438762,-0.30802673,0.31410339,0.06224651,0.6207878,0.11515656,0.04421672,0.33369902,-0.10349946,-0.28650308,-0.19719197,-0.28114027,-0.30657214,-0.11583273,-0.19491625,-0.31354341,0.13826622,-0.35772514,-0.38909948,0.38686928,-0.23736484,8224000.10757789,0.16909744,0.25133348,0.15562586,-0.30837107,0.31302002,0.06405745,0.62727004,0.11623985,0.04380931,0.33676735,-0.10757023,-0.28449643,-0.1876912,-0.28004387,-0.30702999,-0.11144211,-0.18537593,-0.31373319,0.13472715,-0.36252734,-0.3918885,0.38759869,-0.22762352,8225000.10710975,0.17286091,0.25353354,0.15766896,-0.31714922,0.31770569,0.06495899,0.62794811,0.11486139,0.04122328,0.34022161,-0.10812212,-0.28485692,-0.1862071,-0.27877223,-0.30802026,-0.1127192,-0.17425334,-0.31283355,0.13814418,-0.36997819,-0.39399448,0.38950735,-0.23254839,8226000.10347773,0.17188755,0.2566371,0.15943584,-0.31418729,0.31473735,0.06023952,0.62644458,0.11437992,0.03912885,0.33874714,-0.10782309,-0.27939686,-0.19261891,-0.28001496,-0.31042978,-0.11037368,-0.1895602,-0.31386203,0.13770595,-0.36072701,-0.39530766,0.39124745,-0.24092922,8227000.10807629,0.17536508,0.25515568,0.15970446,-0.31448758,0.31949058,0.06203744,0.62500727,0.11514787,0.03790242,0.33473763,-0.11117084,-0.28360727,-0.18861628,-0.27853203,-0.31147328,-0.11077534,-0.18167663,-0.31727058,0.12871325,-0.37060568,-0.3950794,0.38600141,-0.24593432,8228000.10908501,0.17640187,0.25870827,0.16403873,-0.32005942,0.31713212,0.06114037,0.62365037,0.11405238,0.03636157,0.33072665,-0.11288892,-0.29712635,-0.18573327,-0.28071335,-0.30968565,-0.11235967,-0.18580405,-0.31701916,0.13092883,-0.36977878,-0.39410368,0.38743749,-0.2371515,8229000.11269975,0.17945205,0.25999966,0.16375038,-0.3249591,0.31682444,0.0613857,0.62300742,0.11551216,0.03383171,0.32312441,-0.11221368,-0.27589971,-0.18438883,-0.28071979,-0.3088052,-0.11116976,-0.18932258,-0.31537327,0.13889323,-0.36358088,-0.39318177,0.39349079,-0.23330562,8230000.11198654,0.17869787,0.25790897,0.16254896,-0.3266443,0.32041413,0.06103445,0.62311375,0.11605711,0.03331255,0.33038858,-0.10975642,-0.28547034,-0.1864869,-0.28101724,-0.30956256,-0.11025503,-0.18505992,-0.31343424,0.13486509,-0.37058288,-0.39235774,0.39520335,-0.24141403,8231000.10973751,0.17976323,0.25374746,0.1592366,-0.31102225,0.31717345,0.06352937,0.62385374,0.11597242,0.04148378,0.32519865,-0.10406688,-0.28801459,-0.18262661,-0.2766692,-0.30780005,-0.10819414,-0.18713652,-0.31084061,0.1363942,-0.36492652,-0.38911015,0.38281903,-0.2342028,8232000.10581207,0.17870218,0.25114447,0.15711072,-0.30813006,0.31306353,0.06828047,0.62467808,0.11881593,0.04840998,0.32882181,-0.09898647,-0.27865171,-0.18073228,-0.27268025,-0.30423692,-0.10884051,-0.18603337,-0.31219769,0.13321248,-0.3696467,-0.39068502,0.38940606,-0.24020979,8233000.10561899,0.17680377,0.25181237,0.16223557,-0.31281435,0.31677243,0.06812466,0.62703604,0.11718105,0.04344458,0.33087397,-0.10189079,-0.27403185,-0.17902002,-0.27238905,-0.30683315,-0.1100935,-0.17749411,-0.31334996,0.13666922,-0.3619501,-0.39444259,0.38325402,-0.23975091,8234000.1075386,0.17748287,0.25407058,0.16261639,-0.31542733,0.32055557,0.06676121,0.62327427,0.11890929,0.04220535,0.33606607,-0.1017072,-0.26946616,-0.18802866,-0.2762576,-0.30670351,-0.10329383,-0.18475428,-0.31611606,0.13514078,-0.36616561,-0.39469445,0.38757065,-0.24243149,8235000.10900348,0.18031076,0.25517586,0.16356458,-0.31395304,0.32028601,0.06099183,0.62528026,0.11810365,0.04213393,0.32973149,-0.10171452,-0.27451086,-0.18506125,-0.27497786,-0.30498558,-0.11023121,-0.18980607,-0.31322715,0.13681062,-0.36271781,-0.39538461,0.38677186,-0.23646745,8236000.11069382,0.1792939,0.25592294,0.16481401,-0.31603602,0.32124791,0.06795572,0.62521553,0.1184973,0.03989676,0.33947492,-0.09765323,-0.27282411,-0.18828006,-0.27614808,-0.30614462,-0.10699289,-0.19151634,-0.31488204,0.13544522,-0.3600308,-0.39440641,0.38744354,-0.23211791,8237000.11310714,0.18347505,0.25838792,0.16901281,-0.31583029,0.31860793,0.07264636,0.62114882,0.11790308,0.03789056,0.3359614,-0.10242951,-0.2796244,-0.19188076,-0.27553347,-0.30585206,-0.11006846,-0.18564539,-0.31470379,0.1358128,-0.3619858,-0.39328098,0.38910779,-0.23945722,8238000.11232264,0.18331526,0.25921685,0.16986719,-0.31655392,0.31968522,0.06794942,0.61940295,0.11590701,0.03574482,0.33219311,-0.10180417,-0.28092641,-0.18229252,-0.27318129,-0.30581653,-0.1088649,-0.18821427,-0.31684288,0.13172168,-0.36443526,-0.39184722,0.39713424,-0.23666073,8239000.1086695,0.18017013,0.25682777,0.16264194,-0.30641848,0.32092819,0.07014158,0.61734104,0.11940952,0.04470422,0.33011049,-0.09428903,-0.28098014,-0.18656749,-0.27630383,-0.30460748,-0.10531157,-0.18191054,-0.31073168,0.13738681,-0.35715768,-0.38925093,0.38812813,-0.23470961,8240000.10830231,0.17885135,0.25314194,0.16105917,-0.30064586,0.31810942,0.07661012,0.62108451,0.12077615,0.05169418,0.3324784,-0.08586412,-0.2761876,-0.17666161,-0.27376607,-0.30222228,-0.10526147,-0.16780905,-0.31249246,0.13741197,-0.36184788,-0.39079177,0.39273506,-0.23700871,8241000.11052997,0.1817027,0.25400156,0.16606312,-0.30248433,0.32203037,0.07523103,0.62006336,0.12166932,0.04807855,0.34410626,-0.09335125,-0.2777606,-0.17794539,-0.27583504,-0.30520198,-0.09863911,-0.17714557,-0.31486627,0.14033359,-0.36433131,-0.39333656,0.39269891,-0.2324383,8242000.11042759,0.18058287,0.2546016,0.16545004,-0.30602154,0.32141528,0.07024747,0.62328589,0.12178451,0.04430474,0.34185383,-0.09399345,-0.27780545,-0.17837715,-0.27299336,-0.305511,-0.10199374,-0.19048516,-0.31277233,0.14072767,-0.36312589,-0.39312601,0.38738203,-0.23841555,8243000.10866802,0.18422487,0.25264347,0.1645135,-0.30828768,0.32232574,0.06833123,0.62165302,0.12070718,0.04396171,0.34087771,-0.09123745,-0.28013244,-0.17359067,-0.27338952,-0.30441138,-0.09564243,-0.18372621,-0.31051823,0.14000818,-0.35408518,-0.39317524,0.39272568,-0.2385049,8244000.11349462,0.18633842,0.25385442,0.16864322,-0.30545491,0.3232494,0.07127576,0.62346536,0.12129843,0.04202164,0.34983337,-0.09702926,-0.27356708,-0.18277003,-0.27775154,-0.30528402,-0.09638139,-0.17620301,-0.31426409,0.14014205,-0.35687041,-0.39282489,0.39703992,-0.24262771,8245000.11573818,0.18851279,0.26100817,0.17260252,-0.30966884,0.32346603,0.06935759,0.62408942,0.12055405,0.03975362,0.33467397,-0.09551575,-0.26719412,-0.17846894,-0.27702609,-0.30595413,-0.09691417,-0.17661625,-0.31206816,0.13841902,-0.35185951,-0.39258364,0.3960664,-0.24430217,8246000.1159414,0.18971808,0.2609036,0.17463858,-0.31257871,0.32022351,0.0672612,0.62105763,0.12025269,0.03768658,0.34313267,-0.09612462,-0.2762993,-0.18055268,-0.27442956,-0.30350342,-0.09892134,-0.18112175,-0.31562412,0.14538769,-0.35593277,-0.39145854,0.39348945,-0.23690629,8247000.11283112,0.18728773,0.25865102,0.16608317,-0.30415586,0.32338867,0.07270898,0.61850345,0.12228904,0.04411771,0.34144911,-0.08715267,-0.28049469,-0.17516054,-0.27214581,-0.29986185,-0.09852546,-0.17557785,-0.3103779,0.138624,-0.35874322,-0.38911396,0.39027485,-0.23424904,8248000.11135543,0.18285458,0.25425139,0.16022931,-0.29186112,0.31805938,0.0809257,0.61988282,0.12378042,0.05477051,0.33708003,-0.08036183,-0.28284243,-0.17690141,-0.27172399,-0.30148786,-0.09849543,-0.16870062,-0.30863249,0.13627842,-0.35295844,-0.38924596,0.38764241,-0.23584032,8249000.10935986,0.18398249,0.25574416,0.16215619,-0.2960732,0.32126111,0.08085265,0.62115014,0.12543295,0.0513813,0.34616691,-0.08677979,-0.26809213,-0.16964953,-0.27151421,-0.30198267,-0.09402927,-0.17731033,-0.30785507,0.13579202,-0.35625246,-0.39303216,0.38648605,-0.23825514,8250000.10550382,0.18972592,0.25827327,0.16654889,-0.29839933,0.32218465,0.07819179,0.62640059,0.12327788,0.04806173,0.35840166,-0.08940896,-0.26289859,-0.17467645,-0.26610112,-0.30243179,-0.09435368,-0.16898556,-0.31203797,0.13495921,-0.34945008,-0.39519173,0.3910971,-0.24322939,8251000.11301497,0.18937595,0.2560305,0.16804174,-0.29955322,0.32172301,0.078724,0.62692511,0.12291986,0.04640346,0.35210866,-0.09203918,-0.27290717,-0.17847267,-0.27512404,-0.30327615,-0.09410273,-0.17430091,-0.3114683,0.13959098,-0.34536576,-0.39591357,0.38966233,-0.24374184,8252000.11284195,0.18867406,0.25818387,0.16817984,-0.30360106,0.32377526,0.07618294,0.62422574,0.12233428,0.04524144,0.34210712,-0.09158266,-0.27956128,-0.17929158,-0.27911025,-0.30244341,-0.09308448,-0.18156059,-0.3119989,0.1390326,-0.35731104,-0.39477789,0.39490041,-0.2426109,8253000.11287298,0.19060653,0.26016429,0.17333019,-0.3015635,0.32337758,0.07487774,0.62582862,0.12471064,0.04345011,0.33375159,-0.09286524,-0.28481472,-0.17903908,-0.2742106,-0.30268222,-0.0923727,-0.17382307,-0.31310797,0.13553455,-0.35686588,-0.39506206,0.39283523,-0.23993364,8254000.1140137,0.19004591,0.25903085,0.17272422,-0.30543783,0.32347989,0.0773531,0.62123752,0.12461252,0.03953303,0.33822411,-0.09183117,-0.27759698,-0.17399605,-0.27310398,-0.30055538,-0.09588617,-0.17934881,-0.3155995,0.1359183,-0.34937575,-0.39396679,0.39444855,-0.23635837,8255000.1124347,0.19151364,0.25911248,0.17317332,-0.3036212,0.32681561,0.07201207,0.62238657,0.12351173,0.04060516,0.33798426,-0.09104691,-0.27574849,-0.17702389,-0.27575639,-0.30113634,-0.09565344,-0.17276059,-0.31265578,0.14236999,-0.35193083,-0.39149225,0.39775652,-0.22922294,8256000.10796697,0.18816413,0.25622115,0.16183385,-0.28890598,0.32024908,0.07754031,0.62100917,0.12336799,0.0517302,0.35379985,-0.08881896,-0.26774481,-0.1790925,-0.27380547,-0.30005586,-0.09089898,-0.17430349,-0.30968559,0.13535197,-0.35132444,-0.39123154,0.38692975,-0.2414591,8257000.107741,0.18918617,0.25640178,0.16156715,-0.29094037,0.31696939,0.07530512,0.62179273,0.12611999,0.05324362,0.36313677,-0.08543871,-0.26121014,-0.1701217,-0.27185699,-0.29866141,-0.08965372,-0.16378115,-0.30956003,0.13500358,-0.35311726,-0.39483681,0.39472997,-0.23576556,8258000.10946025,0.18425344,0.25746197,0.16510312,-0.29205039,0.31956905,0.0737109,0.62353534,0.12612949,0.04925834,0.34941256,-0.08990844,-0.28090134,-0.16969123,-0.27122876,-0.30204299,-0.09123673,-0.1643094,-0.30873564,0.13609304,-0.35500458,-0.39728707,0.394548,-0.2423802,8259000.1121292,0.18818578,0.2585094,0.16746272,-0.29239079,0.32308239,0.07691187,0.6265803,0.12571327,0.04838505,0.34873828,-0.08875382,-0.28736043,-0.176567,-0.27369732,-0.30127397,-0.08900613,-0.17616892,-0.30783185,0.13810813,-0.35642472,-0.39859331,0.39037982,-0.24919492,8260000.10934839,0.19400884,0.25797307,0.16711541,-0.29222682,0.3218897,0.07853474,0.62459952,0.12545961,0.04658852,0.35074311,-0.0906385,-0.2764014,-0.17606965,-0.27361017,-0.30087093,-0.08973435,-0.17457259,-0.30895612,0.13755141,-0.35856918,-0.39843169,0.39412254,-0.24431072,8261000.11136482,0.19534157,0.26167354,0.17284511,-0.30141327,0.32448074,0.0764392,0.62168932,0.12477183,0.04268467,0.34870881,-0.09069815,-0.28219259,-0.17607553,-0.27399546,-0.29906106,-0.0886599,-0.17334473,-0.30656394,0.13810393,-0.35800642,-0.39872038,0.39525265,-0.24470124,8262000.11470788,0.19807371,0.26330549,0.17663567,-0.29752254,0.32425013,0.0726891,0.62704474,0.12404996,0.0406755,0.35051486,-0.09537771,-0.28721496,-0.17277405,-0.2751863,-0.3004081,-0.09037924,-0.16708443,-0.31229976,0.13617355,-0.35712126,-0.39761001,0.39395064,-0.24070521,8263000.11597216,0.19884907,0.26405296,0.18084352,-0.29994401,0.32409555,0.07739449,0.62282974,0.12327171,0.03947389,0.34805679,-0.09250427,-0.28233218,-0.18568432,-0.27437842,-0.30094662,-0.09004674,-0.17316517,-0.31087884,0.1314128,-0.3558875,-0.39639872,0.39336631,-0.23875141,8264000.11354508,0.19079009,0.25455111,0.17100844,-0.29040787,0.32128689,0.07859907,0.62439454,0.12519887,0.04612242,0.34579897,-0.0862334,-0.28243658,-0.17793564,-0.27504978,-0.29938996,-0.08854722,-0.17168143,-0.30654791,0.13610761,-0.35728639,-0.39432943,0.39422822,-0.23588908,8265000.11022459,0.19255379,0.25513166,0.16836351,-0.28430694,0.31813592,0.08386033,0.62617064,0.12719333,0.0556061,0.35194609,-0.08241767,-0.2753011,-0.17792141,-0.27330384,-0.29773828,-0.08918533,-0.16313802,-0.30933729,0.13630143,-0.3549116,-0.39447179,0.39226472,-0.24866927,8266000.11091693,0.19115089,0.25921306,0.17088962,-0.28832543,0.32358304,0.08344537,0.6277656,0.12690571,0.05192496,0.35165483,-0.08480103,-0.28275165,-0.17445977,-0.27262646,-0.29919952,-0.08468588,-0.17757946,-0.31396315,0.13456607,-0.36090031,-0.39830077,0.38726425,-0.24300729,8267000.11016382,0.1922106,0.25954556,0.1727891,-0.29433972,0.32571429,0.07981061,0.62680233,0.12628879,0.0472184,0.35233542,-0.09190448,-0.27674076,-0.17779899,-0.27215096,-0.29938573,-0.08661796,-0.16819644,-0.31154442,0.13163143,-0.35881114,-0.39963096,0.39058846,-0.23667763,8268000.11458521,0.19659714,0.25951344,0.17157198,-0.29429692,0.32222307,0.07836994,0.62441295,0.12661669,0.04601543,0.34444675,-0.08994211,-0.27705786,-0.18483466,-0.27464744,-0.29862773,-0.08837212,-0.16419388,-0.30817112,0.13646047,-0.35508117,-0.3999722,0.39016551,-0.24431053,8269000.11278124,0.19951551,0.25900209,0.17205724,-0.2943975,0.32240197,0.08137415,0.62443137,0.12755825,0.04532035,0.3428295,-0.08780638,-0.28203702,-0.17530082,-0.27912009,-0.30041015,-0.08536305,-0.17008714,-0.30821675,0.14503571,-0.36190099,-0.40069413,0.39391395,-0.2532022,8270000.11274026,0.19861314,0.26045388,0.17624125,-0.29510796,0.32648551,0.08050299,0.62737513,0.12710863,0.04259564,0.35322896,-0.09073925,-0.29112288,-0.17688468,-0.2742646,-0.29840454,-0.08871354,-0.16830976,-0.30675432,0.14096786,-0.36222035,-0.39980692,0.39734656,-0.24290842,8271000.11427791,0.19767879,0.26401183,0.17816149,-0.29565984,0.32685876,0.08242784,0.62750459,0.12718521,0.03962191,0.35409728,-0.08864349,-0.28433865,-0.18147975,-0.27583885,-0.29934826,-0.09032203,-0.16373082,-0.30749983,0.13847262,-0.35868523,-0.39793825,0.39684176,-0.22989157,8272000.1102458,0.19345647,0.26267204,0.17227976,-0.28555983,0.32269773,0.08719373,0.6301229,0.12999068,0.04819467,0.34192473,-0.08369712,-0.27766305,-0.17929582,-0.27565089,-0.29651922,-0.08831935,-0.17129828,-0.3052794,0.13425124,-0.35263753,-0.39635643,0.40218663,-0.24127358,8273000.10723708,0.19515283,0.25975654,0.16933328,-0.28232238,0.32534236,0.08902226,0.63107908,0.13169183,0.05467891,0.3537617,-0.08010585,-0.2876001,-0.17504224,-0.26723906,-0.29659078,-0.08181673,-0.16752538,-0.30552977,0.13499972,-0.35235915,-0.39853311,0.39559802,-0.24670583,8274000.10801929,0.19191994,0.26323137,0.17244656,-0.28770512,0.32251701,0.0898141,0.63012576,0.13257493,0.05057913,0.35326171,-0.08499119,-0.2877484,-0.17565502,-0.26866847,-0.29804486,-0.08043084,-0.1678447,-0.30409569,0.13227433,-0.36006796,-0.40142682,0.39644659,-0.25024751,8275000.10679027,0.19627205,0.26254037,0.17226982,-0.28593311,0.32294026,0.08565933,0.63145012,0.13040699,0.04737863,0.3521342,-0.08653184,-0.29122755,-0.17550839,-0.26582524,-0.29798082,-0.08547405,-0.16377982,-0.30385539,0.13471666,-0.35458875,-0.40148491,0.40332013,-0.24524462,8276000.10919851,0.19810411,0.26566139,0.17644139,-0.29041496,0.32940626,0.08783913,0.63282377,0.13034166,0.04799522,0.35775948,-0.08726421,-0.28514588,-0.17532159,-0.27001789,-0.2973043,-0.08532617,-0.16869825,-0.30527568,0.14152421,-0.34311947,-0.4026376,0.40279254,-0.24820854,8277000.1159279,0.20059443,0.2707268,0.18259367,-0.29154652,0.33283052,0.09230801,0.63542157,0.13228595,0.04501723,0.36370116,-0.08804029,-0.28468823,-0.18264858,-0.27540672,-0.29855919,-0.08440582,-0.16285737,-0.30583155,0.13956493,-0.35268152,-0.40221214,0.40585831,-0.25015935,8278000.11418556,0.20427322,0.27080789,0.18350065,-0.29493725,0.33204463,0.0867818,0.63387376,0.13398638,0.04276061,0.35981798,-0.08905556,-0.2945424,-0.18456809,-0.27627718,-0.29894462,-0.08920148,-0.17848486,-0.30294371,0.13497935,-0.35579002,-0.40015885,0.4044328,-0.24380451,8279000.11414038,0.20055486,0.26278386,0.17943504,-0.28706065,0.3328771,0.08724877,0.62916797,0.13067152,0.0461226,0.3537575,-0.08562145,-0.28434268,-0.18228565,-0.27455634,-0.29775873,-0.08769603,-0.18685609,-0.31003633,0.14072917,-0.34875399,-0.39970973,0.40213305,-0.24163978,8280000.10947201,0.19579139,0.26111931,0.17225422,-0.2800653,0.32571429,0.09316702,0.63021517,0.13149935,0.05644614,0.34986776,-0.07777477,-0.28482798,-0.17505018,-0.27191487,-0.29446548,-0.08166938,-0.1722298,-0.30296925,0.13678698,-0.34976527,-0.39924771,0.39762262,-0.25355619,8281000.1110092,0.199184,0.26627886,0.17664541,-0.28174409,0.32914871,0.09313469,0.63286501,0.13257493,0.05587596,0.35362732,-0.07908767,-0.28025377,-0.17481036,-0.27117395,-0.29670653,-0.07883245,-0.18201476,-0.30521089,0.12579961,-0.35500407,-0.40212184,0.39080834,-0.25053862,8282000.11654266,0.20086722,0.26876044,0.18236069,-0.28419018,0.32979265,0.08846086,0.63338411,0.13218911,0.05178655,0.34772456,-0.08072729,-0.28258309,-0.17794596,-0.26828298,-0.29740101,-0.08384575,-0.17137641,-0.30626905,0.13487397,-0.35351369,-0.40658325,0.40395012,-0.24967374,8283000.11796475,0.19657364,0.27735305,0.18601063,-0.28783432,0.33276767,0.09032742,0.63491106,0.13162349,0.05180582,0.36544693,-0.08174733,-0.28517339,-0.18132903,-0.27117506,-0.3002308,-0.08522116,-0.17347662,-0.30534717,0.13605487,-0.35464105,-0.4067986,0.40797144,-0.24648468,8284000.12253839,0.19879363,0.27799988,0.19048548,-0.28700152,0.33647057,0.09004015,0.63505816,0.13273649,0.05051239,0.35976684,-0.08403204,-0.2851305,-0.18460123,-0.27426431,-0.30134574,-0.07953634,-0.17212497,-0.30104396,0.13669509,-0.36644423,-0.40754947,0.41466728,-0.25526443,8285000.12311132,0.19935505,0.27882564,0.18979003,-0.29076314,0.33650509,0.09392639,0.6349538,0.13205923,0.04896456,0.35289085,-0.08385091,-0.28266707,-0.18056653,-0.27778342,-0.30120414,-0.08245943,-0.18143733,-0.30694821,0.13110493,-0.36532739,-0.40866956,0.41047046,-0.26236185,8286000.12304691,0.19959533,0.27460417,0.18627064,-0.28866708,0.33492619,0.09344549,0.6318261,0.13206063,0.04950729,0.35312721,-0.08276919,-0.28639853,-0.17696585,-0.27570876,-0.30031699,-0.08215622,-0.17832835,-0.30483979,0.12623011,-0.36111996,-0.40887108,0.40434542,-0.25603116,8287000.11578957,0.19548675,0.26958552,0.18016626,-0.28118038,0.327925,0.09761721,0.62754112,0.13343725,0.0577384,0.3486537,-0.07591258,-0.28202644,-0.1768007,-0.27785265,-0.29931566,-0.08194382,-0.19063462,-0.30147463,0.1304546,-0.36938041,-0.41145143,0.41228434,-0.25795841,8288000.11644288,0.19313306,0.2698029,0.1793458,-0.28177109,0.33087465,0.10170121,0.62990117,0.13229889,0.05608553,0.34693763,-0.0770119,-0.28654182,-0.1782863,-0.27536595,-0.30079377,-0.08071262,-0.18453996,-0.29987559,0.13082305,-0.37354371,-0.41415885,0.40382716,-0.26205558,8289000.11748447,0.19466893,0.27419615,0.18070401,-0.28609353,0.32797849,0.09690229,0.62729132,0.13388313,0.05151703,0.34704852,-0.0851552,-0.28171465,-0.18406367,-0.27310723,-0.30107182,-0.08566151,-0.17774722,-0.30224186,0.13128537,-0.37771028,-0.4169316,0.40018222,-0.25995702,8290000.11635102,0.19653459,0.27130562,0.18089186,-0.28728616,0.32553482,0.0948851,0.62920326,0.13173856,0.04962496,0.35801873,-0.09169876,-0.2759212,-0.1845144,-0.27426824,-0.30024126,-0.08149009,-0.17045058,-0.30552328,0.13440435,-0.37359244,-0.41832167,0.40506414,-0.26308492,8291000.1171067,0.1966593,0.27125591,0.18260066,-0.2870765,0.32671782,0.088529,0.62970424,0.12970211,0.04835615,0.34970018,-0.09191124,-0.28930449,-0.18386328,-0.27712032,-0.30171159,-0.09127277,-0.1788685,-0.30605313,0.13507305,-0.37396926,-0.4189758,0.40159738,-0.26803726,8292000.11907872,0.19168453,0.2737304,0.18486796,-0.29232112,0.32748953,0.08934606,0.6252563,0.13022263,0.04587427,0.35412318,-0.09655705,-0.29294086,-0.1828544,-0.27676702,-0.30313784,-0.0891021,-0.17807677,-0.30776674,0.1356017,-0.37661314,-0.4174726,0.39952466,-0.26799938,8293000.12151152,0.19411251,0.27405685,0.18115456,-0.29323223,0.32918751,0.09014459,0.62831932,0.12851956,0.04598893,0.34757233,-0.09693067,-0.29124644,-0.18443559,-0.27623317,-0.30349809,-0.08757968,-0.17585889,-0.30793616,0.12978551,-0.36525953,-0.41686249,0.4023028,-0.26425752,8294000.11740279,0.18890446,0.26608866,0.17240241,-0.2826618,0.32535535,0.09325407,0.62555212,0.1295719,0.0559354,0.3479971,-0.09097288,-0.28774342,-0.18796563,-0.27571392,-0.30287158,-0.08366335,-0.18027051,-0.30997667,0.12635246,-0.37564772,-0.41849977,0.3941181,-0.26892674,8295000.11689219,0.19002628,0.2694937,0.1752964,-0.28441155,0.331249,0.08884295,0.62601483,0.12985341,0.05277954,0.35693571,-0.09900849,-0.29932913,-0.18529247,-0.27872464,-0.30331066,-0.09077507,-0.18607974,-0.30670172,0.13004532,-0.38437024,-0.42274806,0.3902716,-0.27169195,8296000.11546198,0.18868916,0.26929569,0.17590055,-0.29331037,0.32943317,0.08871475,0.62644458,0.1292482,0.04672641,0.35497013,-0.10233334,-0.30206731,-0.19433059,-0.27632391,-0.30636483,-0.0903538,-0.19449173,-0.30612406,0.12261318,-0.38861272,-0.42613524,0.3898454,-0.2736606,8297000.11623818,0.1881545,0.27159801,0.17670228,-0.29593462,0.32862198,0.08854593,0.62439764,0.12842967,0.04603038,0.33959392,-0.10473837,-0.29834756,-0.1896757,-0.27477714,-0.30748791,-0.09962895,-0.19228427,-0.30795774,0.12166812,-0.39346841,-0.42706713,0.39252067,-0.28266743,8298000.11551327,0.18655126,0.2657426,0.17988762,-0.29904851,0.33039916,0.08416761,0.62245184,0.12670903,0.04405683,0.35106733,-0.10996145,-0.29981974,-0.19563834,-0.28188267,-0.30899858,-0.09884536,-0.1877438,-0.30692005,0.11888946,-0.39605254,-0.42682835,0.39312136,-0.28105792,8299000.11431898,0.19197132,0.27052191,0.17987289,-0.30332404,0.32821,0.0817237,0.62366557,0.12458123,0.04109994,0.35139123,-0.11674092,-0.30540219,-0.19881144,-0.28055894,-0.30977896,-0.09807269,-0.19641563,-0.30939367,0.1229136,-0.39204732,-0.42757207,0.39816111,-0.27645653,8300000.1163406,0.19120012,0.27072644,0.17925453,-0.3022517,0.32568857,0.08263753,0.62232673,0.122788,0.04017406,0.33646348,-0.11691579,-0.29947755,-0.20017922,-0.27870339,-0.31013972,-0.09874703,-0.19902629,-0.31296277,0.12347223,-0.39163733,-0.42633954,0.39760083,-0.27717465,8301000.11157757,0.18365353,0.26240095,0.1695606,-0.28945148,0.32278684,0.08551971,0.61974883,0.12313015,0.04980229,0.33631137,-0.10910388,-0.29814282,-0.20111994,-0.2772609,-0.30912727,-0.10129514,-0.18629643,-0.31147099,0.12158023,-0.39378074,-0.42686743,0.39002115,-0.27872515,8302000.11447278,0.18114148,0.26468349,0.1686434,-0.2942538,0.32292435,0.08552463,0.62101895,0.12117101,0.05000972,0.34493563,-0.1149459,-0.30186227,-0.19967212,-0.27977487,-0.30967635,-0.10844137,-0.19554189,-0.31123367,0.11594166,-0.39440808,-0.43153539,0.39072385,-0.28821886,8303000.11311589,0.18045124,0.26711047,0.17113788,-0.30117473,0.32360426,0.0839892,0.61866647,0.12078164,0.04578656,0.3505277,-0.12044201,-0.30294117,-0.20450351,-0.27584743,-0.3112959,-0.10717132,-0.19965808,-0.30981374,0.118371,-0.40054649,-0.4346343,0.38952363,-0.28605369,8304000.11311589,0.18142349,0.26707166,0.17070858,-0.30048662,0.32480082,0.08191353,0.62061679,0.12359645,0.04341584,0.33416629,-0.12082085,-0.30544084,-0.21132679,-0.27665985,-0.31283751,-0.10735522,-0.20199409,-0.30972919,0.11517654,-0.40731373,-0.43609408,0.38221699,-0.28478312,8305000.11193223,0.18060464,0.27193424,0.17403999,-0.30766326,0.32642141,0.08415658,0.61895776,0.12167357,0.04225905,0.33432144,-0.12332834,-0.31397161,-0.20915692,-0.27857092,-0.31630564,-0.11068786,-0.20816566,-0.31088695,0.11848493,-0.40506345,-0.43553418,0.38297048,-0.29094774,8306000.11275869,0.185792,0.26693586,0.17355128,-0.31360173,0.32702592,0.07345569,0.62282938,0.11882876,0.03898182,0.34188238,-0.13050327,-0.3153663,-0.21346544,-0.28220293,-0.31631085,-0.11370841,-0.20926291,-0.31422728,0.11597539,-0.40420505,-0.43555579,0.38507807,-0.29058909,8307000.1146251,0.18515003,0.27077582,0.17516272,-0.31566647,0.32727081,0.07504998,0.61897451,0.11803242,0.03500683,0.33839086,-0.13390395,-0.32322133,-0.21714909,-0.27978522,-0.31917623,-0.11335707,-0.20752351,-0.31432661,0.11943296,-0.40389746,-0.435251,0.39356384,-0.28331092,8308000.11448246,0.18328902,0.26952043,0.17788668,-0.31655326,0.32857001,0.07427248,0.61555487,0.11706568,0.03385714,0.33827439,-0.12943098,-0.32265249,-0.21511367,-0.28097224,-0.31997046,-0.11450689,-0.20192936,-0.31720117,0.12283287,-0.40474039,-0.43236893,0.3884818,-0.27664831,8309000.10994724,0.17329188,0.26487258,0.16973229,-0.30255556,0.324058,0.07515018,0.61874741,0.11782321,0.04288523,0.32798472,-0.12714039,-0.31386718,-0.22173725,-0.27872568,-0.31739551,-0.11483306,-0.21536626,-0.31491554,0.11553131,-0.40785518,-0.43273506,0.3909665,-0.28264138,8310000.11033434,0.1726777,0.26291969,0.16441999,-0.30633807,0.32762885,0.07769741,0.61873984,0.11698266,0.04800874,0.3285411,-0.12674725,-0.30900484,-0.21792249,-0.27733114,-0.31743965,-0.11585952,-0.21729192,-0.3118403,0.10838062,-0.41338637,-0.43703243,0.38954791,-0.29022658,8311000.11214705,0.17846665,0.26540008,0.16739406,-0.31292549,0.32319689,0.07701778,0.62220395,0.11667855,0.04463685,0.34047458,-0.12717059,-0.3175059,-0.22204572,-0.27532351,-0.31938696,-0.11967555,-0.21973781,-0.31380498,0.11497214,-0.41923058,-0.44257984,0.38479772,-0.29712209,8312000.11333053,0.17355864,0.26852641,0.16892245,-0.31273264,0.32476401,0.07893695,0.62124932,0.11711767,0.03994276,0.3362354,-0.13285355,-0.3120026,-0.2200454,-0.27649644,-0.32011548,-0.12124947,-0.20818916,-0.31096035,0.11193231,-0.42080209,-0.44280726,0.37733731,-0.29467377,8313000.11529956,0.17325139,0.267867,0.17105402,-0.31506321,0.3281199,0.07334501,0.62657112,0.11497539,0.04023702,0.3363584,-0.13606949,-0.31209689,-0.2220646,-0.28386632,-0.32206854,-0.12238443,-0.22323924,-0.31440216,0.10999325,-0.42301467,-0.44451487,0.38769481,-0.29539856,8314000.11563633,0.17459424,0.26952821,0.17209591,-0.31968841,0.32896876,0.06901542,0.62320089,0.11507819,0.03665976,0.33653709,-0.13706353,-0.31292364,-0.22851431,-0.28519592,-0.32277647,-0.12213862,-0.23632561,-0.31629902,0.11215512,-0.43148592,-0.44469336,0.38621828,-0.29925483,8315000.11850573,0.17584352,0.26996708,0.17334498,-0.32547522,0.33040777,0.07104725,0.62538391,0.11409888,0.03307414,0.33671394,-0.13778205,-0.32356676,-0.22578886,-0.28852612,-0.32388103,-0.12784387,-0.23324998,-0.31218398,0.11243484,-0.42481539,-0.44302768,0.38793048,-0.29675668,8316000.11747392,0.17470424,0.26861367,0.17579536,-0.32523656,0.33027533,0.06656523,0.62605399,0.11383059,0.02932087,0.33453277,-0.13852435,-0.3209174,-0.22069801,-0.28451863,-0.32556388,-0.12498779,-0.22821908,-0.31368569,0.11227389,-0.42560157,-0.44170225,0.38910997,-0.29589766,8317000.11730004,0.18030514,0.26829445,0.17689925,-0.32588875,0.33011112,0.07084977,0.62539887,0.11344703,0.02754954,0.33104509,-0.14155221,-0.32130167,-0.22391689,-0.29152948,-0.32605422,-0.12133715,-0.23737653,-0.31861338,0.1080989,-0.42219314,-0.43964648,0.38513082,-0.29738408,8318000.11700295,0.17581256,0.2678993,0.17102861,-0.3159093,0.33130163,0.07227714,0.62676555,0.1134447,0.03440424,0.33268294,-0.13328139,-0.30983767,-0.22305506,-0.29119158,-0.32499447,-0.12628286,-0.23482136,-0.31838033,0.11144932,-0.41587162,-0.43897253,0.37988842,-0.29457071,8319000.1135556,0.17064755,0.2704913,0.16656761,-0.3144792,0.3295922,0.07929689,0.62563246,0.1142361,0.04480621,0.33113208,-0.12731209,-0.32305935,-0.22598973,-0.28562385,-0.32443786,-0.12637389,-0.23684213,-0.31591949,0.10826001,-0.42966253,-0.4430089,0.37659195,-0.30658716,8320000.1158599,0.17350677,0.26299661,0.16766576,-0.32064134,0.33246696,0.07386921,0.63012576,0.1156105,0.04214272,0.33780146,-0.13566113,-0.31967598,-0.22934607,-0.29202586,-0.32644409,-0.13121806,-0.22706413,-0.31819212,0.10682559,-0.4333885,-0.44811314,0.37460813,-0.30598259,8321000.11603369,0.17318739,0.26437569,0.17004536,-0.32102364,0.33195102,0.07363925,0.63108015,0.11099491,0.03776185,0.33186275,-0.13561037,-0.31929481,-0.22890525,-0.29233748,-0.32702386,-0.12820795,-0.23888022,-0.31514263,0.11058111,-0.43921906,-0.45036721,0.38292432,-0.31085169,8322000.11764634,0.17209695,0.26387918,0.17226398,-0.32194939,0.33393234,0.07237471,0.63163596,0.11284032,0.03634138,0.33473608,-0.13858813,-0.33197105,-0.23394014,-0.29162651,-0.32686356,-0.12829265,-0.23575202,-0.31492871,0.10909861,-0.43431839,-0.45219225,0.38375005,-0.31036898,8323000.11808496,0.17255466,0.26639152,0.17331183,-0.32821208,0.33205241,0.06748865,0.63013917,0.11277153,0.03312521,0.3323423,-0.14160143,-0.33053514,-0.23823836,-0.29333961,-0.32833576,-0.12994395,-0.2333543,-0.31815106,0.10645138,-0.43326464,-0.45173019,0.37734789,-0.31673583,8324000.1187175,0.17603306,0.2667703,0.17587936,-0.33255681,0.33108759,0.06554293,0.63289785,0.11171128,0.02957074,0.33429441,-0.14531314,-0.33596513,-0.23693492,-0.29138023,-0.32774955,-0.13575999,-0.24307483,-0.31884697,0.10961309,-0.42961729,-0.45163468,0.37277138,-0.31402424,8325000.12195478,0.17360476,0.2646842,0.17708695,-0.33356854,0.33549792,0.0694424,0.63273984,0.1120275,0.02768237,0.32279333,-0.1447911,-0.33385918,-0.23881698,-0.29392427,-0.32740849,-0.1316908,-0.24972454,-0.31491542,0.11043853,-0.4342877,-0.44865906,0.37589175,-0.31116411,8326000.12286986,0.17555436,0.26762626,0.17900057,-0.33284733,0.33568802,0.0664365,0.63169318,0.11171044,0.02394747,0.32534343,-0.14453141,-0.33035159,-0.23284805,-0.2935558,-0.33012718,-0.13487038,-0.23863268,-0.31682378,0.10203081,-0.43128973,-0.44830149,0.37499356,-0.31119922,8327000.12007866,0.17569999,0.2680918,0.17567185,-0.33026147,0.33327392,0.06502692,0.62979895,0.11152016,0.02565082,0.32949245,-0.14001612,-0.33776045,-0.23541099,-0.29203749,-0.32972246,-0.13437381,-0.24383065,-0.31946698,0.10367107,-0.42747629,-0.44632593,0.37755844,-0.30356091,8328000.1161798,0.1715631,0.26250559,0.16862693,-0.32435426,0.33196244,0.06982861,0.62754595,0.11301797,0.03809735,0.33797988,-0.13137276,-0.32811916,-0.24119022,-0.29482496,-0.32809713,-0.13487446,-0.23893477,-0.31748199,0.09931534,-0.44078341,-0.44943318,0.37390447,-0.30612823,8329000.12007866,0.16975668,0.26606172,0.17108935,-0.32433814,0.33609679,0.07471271,0.63327229,0.11490883,0.0363084,0.3379007,-0.13016114,-0.32360992,-0.24087681,-0.2964974,-0.32973912,-0.1298071,-0.23992588,-0.31515396,0.0948607,-0.43971601,-0.45500228,0.36626267,-0.30672038,8330000.11709003,0.16981901,0.26497549,0.17200027,-0.32885841,0.33528978,0.07006569,0.63398844,0.11392385,0.03229116,0.33386457,-0.13348898,-0.32895872,-0.24705431,-0.30004522,-0.32929939,-0.13250032,-0.2362469,-0.31760424,0.09104317,-0.44684908,-0.45655474,0.36446601,-0.31797838,8331000.1176092,0.17354496,0.26701474,0.17314348,-0.3286083,0.33625516,0.06699397,0.63551372,0.11372624,0.0302931,0.33695877,-0.13829467,-0.33051449,-0.24723861,-0.3040379,-0.33135298,-0.13200441,-0.24926072,-0.32037947,0.09439759,-0.44859424,-0.45824409,0.36458281,-0.32242829,8332000.12084199,0.17451788,0.26535186,0.17501014,-0.33326605,0.33994991,0.06975672,0.63225877,0.11389492,0.02765213,0.335639,-0.13645484,-0.33395368,-0.25098738,-0.30838051,-0.33129415,-0.1345789,-0.25759223,-0.32163796,0.09656958,-0.44901076,-0.45887628,0.37240639,-0.31596619,8333000.11979122,0.17149772,0.26385584,0.17733397,-0.33443713,0.33890399,0.06444521,0.63448924,0.11366956,0.02500382,0.32805625,-0.13854817,-0.32771587,-0.24997666,-0.30678704,-0.33292544,-0.13628516,-0.25364885,-0.32257551,0.09132731,-0.45018667,-0.45838723,0.37910411,-0.31444257,8334000.12094208,0.17311178,0.26321346,0.18078312,-0.33554897,0.34077549,0.07095581,0.63347012,0.11328186,0.02184108,0.33126229,-0.14038445,-0.33545199,-0.25168794,-0.30980879,-0.33175936,-0.13325411,-0.25800359,-0.32148096,0.0927617,-0.4493016,-0.45553344,0.37264037,-0.3144483,8335000.12301282,0.17663661,0.26462775,0.18210278,-0.33854377,0.33748049,0.06856021,0.63328892,0.11243978,0.02043072,0.33502734,-0.13666683,-0.33294719,-0.24530628,-0.31629363,-0.33198309,-0.13331613,-0.26192841,-0.31565911,0.09332284,-0.43698487,-0.45362014,0.37258565,-0.30831596,8336000.12066003,0.17378637,0.25844851,0.17478298,-0.33105624,0.33578971,0.07674751,0.63252413,0.11202234,0.0268433,0.3412976,-0.13443387,-0.32857341,-0.24642828,-0.31988013,-0.33261997,-0.13264374,-0.26566735,-0.32022673,0.08993399,-0.43727711,-0.45394883,0.37056822,-0.30953628,8337000.11837907,0.17070369,0.26029301,0.17278555,-0.32874537,0.33896363,0.0708589,0.6348874,0.1128924,0.03379222,0.33743218,-0.1262864,-0.32644463,-0.24617508,-0.31931278,-0.33362189,-0.13143617,-0.25260326,-0.31921118,0.07912873,-0.44474366,-0.45724714,0.3606264,-0.31665361,8338000.11981011,0.17226863,0.26164243,0.17646684,-0.33072585,0.33972076,0.06897911,0.63072395,0.11345809,0.02910944,0.33856034,-0.12598263,-0.32856348,-0.24614774,-0.3222219,-0.33425018,-0.13797233,-0.26521847,-0.32152316,0.08349113,-0.45235077,-0.46105254,0.37005728,-0.31776431,8339000.1217862,0.17217743,0.2584267,0.17812097,-0.33416221,0.33612588,0.06656457,0.63352203,0.11586281,0.02561624,0.33577037,-0.129492,-0.32954472,-0.25106534,-0.32126358,-0.334001,-0.13415003,-0.26467904,-0.32285389,0.08299867,-0.45144823,-0.46203899,0.36218485,-0.31764829,8340000.12229966,0.17645939,0.26191908,0.17865916,-0.3334929,0.33830589,0.07449917,0.63877493,0.11624178,0.02238232,0.32874471,-0.13336861,-0.33841497,-0.25176972,-0.3235209,-0.33363158,-0.13248518,-0.26778814,-0.32091463,0.08469749,-0.44648427,-0.46228638,0.3687571,-0.31877872,8341000.12466469,0.17966941,0.2643292,0.17977588,-0.33317503,0.34095636,0.06919851,0.6337961,0.11350855,0.01902487,0.33536491,-0.13198777,-0.34467113,-0.24697696,-0.32437339,-0.33449069,-0.13329259,-0.27100664,-0.32143804,0.08656441,-0.44952428,-0.46143922,0.36985222,-0.31559926,8342000.12608692,0.17838165,0.26719323,0.18246792,-0.33588949,0.34042823,0.06811858,0.63811117,0.11554613,0.01601697,0.33461499,-0.13516214,-0.33252662,-0.24922986,-0.3211025,-0.3339583,-0.13265219,-0.2688095,-0.32077414,0.08698015,-0.44542733,-0.46027288,0.36699057,-0.31527743,8343000.12484069,0.17963372,0.26535529,0.18484679,-0.33881664,0.34156457,0.06539087,0.63663357,0.11549193,0.01456661,0.33537602,-0.13322002,-0.34187678,-0.24370922,-0.32352448,-0.33304772,-0.12959202,-0.26378685,-0.32066941,0.09066929,-0.43534568,-0.4589532,0.36862889,-0.30619931,8344000.12332459,0.17678979,0.26029098,0.17850958,-0.33531231,0.33764964,0.07023653,0.63483,0.1175191,0.01911836,0.3361257,-0.12456895,-0.33759901,-0.24442211,-0.32606202,-0.33340082,-0.12984565,-0.2778815,-0.32091168,0.09342031,-0.4383001,-0.45795426,0.36539245,-0.3081018,8345000.12042913,0.17670335,0.2620059,0.17468019,-0.33251622,0.33748984,0.06718709,0.63596314,0.11717018,0.02373747,0.34863186,-0.12134156,-0.32773322,-0.24045612,-0.32427993,-0.3346113,-0.13104945,-0.27307686,-0.32032368,0.08671877,-0.44476494,-0.46196944,0.36550143,-0.31772462,8346000.12048542,0.17590705,0.26562434,0.17953074,-0.33440319,0.34126571,0.06601906,0.64097935,0.11715914,0.01854937,0.33968121,-0.12267746,-0.34001219,-0.24537328,-0.32313812,-0.33520105,-0.13007271,-0.26645258,-0.32398355,0.09094165,-0.44990948,-0.46597123,0.36103544,-0.31870255,8347000.1213237,0.17762014,0.26307997,0.18090205,-0.33744749,0.33928108,0.06100891,0.63792711,0.11547515,0.01480437,0.33832884,-0.12127346,-0.33194032,-0.25141624,-0.32376018,-0.33661848,-0.12891249,-0.27416179,-0.32630208,0.08759626,-0.44468141,-0.4678593,0.36479566,-0.32487816,8348000.12239379,0.17960352,0.26721051,0.18057175,-0.3366479,0.33795479,0.06417491,0.63900018,0.11692168,0.01168894,0.34362137,-0.12803127,-0.33533147,-0.24783964,-0.32152578,-0.33523452,-0.13043801,-0.26717797,-0.32058316,0.09269591,-0.44575474,-0.46677688,0.36956504,-0.32228065,8349000.12441596,0.18145613,0.26396608,0.1816545,-0.34296504,0.34044695,0.06313445,0.64286923,0.11613585,0.00940179,0.34026232,-0.13016291,-0.34098399,-0.24819207,-0.3199586,-0.3354744,-0.13298652,-0.26477075,-0.32132027,0.08817434,-0.44704208,-0.46725848,0.37086803,-0.32206842,8350000.12567578,0.18150185,0.26456356,0.18533021,-0.34664765,0.34350076,0.06193087,0.64077449,0.11378831,0.00692567,0.34054753,-0.13080458,-0.34239313,-0.24659459,-0.32165891,-0.33596966,-0.12548162,-0.26253536,-0.32120869,0.08890108,-0.43850303,-0.46564868,0.3664391,-0.31801993,8351000.12640777,0.18083207,0.27121991,0.18530852,-0.34128368,0.34434882,0.06465065,0.64274251,0.11535626,0.00421556,0.33148167,-0.1307459,-0.34070867,-0.24461605,-0.32099959,-0.33545458,-0.12376622,-0.25488764,-0.32216322,0.08713427,-0.43775204,-0.46317178,0.37545437,-0.31078017,8352000.12469625,0.17784117,0.26277915,0.18175083,-0.34068564,0.3395313,0.05877558,0.63748491,0.11526688,0.00617047,0.33679926,-0.12816335,-0.33982065,-0.24852201,-0.323535,-0.33677202,-0.12955126,-0.26608351,-0.32574731,0.09134753,-0.44258097,-0.46205339,0.36663082,-0.3094655,8353000.12383359,0.18009135,0.26208439,0.17998199,-0.33845669,0.33924142,0.0624681,0.63827467,0.11402425,0.00956088,0.34602505,-0.12254701,-0.34107167,-0.23438145,-0.32408103,-0.33573958,-0.13173774,-0.26730996,-0.32487243,0.09004331,-0.44389302,-0.46443376,0.36498001,-0.31276071,8354000.12713079,0.17787129,0.26690236,0.18089734,-0.34307382,0.33685368,0.05091913,0.64273953,0.11523086,0.00251521,0.34416753,-0.12420557,-0.32717147,-0.23927456,-0.31842625,-0.33657718,-0.12576899,-0.26101071,-0.32568568,0.09388191,-0.4437522,-0.46918756,0.37556025,-0.31216288,8355000.12542632,0.181935,0.26700288,0.18219867,-0.34465107,0.33888474,0.05736436,0.64235896,0.11736989,-0.00175964,0.33779761,-0.12940708,-0.34020203,-0.24313116,-0.31516069,-0.33625659,-0.1295141,-0.25913227,-0.32243419,0.09358922,-0.45062777,-0.46939534,0.36567795,-0.31597,8356000.12372176,0.1824093,0.26687092,0.18352808,-0.3463757,0.33992082,0.05457371,0.64460164,0.11534996,-0.00277941,0.34281492,-0.12836379,-0.33463442,-0.24409302,-0.31768316,-0.33670107,-0.12896052,-0.26656696,-0.32281703,0.09778555,-0.4455016,-0.4709104,0.3794041,-0.31647864,8357000.12382204,0.18371063,0.26386756,0.1832857,-0.34974375,0.34166104,0.05798623,0.64412189,0.11868872,-0.00617482,0.34128824,-0.13192217,-0.33234468,-0.24041088,-0.31440282,-0.33791789,-0.13255273,-0.24935213,-0.32601875,0.09719957,-0.44194126,-0.46906754,0.37143299,-0.31653446,8358000.12542053,0.18545327,0.26729232,0.18821773,-0.34944156,0.3446795,0.0528294,0.64616394,0.11689761,-0.00907393,0.34270704,-0.13442053,-0.33552322,-0.24176733,-0.31167707,-0.33862787,-0.1309873,-0.25425547,-0.32601863,0.10517179,-0.43679634,-0.46673563,0.37100491,-0.31401044,8359000.12801683,0.18406683,0.26922277,0.1891128,-0.35057604,0.34321004,0.05516531,0.64316928,0.11791291,-0.0115127,0.34062669,-0.13087921,-0.33524847,-0.23555213,-0.31520075,-0.33712,-0.13421093,-0.27402043,-0.32422915,0.10212657,-0.43060544,-0.46377274,0.36866453,-0.31600386,8360000.12431064,0.18124636,0.26427743,0.18219867,-0.34381691,0.33752286,0.05203298,0.64491075,0.116092,-0.00528977,0.34236315,-0.12395857,-0.33338192,-0.2334114,-0.31600806,-0.33661586,-0.13088863,-0.27646947,-0.32548526,0.09537502,-0.43444696,-0.46452922,0.37472269,-0.30163163,8361000.12110838,0.17893933,0.25974619,0.17902617,-0.34171823,0.33529902,0.05609556,0.64582199,0.11616342,-0.00244491,0.3478213,-0.12129962,-0.33039513,-0.23765127,-0.31666753,-0.33691245,-0.13386585,-0.26002795,-0.32702532,0.09728862,-0.43985185,-0.46822709,0.36945102,-0.31069708,8362000.12207167,0.17896806,0.26020432,0.18081078,-0.34986195,0.33840299,0.05004492,0.64586842,0.11708486,-0.00766258,0.34811169,-0.12807354,-0.33420837,-0.23859325,-0.31188747,-0.33760875,-0.13490586,-0.25849181,-0.33045924,0.0941899,-0.44594482,-0.47056556,0.37158343,-0.31239301,8363000.12273619,0.17674042,0.26834705,0.17941675,-0.3559058,0.33813199,0.05184148,0.64548826,0.11675464,-0.01048659,0.34298235,-0.1272402,-0.33596027,-0.23299652,-0.30975142,-0.33783042,-0.13192627,-0.25153172,-0.33070305,0.09905618,-0.44776022,-0.46992901,0.3684741,-0.31756526,8364000.12279841,0.17617682,0.26735952,0.17840335,-0.3517777,0.33811983,0.04760873,0.64460748,0.11573564,-0.01203842,0.34312442,-0.1290442,-0.33336109,-0.23188968,-0.30757234,-0.33900267,-0.13249503,-0.25606018,-0.32735503,0.09937392,-0.44611797,-0.46842319,0.37248483,-0.31123084,8365000.12461046,0.1784952,0.26704749,0.17932038,-0.35265082,0.34100196,0.04993714,0.6423468,0.11406104,-0.01455823,0.34164962,-0.13619338,-0.33618134,-0.23098807,-0.30722383,-0.33834952,-0.13397692,-0.24860719,-0.32821894,0.10213745,-0.44924098,-0.46622667,0.37246227,-0.31119892,8366000.12506594,0.18027306,0.27110404,0.18516435,-0.35785097,0.34253043,0.04383647,0.64261228,0.11372482,-0.01642545,0.33206931,-0.13815308,-0.33241501,-0.23087066,-0.30782446,-0.33886436,-0.13133278,-0.25094953,-0.3269954,0.10761749,-0.44157714,-0.46405497,0.37528998,-0.30689174,8367000.12369243,0.17798762,0.27429911,0.1830963,-0.35494983,0.34148124,0.04470606,0.64720142,0.11320233,-0.01682306,0.33747363,-0.13466088,-0.33211529,-0.2281872,-0.31113183,-0.34133756,-0.13674073,-0.25338885,-0.32909313,0.10194519,-0.4394781,-0.46320784,0.38044342,-0.3083919,8368000.12181852,0.17282033,0.27453306,0.17233248,-0.35007614,0.34127709,0.04767017,0.64533108,0.11474387,-0.00744778,0.34918803,-0.12997113,-0.32424444,-0.23429856,-0.30711788,-0.34009466,-0.13516869,-0.25649124,-0.32903236,0.10086976,-0.45079505,-0.46929619,0.376407,-0.32666069,8369000.11889396,0.17012234,0.27023092,0.17026758,-0.35310706,0.3351846,0.04306362,0.65144998,0.11625612,-0.00835589,0.35030234,-0.13015074,-0.33088875,-0.22937112,-0.29916269,-0.33986554,-0.13723193,-0.2447312,-0.33192101,0.09420146,-0.45784068,-0.4738718,0.36621633,-0.32810119,8370000.11378861,0.17056224,0.2725749,0.17354126,-0.36022207,0.33897635,0.04705255,0.65201426,0.11447764,-0.01229541,0.36085629,-0.13498136,-0.33634016,-0.23096691,-0.29538453,-0.33839571,-0.13834998,-0.25695133,-0.32940185,0.09866514,-0.45785943,-0.47370696,0.365628,-0.32177928,8371000.10949054,0.16619498,0.26654857,0.1666747,-0.36318323,0.34296885,0.04111845,0.65753973,0.11340038,-0.01292788,0.35476595,-0.13933361,-0.3208566,-0.23952121,-0.29040682,-0.33809918,-0.13862744,-0.25184181,-0.32790351,0.0927524,-0.45127657,-0.47494936,0.36039653,-0.32040545,8372000.10539824,0.16311626,0.25749889,0.15901291,-0.36410668,0.3373456,0.03785702,0.66467649,0.11094891,-0.01411482,0.3472777,-0.14198413,-0.33117038,-0.24236532,-0.28247496,-0.33618551,-0.13823462,-0.25264314,-0.3299073,0.09536223,-0.45616996,-0.47642839,0.35468197,-0.3201865,8373000.10202323,0.16213706,0.25055659,0.15475047,-0.36814079,0.33266535,0.02864945,0.66102916,0.11049805,-0.01657654,0.35209852,-0.14650923,-0.33687648,-0.23720536,-0.27912584,-0.33706361,-0.14296141,-0.25740227,-0.32817477,0.08811247,-0.45506644,-0.47706205,0.34933534,-0.32067189,8374000.10118441,0.15800539,0.249143,0.14914784,-0.36904153,0.328924,0.02493029,0.66078258,0.11246616,-0.01310689,0.35342333,-0.14326596,-0.33462155,-0.24428056,-0.28242886,-0.33741874,-0.14671946,-0.25454646,-0.32907999,0.08194701,-0.45347625,-0.47819263,0.34592152,-0.31961694,8375000.09970628,0.14705913,0.23760346,0.12583835,-0.36366698,0.33050197,0.01875436,0.65636188,0.11465667,-0.00015528,0.34941718,-0.13330281,-0.32941401,-0.24001326,-0.27902305,-0.33615232,-0.14159063,-0.26258555,-0.33227044,0.0847835,-0.45228121,-0.47602528,0.33525011,-0.31258336,8376000.09513111,0.14332806,0.22781594,0.11471012,-0.35880578,0.32224128,0.018252,0.65510172,0.11157549,0.0059536,0.34997371,-0.13694657,-0.32887867,-0.23560308,-0.28011802,-0.33627048,-0.14133987,-0.26515675,-0.33295009,0.0845416,-0.45789033,-0.4771736,0.32286853,-0.32181761,8377000.09658052,0.14222907,0.22455508,0.12102989,-0.3634561,0.31756359,0.01985589,0.64731747,0.10935534,-0.00166056,0.34391448,-0.13286828,-0.32771498,-0.23331825,-0.28906134,-0.34148157,-0.13618973,-0.263181,-0.33730027,0.08618919,-0.4577992,-0.47751066,0.31581572,-0.3223159,8378000.09940612,0.14949827,0.23406659,0.13133343,-0.36318603,0.32101113,0.0238519,0.65157121,0.10928501,-0.00474218,0.35551307,-0.13733006,-0.33363438,-0.23798966,-0.29099029,-0.34671798,-0.13634737,-0.27467364,-0.34070966,0.08451958,-0.46999684,-0.477505,0.32345754,-0.32489428,8379000.1086261,0.14765206,0.25112784,0.13803056,-0.36397395,0.32919854,0.02261564,0.65725958,0.11330635,-0.00344207,0.36022311,-0.1377245,-0.32254151,-0.23727439,-0.29362437,-0.34952721,-0.13830636,-0.27805236,-0.33855495,0.0909046,-0.47593251,-0.47851381,0.33330667,-0.3306368,8380000.12284283,0.15464707,0.29369456,0.16140483,-0.36505407,0.34758401,0.02809571,0.66995567,0.11766864,0.00463903,0.36683881,-0.13395596,-0.32746193,-0.24079365,-0.2988579,-0.35554647,-0.13785706,-0.28651106,-0.34095302,0.09477052,-0.48044822,-0.48195553,0.38328743,-0.33707905,8381000.1330616,0.15994172,0.3348901,0.18925923,-0.372096,0.3576206,0.0316425,0.68069744,0.11916877,0.00578764,0.36539239,-0.1305511,-0.31100523,-0.24907216,-0.3054615,-0.36510965,-0.14315847,-0.29939243,-0.35009298,0.11046165,-0.49861145,-0.48752671,0.44234365,-0.34571061,8382000.13102359,0.1524469,0.31342801,0.18511432,-0.37904674,0.3497842,0.03161091,0.66797674,0.12099702,-0.00223187,0.36052889,-0.13790518,-0.32228681,-0.24137269,-0.3072691,-0.37064433,-0.1509165,-0.31399795,-0.351964,0.09645849,-0.50318444,-0.48817408,0.4218322,-0.34912375,8383000.11769906,0.13803834,0.27312478,0.16431245,-0.37549132,0.3304455,0.02959219,0.65392488,0.11888047,-0.00186197,0.35786858,-0.12992617,-0.32073152,-0.2491657,-0.29844719,-0.36792067,-0.14688632,-0.30246884,-0.34857693,0.09105877,-0.50235265,-0.4897576,0.37874338,-0.34497109,8384000.10995673,0.13541912,0.2613171,0.16116102,-0.37779328,0.32813278,0.03352311,0.65346956,0.12006833,0.00003812,0.36502704,-0.13018213,-0.32453462,-0.24410409,-0.29633176,-0.36370331,-0.14055534,-0.30490136,-0.34414086,0.0862051,-0.4989045,-0.49055964,0.37415305,-0.35144603,8385000.11136709,0.13931963,0.26967406,0.16118199,-0.38055035,0.33024868,0.02769407,0.65965623,0.11629584,-0.00391186,0.35888681,-0.13170284,-0.32716131,-0.23545083,-0.28954321,-0.36057261,-0.14195512,-0.28750283,-0.346048,0.08130891,-0.49862599,-0.48973975,0.36707982,-0.35062096,8386000.12224782,0.14102075,0.27701271,0.15627581,-0.377363,0.33235621,0.02883473,0.66098624,0.1145644,-0.00635623,0.35913372,-0.13092844,-0.31222847,-0.23830415,-0.28908423,-0.35884112,-0.14287136,-0.29165247,-0.34439901,0.09175839,-0.49435475,-0.4859536,0.35894731,-0.34966743,8387000.12392215,0.13886979,0.27021599,0.15155733,-0.37529203,0.32824087,0.02711453,0.66445875,0.11121833,-0.00642081,0.36356431,-0.12525679,-0.30770516,-0.23199902,-0.28862068,-0.35433999,-0.13888425,-0.28129494,-0.33871317,0.08337613,-0.48453626,-0.48006114,0.35293058,-0.33732885,8388000.1201326,0.14119907,0.26340687,0.14547786,-0.37648833,0.32613754,0.02797293,0.66068977,0.11107668,-0.00661182,0.36186492,-0.12786329,-0.31228864,-0.23024003,-0.28588423,-0.34919289,-0.13291922,-0.27532902,-0.33575714,0.08686416,-0.47362235,-0.47558343,0.33861643,-0.32813963,8389000.12877505,0.14378025,0.27537301,0.14294451,-0.37690389,0.3391155,0.02097982,0.6647808,0.11252733,-0.00839594,0.3620196,-0.12825207,-0.30348441,-0.22821516,-0.28234386,-0.35081074,-0.12879765,-0.27003571,-0.33248949,0.08401991,-0.47829184,-0.47120294,0.3518573,-0.32686254,8390000.12735198,0.13722336,0.28184357,0.13500287,-0.37088159,0.3450869,0.0167357,0.67182463,0.11345476,-0.00717898,0.36324403,-0.12273051,-0.30289465,-0.22217901,-0.28245252,-0.34795696,-0.12823199,-0.26794285,-0.32992104,0.08556344,-0.4707461,-0.47083268,0.34768638,-0.33520082,8391000.11938598,0.13108522,0.27899894,0.12551382,-0.36765516,0.34256601,0.02191576,0.67824346,0.11622939,-0.00126058,0.36515844,-0.11695023,-0.28726304,-0.22332677,-0.28387919,-0.34646404,-0.13077649,-0.274232,-0.32977828,0.0734805,-0.47289443,-0.47407213,0.33893847,-0.34753251,8392000.12103215,0.13826109,0.29014564,0.1347167,-0.37048477,0.34397385,0.02390122,0.68663806,0.11993612,-0.00063446,0.36569625,-0.117382,-0.29402694,-0.22486551,-0.27779141,-0.34646764,-0.13110051,-0.27017266,-0.32932356,0.07617612,-0.47901151,-0.47192478,0.3551484,-0.33946565,8393000.13143165,0.13107191,0.32411724,0.13217326,-0.36663306,0.36505899,0.0199285,0.73162937,0.12379368,-0.00355467,0.38616627,-0.10983594,-0.27783561,-0.21995077,-0.26413572,-0.34462523,-0.12386685,-0.25901276,-0.32691678,0.08124074,-0.48804712,-0.47583523,0.39210287,-0.34087795,839400-0.00155231,0.08228308,0.12113244,0.09174479,-0.35360029,0.24037005,0.02088492,0.61582661,0.11867734,0.00781025,0.36044738,-0.10399546,-0.33226177,-0.21694906,-0.25857338,-0.29415986,-0.12019296,-0.24275512,-0.2729516,-0.0237611,-0.3903406,-0.47620505,0.1134993,-0.32017964,839500-0.22332816,0.0182826,-0.19090685,0.02295587,-0.32835314,0.0487792,0.04671477,0.43449304,0.12426107,0.03910798,0.29970258,-0.09764156,-0.43340421,-0.19790609,-0.24934494,-0.17166536,-0.10777189,-0.23769476,-0.15122838,-0.18692511,-0.24874926,-0.4711279,-0.32481679,-0.29546714,839600-0.24694695,0.02406188,-0.23604788,0.0004694,-0.31861657,0.03812193,0.04569596,0.43946549,0.13562052,0.04614837,0.30033115,-0.08706553,-0.44367969,-0.19461885,-0.25131476,-0.09237637,-0.09722329,-0.23079604,-0.09015484,-0.37289646,-0.22172502,-0.46663582,-0.62287766,-0.29715091,839700-0.2769208,0.0180704,-0.29020351,-0.01388033,-0.30289206,0.00218223,0.05301887,0.41510764,0.13786194,0.06072059,0.29639676,-0.0696929,-0.45772654,-0.19476055,-0.24256547,-0.02489349,-0.10067649,-0.19655712,-0.02228726,-0.49788749,-0.17548193,-0.46228173,-0.81292987,-0.30034968,839800-0.30472669,0.02097878,-0.31299707,-0.03485895,-0.28632692,-0.01719709,0.05422137,0.42641261,0.14904447,0.07281805,0.30758438,-0.06451717,-0.46123803,-0.20008095,-0.23015243,-0.00864526,-0.10059308,-0.21045914,-0.01514181,-0.50948405,-0.19844154,-0.462387,-0.87296611,-0.30857357,839900-0.31749412,0.0307034,-0.32512951,-0.04213182,-0.27758318,-0.02310113,0.06283173,0.42392212,0.14969684,0.07891539,0.31204712,-0.06146738,-0.46007866,-0.19842038,-0.22375591,0.01762168,-0.10804226,-0.18643479,0.01303317,-0.5380789,-0.15374199,-0.45764253,-0.9393608,-0.30216664,840000-0.33083379,0.02919192,-0.34785533,-0.05416375,-0.26702321,-0.02355502,0.05729069,0.43992472,0.15296629,0.07989297,0.3115392,-0.06110016,-0.4595874,-0.1938391,-0.22320016,0.0353962,-0.10431604,-0.17265947,0.03018438,-0.5833233,-0.14678645,-0.45504153,-1.01646042,-0.30057856,840100-0.34763551,0.03912522,-0.3695783,-0.07287607,-0.26443917,-0.02186709,0.0544773,0.46176845,0.15799116,0.08144297,0.32323831,-0.05443333,-0.45694157,-0.19016694,-0.21677576,0.05329248,-0.09962187,-0.17741634,0.04527204,-0.63475668,-0.13258423,-0.45109499,-1.09847081,-0.30695522,840200-0.37176886,0.03977029,-0.38746655,-0.1054191,-0.25777632,-0.02901674,0.03679255,0.48056334,0.15825579,0.07984865,0.34091327,-0.05788274,-0.46433854,-0.19272222,-0.21758944,0.08015254,-0.09471194,-0.19609335,0.07259209,-0.70014936,-0.12581077,-0.4502416,-1.18428659,-0.31272116,840300-0.42454505,0.03990181,-0.43857071,-0.18671207,-0.24947701,-0.05590626,-0.01313917,0.53987426,0.13950954,0.07098407,0.37143221,-0.06249302,-0.46265471,-0.19465835,-0.23101652,0.12529832,-0.09029351,-0.28040153,0.10594264,-0.86510766,-0.11232485,-0.45434061,-1.31731164,-0.34757954,840400-0.45914447,0.03451939,-0.4717437,-0.2396335,-0.24398987,-0.08671384,-0.05471281,0.57373869,0.12772284,0.0681376,0.38067928,-0.06319477,-0.4519963,-0.18716727,-0.2398347,0.14828563,-0.0793156,-0.347233,0.11433238,-1.02881551,-0.1298479,-0.45535716,-1.33102572,-0.37364748,840500-0.469414,0.03396005,-0.48515651,-0.25115007,-0.2360813,-0.09719118,-0.05640052,0.56594396,0.1257603,0.07101635,0.37338102,-0.06354716,-0.45065567,-0.18996629,-0.23991932,0.17546055,-0.07736121,-0.33592662,0.12750612,-1.04463422,-0.11040078,-0.45279795,-1.32068336,-0.36825979,840600-0.47831607,0.0330504,-0.49518406,-0.25857082,-0.23029025,-0.10726315,-0.06205642,0.56869876,0.12392288,0.073066,0.37805778,-0.05980067,-0.45687702,-0.18783563,-0.23727475,0.16753767,-0.07383098,-0.34460825,0.12945814,-1.07239413,-0.10906477,-0.45169759,-1.31726849,-0.37129238,840700-0.48673999,0.03501781,-0.5048632,-0.26968506,-0.21662536,-0.11368866,-0.07372924,0.56746048,0.12459,0.07856949,0.37945169,-0.05666931,-0.46420544,-0.1873381,-0.23563141,0.15161714,-0.07265712,-0.3715035,0.1195556,-1.09581864,-0.13441104,-0.44698182,-1.30421054,-0.36639068,840800-0.49032217,0.03359697,-0.51175755,-0.27818018,-0.21287307,-0.1223134,-0.07862021,0.57289964,0.12447632,0.08473248,0.38708466,-0.05496147,-0.46685889,-0.19411008,-0.23577626,0.13451961,-0.06249407,-0.40449619,0.10269294,-1.11543858,-0.15720458,-0.44135994,-1.29102838,-0.36540639,840900-0.49378175,0.03213299,-0.51965207,-0.29178557,-0.20471165,-0.13756664,-0.08176723,0.57458264,0.12639809,0.08435699,0.3806448,-0.04905316,-0.46807742,-0.18252823,-0.23349746,0.13619594,-0.05598181,-0.40587628,0.09482914,-1.12671423,-0.15130758,-0.43430576,-1.27571833,-0.36149827,841000-0.49958879,0.03503959,-0.52953255,-0.29925504,-0.19384453,-0.14580075,-0.08108994,0.57972258,0.13001983,0.08356349,0.3829768,-0.05012182,-0.45874333,-0.17566895,-0.22960155,0.13823076,-0.04937649,-0.41296953,0.09323879,-1.13989592,-0.16096565,-0.43013787,-1.25547123,-0.36613548,841100-0.50596464,0.03552452,-0.54108077,-0.30997041,-0.19189236,-0.15484492,-0.08075892,0.579283,0.13562045,0.08837225,0.38937789,-0.04385383,-0.45976222,-0.16496575,-0.23096378,0.13762619,-0.04646645,-0.43429711,0.08597902,-1.14849949,-0.16774777,-0.43126482,-1.24175191,-0.36532912,841200-0.5133568,0.0294799,-0.5522784,-0.31147531,-0.18991005,-0.16407657,-0.07999741,0.57971036,0.13562162,0.09010451,0.38652283,-0.04101323,-0.47412822,-0.1656163,-0.23126686,0.13844229,-0.04260704,-0.42720732,0.08678801,-1.16015804,-0.16512191,-0.43277019,-1.23525012,-0.36381045,841300-0.51812112,0.03401741,-0.55947399,-0.30771291,-0.19250503,-0.16606066,-0.07385382,0.57767057,0.13464729,0.08673495,0.38678026,-0.0456423,-0.4736279,-0.16035159,-0.22541215,0.14201096,-0.04145797,-0.42804107,0.08368584,-1.16837192,-0.15543517,-0.43317932,-1.22853863,-0.36465988,841400-0.5242275,0.035204,-0.57213491,-0.30669487,-0.18750261,-0.17186743,-0.07822087,0.57801044,0.13334742,0.08324996,0.3870675,-0.05071652,-0.47371456,-0.16360754,-0.22572178,0.15692095,-0.0434503,-0.43066478,0.08631737,-1.18985808,-0.15707473,-0.43338186,-1.21665633,-0.37440795,841500-0.52697039,0.03461066,-0.57950211,-0.30418831,-0.19187182,-0.17391992,-0.07230293,0.57529408,0.13125102,0.07881244,0.37005287,-0.05206715,-0.46890825,-0.165121,-0.22547938,0.16171238,-0.03961819,-0.44001353,0.09253359,-1.20278621,-0.15766785,-0.43156701,-1.2097615,-0.35669348,841600-0.52750945,0.04214998,-0.58357918,-0.30087757,-0.19024037,-0.17690468,-0.07391454,0.56569451,0.13035497,0.07291503,0.37398675,-0.05770973,-0.48153618,-0.1674118,-0.22438961,0.1606216,-0.04291613,-0.43193564,0.09022383,-1.20825982,-0.15444098,-0.42777461,-1.2097615,-0.36747196,841700-0.5281899,0.03991358,-0.58862525,-0.29980257,-0.19343217,-0.17830631,-0.07669551,0.5609206,0.12867692,0.06840096,0.37361085,-0.06289297,-0.47539288,-0.17244564,-0.22347918,0.15056759,-0.04437365,-0.45056525,0.08625824,-1.22194552,-0.16013715,-0.42509255,-1.2097615,-0.36539495,841800-0.53493685,0.03769275,-0.59497434,-0.30665627,-0.18982628,-0.18227892,-0.07251396,0.55966443,0.12916708,0.07169477,0.38041937,-0.05608435,-0.47255203,-0.17606382,-0.21993907,0.14073679,-0.04582505,-0.47098476,0.08177108,-1.22451305,-0.16487421,-0.42404446,-1.2097615,-0.36519331,841900-0.54034013,0.03292081,-0.60367328,-0.30840653,-0.19067363,-0.18406388,-0.07410964,0.56338793,0.13182107,0.07226241,0.38754678,-0.05146,-0.47614875,-0.18219066,-0.22171016,0.13808198,-0.0473243,-0.47505727,0.08221149,-1.24201941,-0.17091288,-0.42503268,-1.2097615,-0.36581156,842000-0.54403162,0.03101194,-0.60489839,-0.30621579,-0.19189747,-0.18527219,-0.07263128,0.5600552,0.13281684,0.06793767,0.37977293,-0.05737229,-0.4870328,-0.18726353,-0.23172094,0.13515668,-0.05447884,-0.47869891,0.08216501,-1.24853885,-0.17919698,-0.42677087,-1.2097615,-0.36662641,842100-0.54319322,0.03550056,-0.60996783,-0.3061789,-0.18976685,-0.19027522,-0.07319159,0.55278397,0.13235638,0.06638006,0.37036249,-0.05983326,-0.48292577,-0.19396333,-0.2317272,0.13883857,-0.05707035,-0.4858686,0.08516499,-1.25705659,-0.1685883,-0.42530963,-1.2097615,-0.36242014,842200-0.54463398,0.03887418,-0.61421812,-0.30425537,-0.1955701,-0.18734883,-0.07018373,0.55296487,0.13383122,0.06467868,0.37366441,-0.0611905,-0.47520712,-0.19905818,-0.230801,0.14541043,-0.05533537,-0.48529994,0.08692732,-1.2630434,-0.17535491,-0.4255451,-1.2097615,-0.3630808,842300-0.54600382,0.03844422,-0.6194675,-0.3018961,-0.19371219,-0.19321039,-0.07759494,0.55139995,0.13283774,0.06340402,0.36701101,-0.06280839,-0.47993219,-0.19973201,-0.23135218,0.1474313,-0.05611062,-0.48932821,0.08885566,-1.27619934,-0.16955379,-0.42060015,-1.2097615,-0.3444348,842400-0.55007231,0.04455369,-0.6250155,-0.3017101,-0.19093442,-0.19783963,-0.07379331,0.55215216,0.13578042,0.06251371,0.38035116,-0.06384234,-0.47201061,-0.19862393,-0.22689246,0.15130401,-0.05827141,-0.50102127,0.08769771,-1.28778327,-0.16076933,-0.41746759,-1.2097615,-0.34191096,842500-0.55286503,0.04378485,-0.62913203,-0.30613098,-0.18333162,-0.20346875,-0.07121907,0.55069095,0.13432863,0.0651295,0.38436991,-0.0498061,-0.4808313,-0.20117551,-0.22419354,0.15431541,-0.05712175,-0.50617599,0.09154485,-1.29322708,-0.16779093,-0.4155277,-1.2097615,-0.34855458,842600-0.55796081,0.03915705,-0.63467515,-0.30859178,-0.18547595,-0.20787789,-0.06845004,0.55076349,0.13690229,0.07016269,0.38456425,-0.04521851,-0.47341779,-0.19902003,-0.2242313,0.1536864,-0.05730442,-0.51188886,0.08740565,-1.30763555,-0.17344446,-0.41517061,-1.2097615,-0.34665081,842700-0.56011999,0.04072395,-0.63846898,-0.30738968,-0.18117321,-0.20607802,-0.07403587,0.54851317,0.13812189,0.06926841,0.3905696,-0.04519827,-0.47199467,-0.20300202,-0.22189981,0.15234809,-0.05431352,-0.52650672,0.08933198,-1.3166995,-0.17044185,-0.41601235,-1.2097615,-0.351809,842800-0.56290495,0.04064289,-0.6440655,-0.30804539,-0.18165052,-0.20755681,-0.07008431,0.54646426,0.13915123,0.06762043,0.38962546,-0.04271432,-0.46527267,-0.20505299,-0.22509107,0.15589663,-0.05587459,-0.51041681,0.09374672,-1.31495619,-0.15886636,-0.41212034,-1.2097615,-0.3508155,842900-0.56413043,0.04310386,-0.64844841,-0.30608857,-0.17835598,-0.20764425,-0.0706325,0.54638559,0.14015216,0.06984747,0.38717484,-0.0396826,-0.47030875,-0.20567568,-0.22809473,0.1589666,-0.05147788,-0.51789278,0.09701277,-1.3103323,-0.16770808,-0.41084793,-1.2097615,-0.34774035,843000-0.56231993,0.04540699,-0.64973837,-0.30611131,-0.17970745,-0.20760858,-0.07108241,0.540636,0.14113432,0.06792686,0.3865844,-0.04015265,-0.4732638,-0.20023964,-0.22233646,0.16348812,-0.05773903,-0.52202892,0.10241456,-1.30321455,-0.16633566,-0.40836146,-1.2097615,-0.34379199,843100-0.56325746,0.0453957,-0.65265036,-0.30654979,-0.18026091,-0.21301992,-0.07045713,0.54023302,0.14263171,0.06786029,0.38202411,-0.04195054,-0.46516991,-0.201189,-0.21995714,0.17024982,-0.05973249,-0.53029919,0.10568966,-1.29554379,-0.15555736,-0.40585655,-1.2097615,-0.34447068,843200-0.56787193,0.04333733,-0.65592909,-0.31018108,-0.1737508,-0.21471511,-0.06755233,0.53764743,0.14470369,0.06992306,0.38356006,-0.03560544,-0.46465909,-0.20341095,-0.22500616,0.17275591,-0.05537267,-0.53348893,0.10752825,-1.29103041,-0.15710196,-0.40367302,-1.2097615,-0.34774947,843300-0.56817079,0.04455224,-0.65638298,-0.3099497,-0.17614305,-0.21724609,-0.06911324,0.54283953,0.14774765,0.07545365,0.38950571,-0.03260419,-0.46016058,-0.19724283,-0.23106571,0.17056149,-0.04724604,-0.53905308,0.10474269,-1.2882961,-0.15616882,-0.40371248,-1.2097615,-0.35873321,843400-0.56724828,0.04447883,-0.65431935,-0.3080416,-0.17362025,-0.22042403,-0.0681332,0.54370326,0.14902942,0.07163154,0.38908756,-0.03259837,-0.44931787,-0.19757049,-0.22506058,0.16734707,-0.04200625,-0.55109471,0.10080543,-1.28062892,-0.15493651,-0.40493649,-1.2097615,-0.3572233,843500-0.56782365,0.04533087,-0.65984136,-0.30820718,-0.17589569,-0.22404243,-0.06932393,0.54188597,0.14703345,0.07126743,0.3905296,-0.02728082,-0.46565488,-0.19634502,-0.22269653,0.17467439,-0.03925107,-0.54756927,0.10920236,-1.27649987,-0.16110681,-0.40355042,-1.2097615,-0.35268697,843600-0.56830984,0.04988414,-0.66096932,-0.30789652,-0.17250885,-0.22328116,-0.07073496,0.54840392,0.14906251,0.07123575,0.3893083,-0.02815874,-0.46388608,-0.2036636,-0.22185689,0.17402637,-0.04637686,-0.55659884,0.10885389,-1.27296519,-0.15490705,-0.40177542,-1.2097615,-0.35126474,843700-0.56771046,0.04986301,-0.66226286,-0.30642864,-0.17547759,-0.22084874,-0.06956203,0.54827166,0.15140332,0.06991187,0.39239404,-0.02421511,-0.46612567,-0.1987841,-0.21543068,0.1753995,-0.03843089,-0.57249051,0.11321995,-1.26328337,-0.14843372,-0.39970452,-1.2097615,-0.34884819,843800-0.57118654,0.04875153,-0.66357923,-0.30777562,-0.17153163,-0.22128561,-0.06815656,0.54852879,0.15137561,0.06929956,0.39852399,-0.02448426,-0.46181902,-0.19397452,-0.21313427,0.17545615,-0.03671727,-0.57140315,0.11435773,-1.25346863,-0.15760982,-0.39847964,-1.2097615,-0.35025486,843900-0.5755868,0.04083645,-0.67138767,-0.3117629,-0.16916373,-0.22733136,-0.06820617,0.55029094,0.15099008,0.07815979,0.40708724,-0.01178748,-0.45051181,-0.19322027,-0.21207975,0.17816401,-0.03733921,-0.56924778,0.1167853,-1.2527324,-0.15428768,-0.39900786,-1.2097615,-0.35245875,844000-0.57526839,0.0429777,-0.67026496,-0.31050026,-0.16469038,-0.2316944,-0.06238175,0.55225265,0.15255807,0.08580478,0.40468338,-0.00644938,-0.45276299,-0.19433644,-0.21722224,0.18239547,-0.03786844,-0.56563634,0.11338008,-1.25101614,-0.14891157,-0.40122288,-1.2097615,-0.3583267,844100-0.5791887,0.04582668,-0.67657465,-0.31412441,-0.16008623,-0.23381074,-0.06147567,0.55406868,0.15640128,0.09118699,0.41436049,-0.00245291,-0.44974595,-0.18508327,-0.21779975,0.18124612,-0.03470967,-0.59444731,0.11562331,-1.2398752,-0.16589855,-0.40287909,-1.2097615,-0.35891259,844200-0.58444387,0.04197998,-0.6803143,-0.31678778,-0.15979782,-0.23954494,-0.06323002,0.5557273,0.16224746,0.09873679,0.40400571,0.00070674,-0.45812082,-0.18874756,-0.21943632,0.17551936,-0.03062111,-0.61954188,0.11188067,-1.23405802,-0.16421899,-0.40190557,-1.2097615,-0.35940045,844300-0.58485103,0.04281897,-0.68002999,-0.31571725,-0.16009614,-0.23573141,-0.0629214,0.56168592,0.16548063,0.10461908,0.40049496,0.0047706,-0.46466538,-0.18503751,-0.21924563,0.17802657,-0.02744523,-0.61296684,0.11218887,-1.23152113,-0.16106462,-0.40077192,-1.2097615,-0.35639089,844400-0.58186376,0.04386155,-0.67860639,-0.3148514,-0.16002193,-0.23320551,-0.05958609,0.56252831,0.1677711,0.10251124,0.40556428,0.00119963,-0.45852584,-0.18114328,-0.2186543,0.17930412,-0.02814703,-0.60828286,0.11640929,-1.22898924,-0.16278787,-0.39812407,-1.2097615,-0.35957345,844500-0.57822579,0.04027537,-0.6745342,-0.31608886,-0.16215332,-0.23363258,-0.05830682,0.56094414,0.16886459,0.09560275,0.40712693,0.00326473,-0.46726915,-0.17680825,-0.21531729,0.18039964,-0.02730715,-0.60814369,0.11540514,-1.2303952,-0.17531033,-0.39686215,-1.2097615,-0.35555997,844600-0.57914686,0.03595186,-0.67612445,-0.32214245,-0.15837243,-0.23461866,-0.06496254,0.56248093,0.16579793,0.0938319,0.42179629,0.0091046,-0.45535719,-0.17676383,-0.21592115,0.18369421,-0.0282363,-0.62159854,0.12374219,-1.23288965,-0.16313879,-0.40003085,-1.2097615,-0.35797319,844700-0.58307838,0.03846595,-0.67700785,-0.32303596,-0.15913455,-0.23357609,-0.05963561,0.56480271,0.16358545,0.09328267,0.42007601,0.00619332,-0.44300541,-0.18300211,-0.21177678,0.18742529,-0.02626281,-0.60878408,0.1273886,-1.23341334,-0.16055347,-0.40408164,-1.2097615,-0.36239284,844800-0.58194321,0.04393493,-0.67726684,-0.3213152,-0.1630965,-0.23521858,-0.06127936,0.56602949,0.16575126,0.08991832,0.41178161,0.00144242,-0.45118868,-0.1777118,-0.21449848,0.19046558,-0.02566,-0.61037982,0.12833595,-1.23284936,-0.16390602,-0.4072814,-1.2097615,-0.3669242,844900-0.57677048,0.04064658,-0.67723197,-0.32349792,-0.16232632,-0.23363949,-0.05766304,0.56667244,0.17055365,0.08707967,0.41508952,0.00238461,-0.45055839,-0.18684198,-0.21364661,0.18970872,-0.0312364,-0.60703903,0.13236071,-1.23180282,-0.16502325,-0.40698469,-1.2097615,-0.36348054,845000-0.57832992,0.0375081,-0.67905504,-0.3232289,-0.16262689,-0.24059616,-0.06053987,0.56801838,0.17181642,0.08596421,0.42057827,0.00173487,-0.45395505,-0.18011393,-0.21483827,0.18844587,-0.03313424,-0.6085276,0.12740883,-1.23284936,-0.17084132,-0.40447509,-1.2097615,-0.3617385,845100-0.57887828,0.0369575,-0.68033487,-0.32294634,-0.16440533,-0.23844852,-0.05319846,0.56628036,0.17319483,0.08289749,0.41099989,-0.00096227,-0.44873783,-0.18537994,-0.21350065,0.18289156,-0.03087221,-0.60395652,0.1259785,-1.23567128,-0.16013667,-0.40284848,-1.2097615,-0.3626655,845200-0.57930046,0.02992691,-0.67872351,-0.32909456,-0.15291877,-0.24500275,-0.05042499,0.56613803,0.179994,0.08312199,0.426034,0.00475239,-0.45592779,-0.1809063,-0.21219361,0.17559196,-0.03331355,-0.59949553,0.11438166,-1.24624717,-0.16309416,-0.40058959,-1.2097615,-0.34793234,845300-0.5800004,0.0267209,-0.68086773,-0.336254,-0.1530159,-0.24938865,-0.0436657,0.57668966,0.18725857,0.0866592,0.42750001,0.01075372,-0.46136689,-0.17743227,-0.21800642,0.16910765,-0.03861657,-0.59057176,0.11133534,-1.25740206,-0.16454203,-0.40189767,-1.2097615,-0.36542356,845400-0.58070028,0.02904748,-0.6791656,-0.3360458,-0.15492812,-0.24967347,-0.05051666,0.58528787,0.18520378,0.0825826,0.43722787,0.00199216,-0.46053484,-0.18696135,-0.21934585,0.16570859,-0.03966099,-0.58974689,0.10985036,-1.25822306,-0.17017198,-0.40542614,-1.2097615,-0.37115777,845500-0.58095247,0.02695607,-0.68289852,-0.3356334,-0.15941511,-0.25484899,-0.05700708,0.58553225,0.1784094,0.08071444,0.44124368,-0.00332163,-0.46110603,-0.19047053,-0.21657488,0.1662759,-0.04043687,-0.60091996,0.11438358,-1.25678658,-0.17417021,-0.40834308,-1.2097615,-0.35789692,845600-0.58029264,0.0231335,-0.68543226,-0.33815533,-0.16376881,-0.25736624,-0.06006962,0.58131814,0.17514215,0.08090173,0.43733081,-0.01102798,-0.47006682,-0.19057506,-0.22132613,0.16790968,-0.03983491,-0.59704018,0.10914762,-1.25486028,-0.18691829,-0.4098883,-1.2097615,-0.35980886,845700-0.58277768,0.02667283,-0.6800763,-0.33608401,-0.16360074,-0.25600517,-0.05761366,0.5870176,0.17535642,0.07939115,0.42989972,-0.01427756,-0.46364355,-0.19228154,-0.21401413,0.16759342,-0.04516024,-0.60220677,0.1076711,-1.25060785,-0.17824738,-0.4100731,-1.2097615,-0.35901135,845800-0.58229607,0.02196247,-0.67931193,-0.33505851,-0.16938072,-0.2569505,-0.06004713,0.58567882,0.17334022,0.07738788,0.4265843,-0.01722166,-0.4572244,-0.19437461,-0.21626283,0.16848195,-0.04453758,-0.60295784,0.10393842,-1.24787557,-0.16537473,-0.41144663,-1.2097615,-0.36556455,845900-0.58367586,0.0151445,-0.68392086,-0.33962217,-0.17248999,-0.26069996,-0.06238458,0.5876528,0.1707885,0.0795214,0.43064746,-0.01479694,-0.46148968,-0.19505522,-0.21133725,0.16841476,-0.05238092,-0.61334282,0.09855213,-1.24624717,-0.1791333,-0.41762117,-1.2097615,-0.3784278,846000-0.58722955,0.01182101,-0.6878224,-0.34271649,-0.18108861,-0.25838,-0.06513471,0.59207147,0.16697881,0.08032406,0.43354958,-0.01815022,-0.47159967,-0.20115882,-0.20599189,0.16983576,-0.04989216,-0.62696159,0.09651864,-1.24165785,-0.20040247,-0.42741674,-1.2097615,-0.38585204,846100-0.58951581,0.01063468,-0.69050992,-0.34428412,-0.18797803,-0.25556016,-0.07251037,0.58423007,0.1601914,0.08124486,0.43846327,-0.02615632,-0.4675985,-0.19730943,-0.2095024,0.17605536,-0.05390251,-0.62139887,0.09921708,-1.23930848,-0.20688054,-0.43734801,-1.2097615,-0.39032763,846200-0.591196,0.00899688,-0.69114786,-0.3431493,-0.19083655,-0.2587094,-0.07209874,0.58128679,0.15370052,0.08040397,0.43894497,-0.02833693,-0.47398224,-0.20601101,-0.20210901,0.18554471,-0.04745585,-0.62710649,0.10348054,-1.23450148,-0.19526383,-0.4426108,-1.2097615,-0.39891952,846300-0.58952218,0.01231113,-0.68767983,-0.34075385,-0.19492,-0.25625202,-0.07610325,0.57935596,0.15615721,0.0786143,0.4292998,-0.04041358,-0.48079735,-0.20717107,-0.19930562,0.18982588,-0.04910369,-0.64357197,0.09596819,-1.23047566,-0.21643394,-0.44739982,-1.2097615,-0.4143618,846400-0.58885098,0.0052911,-0.6832996,-0.33521715,-0.21377936,-0.25381979,-0.0742075,0.58479649,0.15288123,0.07405775,0.41859189,-0.0474275,-0.48563752,-0.20085795,-0.19580433,0.18658057,-0.0502873,-0.64630079,0.09547385,-1.22722375,-0.21862045,-0.4526155,-1.2097615,-0.40513569,846500-0.58828783,0.00009901,-0.68408853,-0.3384023,-0.216058,-0.25572741,-0.0746506,0.58596694,0.15171117,0.07452259,0.42902064,-0.04651432,-0.47975525,-0.19879678,-0.19750312,0.18205923,-0.0483573,-0.64936578,0.09733803,-1.22454023,-0.22316079,-0.45634574,-1.2097615,-0.41811475,846600-0.59086025,-0.00719768,-0.68209976,-0.34336147,-0.22239812,-0.25462925,-0.08401836,0.59036142,0.1528229,0.07504825,0.43616837,-0.04518493,-0.48292035,-0.19574663,-0.20465003,0.1801323,-0.05084317,-0.65087295,0.09306951,-1.22490036,-0.23022714,-0.46441016,-1.2097615,-0.43590918,846700-0.58750999,-0.00881645,-0.67945004,-0.34267133,-0.22914043,-0.25468454,-0.08708763,0.59440941,0.15025282,0.0689147,0.42955557,-0.05339329,-0.48639846,-0.20548482,-0.20325412,0.1669652,-0.06355637,-0.65330034,0.09213883,-1.22078431,-0.25022298,-0.47186804,-1.2097615,-0.44328704,846800